25.929 -1.1059 -108.77 -1.0898 0.44239 1.71 -11.418 1.3808
30.911 -1.3003 -332.01 -1.2968 0.95234 2.0341 -34.81 4.229
90.237 -3.7163 -856.24 -3.7682 3.5647 5.9114 -89.942 10.926
-112.96 6.0371 94.933 5.0028 7.5343 -7.8435 8.6118 -0.40731
-37.098 2.5373 -7.4257 1.7602 -19.509 -2.7562 -0.79694 0.086752
-105.28 5.7318 -119.19 4.6836 7.6763 -7.3434 -11.228 0.69286
24.62 -1.08 947.72 -1.0329 2.436 1.6259 99.508 -12.095
33.707 -1.4622 175.85 -1.4194 0.8323 2.2287 18.644 -2.185
25.27 -1.0899 38.396 -1.0635 0.43281 1.6694 4.1413 -0.45542
12.448 -0.54945 111.28 -0.52582 0.18694 0.82578 11.629 -1.4266
9.9798 -0.43033 -1.7028 -0.42011 0.13982 0.65939 -0.13407 0.034688
27.997 -1.211 -61.945 -1.1798 0.47688 1.8515 -6.6083 0.75168
70.218 -3.0374 -110.62 -2.9588 1.0176 4.6434 -12.017 1.2751
81.3 -3.6047 -422.11 -3.4465 2.2648 5.407 -45.824 4.8542
-206.08 8.0107 403.87 8.4933 -4.0016 -13.333 36.546 -7.0057
-197.36 7.9611 8.3887 8.1923 -5.4052 -12.861 0.77293 -0.13931
-184.74 7.1709 -439.67 7.6063 -3.5594 -11.944 -40.451 7.4107
66.109 -3.0264 347.72 -2.8172 1.8457 4.4226 38.189 -3.8622
52.542 -2.3106 190.19 -2.2198 0.85645 3.4848 20.319 -2.2959
24.293 -1.0629 45.944 -1.0255 0.39452 1.6098 4.973 -0.53524
20.241 -0.87567 -18.374 -0.85279 0.30354 1.3384 -1.7833 0.27678
9.227 -0.39965 -12.411 -0.38888 0.14905 0.61031 -1.2371 0.1771
-8.3994 0.51519 -0.91254 0.34005 -0.093425 -0.57325 -0.098647 0.010597
-4.9879 0.056294 -0.55443 0.19222 -0.080641 -0.34485 -0.059891 0.0064493
