-1.026997427984202432e-01
-3.189328564763381224e-01
-1.533897612624117501e+00
0.000000000000000000e+00
-9.757710026740140652e-01
0.000000000000000000e+00
-1.549051929217156509e+00
-3.140286777910430982e-01
-9.601496445068827268e-02
-4.738592065591016450e-02
-2.000357176247687802e-02
-2.345972006100766755e-02
-3.826170534210371343e-02
3.631469245744729790e-02
1.477805354850020736e+00
1.170953391705586544e+00
1.482188375016467052e+00
4.601819518331327907e-02
-4.021806293091635676e-02
-2.215680591627314927e-02
-1.486493653521002607e-02
-7.623560533881018966e-03
1.609196883216221785e-01
3.545266784458819265e-01
1.072184533812372109e+00
0.000000000000000000e+00
4.677076898642168468e-01
0.000000000000000000e+00
1.076503249709368726e+00
3.500050193112863584e-01
1.581353701976412340e-01
1.024096573364393914e-01
5.245299512732005259e-02
1.317650694802288136e-01
2.534428389380927737e-01
5.460948941851757610e-01
9.004757934415290599e-01
3.558582947783606176e-01
8.976440362947555318e-01
5.443385625141664574e-01
2.554933661272109635e-01
1.290619110853391815e-01
8.966636529020961810e-02
4.812325982236808491e-02
-3.428350453370336837e-01
-1.034906512813098090e+00
-3.971811979027633832e+00
0.000000000000000000e+00
-5.877935768736908262e-03
0.000000000000000000e+00
3.953906985925605078e+00
1.005078649888659026e+00
3.507953501020876774e-01
1.905832948441726071e-01
7.932955981182746030e-02
-2.750186512234693015e-01
-6.918574488324067406e-01
-1.755729445262396826e+00
-2.923480034040843112e+00
1.395396495203121701e-02
2.912481055154948262e+00
1.745074634920580792e+00
6.739130439407757800e-01
2.742892343992926474e-01
1.620656543658995363e-01
7.170173049636410778e-02
0.000000000000000000e+00
0.000000000000000000e+00
0.000000000000000000e+00
0.000000000000000000e+00
0.000000000000000000e+00
0.000000000000000000e+00
0.000000000000000000e+00
0.000000000000000000e+00
0.000000000000000000e+00
0.000000000000000000e+00
0.000000000000000000e+00
0.000000000000000000e+00
0.000000000000000000e+00
0.000000000000000000e+00
0.000000000000000000e+00
0.000000000000000000e+00
0.000000000000000000e+00
0.000000000000000000e+00
0.000000000000000000e+00
0.000000000000000000e+00
0.000000000000000000e+00
0.000000000000000000e+00
1.134387939809815421e-01
3.232490139594604295e-01
1.414293660413174170e+00
0.000000000000000000e+00
-8.296570443972888231e-01
0.000000000000000000e+00
1.426449205395019071e+00
3.159274913637891702e-01
1.082508724311620485e-01
5.776669483825980222e-02
2.616192466251043500e-02
5.781768758619447446e-02
1.175397866998996316e-01
2.074273449263996927e-01
-6.332160001329244503e-01
-6.873808580022577885e-01
-6.377161114789750007e-01
1.983348575612312592e-01
1.206039807563577954e-01
5.545529482524080150e-02
3.573827279678590263e-02
1.807828449849204974e-02
0.000000000000000000e+00
0.000000000000000000e+00
0.000000000000000000e+00
0.000000000000000000e+00
0.000000000000000000e+00
0.000000000000000000e+00
0.000000000000000000e+00
0.000000000000000000e+00
0.000000000000000000e+00
0.000000000000000000e+00
0.000000000000000000e+00
0.000000000000000000e+00
0.000000000000000000e+00
0.000000000000000000e+00
0.000000000000000000e+00
0.000000000000000000e+00
0.000000000000000000e+00
0.000000000000000000e+00
0.000000000000000000e+00
0.000000000000000000e+00
0.000000000000000000e+00
0.000000000000000000e+00
0.000000000000000000e+00
0.000000000000000000e+00
0.000000000000000000e+00
0.000000000000000000e+00
0.000000000000000000e+00
0.000000000000000000e+00
0.000000000000000000e+00
0.000000000000000000e+00
0.000000000000000000e+00
0.000000000000000000e+00
0.000000000000000000e+00
0.000000000000000000e+00
0.000000000000000000e+00
0.000000000000000000e+00
0.000000000000000000e+00
0.000000000000000000e+00
0.000000000000000000e+00
0.000000000000000000e+00
0.000000000000000000e+00
0.000000000000000000e+00
0.000000000000000000e+00
0.000000000000000000e+00
0.000000000000000000e+00
0.000000000000000000e+00
0.000000000000000000e+00
0.000000000000000000e+00
0.000000000000000000e+00
0.000000000000000000e+00
0.000000000000000000e+00
0.000000000000000000e+00
0.000000000000000000e+00
0.000000000000000000e+00
0.000000000000000000e+00
0.000000000000000000e+00
0.000000000000000000e+00
0.000000000000000000e+00
0.000000000000000000e+00
0.000000000000000000e+00
0.000000000000000000e+00
0.000000000000000000e+00
0.000000000000000000e+00
0.000000000000000000e+00
0.000000000000000000e+00
0.000000000000000000e+00
