-0.011567 -0.011567 -0.011567 -0.011567 -0.011567 -0.011567 -0.011567 -0.011567 -0.011567 -0.011567 -0.011567 -0.011567 -0.011567 -0.011567 -0.011567 -0.011567 -0.011567 -0.011567 -0.011567 -0.011567 -0.011567 -0.011567 -0.011567 -0.011567 -0.011567
-0.0015854 -0.0015854 -0.0015854 -0.0015854 -0.0015854 -0.0015854 -0.0015854 -0.0015854 -0.0015854 -0.0015854 -0.0015854 -0.0015854 -0.0015854 -0.0015854 -0.0015854 -0.0015854 -0.0015854 -0.0015854 -0.0015854 -0.0015854 -0.0015854 -0.0015854 -0.0015854 -0.0015854 -0.0015854
0.16168 0.16168 0.16168 0.16168 0.16168 0.16168 0.16168 0.16168 0.16168 0.16168 0.16168 0.16168 0.16168 0.16168 0.16168 0.16168 0.16168 0.16168 0.16168 0.16168 0.16168 0.16168 0.16168 0.16168 0.16168
2.1965 2.1965 2.1965 2.1965 2.1965 2.1965 2.1965 2.1965 2.1965 2.1965 2.1965 2.1965 2.1965 2.1965 2.1965 2.1965 2.1965 2.1965 2.1965 2.1965 2.1965 2.1965 2.1965 2.1965 2.1965
1.6073 1.6073 1.6073 1.6073 1.6073 1.6073 1.6073 1.6073 1.6073 1.6073 1.6073 1.6073 1.6073 1.6073 1.6073 1.6073 1.6073 1.6073 1.6073 1.6073 1.6073 1.6073 1.6073 1.6073 1.6073
2.1933 2.1933 2.1933 2.1933 2.1933 2.1933 2.1933 2.1933 2.1933 2.1933 2.1933 2.1933 2.1933 2.1933 2.1933 2.1933 2.1933 2.1933 2.1933 2.1933 2.1933 2.1933 2.1933 2.1933 2.1933
0.16467 0.16467 0.16467 0.16467 0.16467 0.16467 0.16467 0.16467 0.16467 0.16467 0.16467 0.16467 0.16467 0.16467 0.16467 0.16467 0.16467 0.16467 0.16467 0.16467 0.16467 0.16467 0.16467 0.16467 0.16467
-0.0028568 -0.0028568 -0.0028568 -0.0028568 -0.0028568 -0.0028568 -0.0028568 -0.0028568 -0.0028568 -0.0028568 -0.0028568 -0.0028568 -0.0028568 -0.0028568 -0.0028568 -0.0028568 -0.0028568 -0.0028568 -0.0028568 -0.0028568 -0.0028568 -0.0028568 -0.0028568 -0.0028568 -0.0028568
-0.011665 -0.011665 -0.011665 -0.011665 -0.011665 -0.011665 -0.011665 -0.011665 -0.011665 -0.011665 -0.011665 -0.011665 -0.011665 -0.011665 -0.011665 -0.011665 -0.011665 -0.011665 -0.011665 -0.011665 -0.011665 -0.011665 -0.011665 -0.011665 -0.011665
-0.011959 -0.011959 -0.011959 -0.011959 -0.011959 -0.011959 -0.011959 -0.011959 -0.011959 -0.011959 -0.011959 -0.011959 -0.011959 -0.011959 -0.011959 -0.011959 -0.011959 -0.011959 -0.011959 -0.011959 -0.011959 -0.011959 -0.011959 -0.011959 -0.011959
-0.0071356 -0.0071356 -0.0071356 -0.0071356 -0.0071356 -0.0071356 -0.0071356 -0.0071356 -0.0071356 -0.0071356 -0.0071356 -0.0071356 -0.0071356 -0.0071356 -0.0071356 -0.0071356 -0.0071356 -0.0071356 -0.0071356 -0.0071356 -0.0071356 -0.0071356 -0.0071356 -0.0071356 -0.0071356
-0.044624 -0.044624 -0.044624 -0.044624 -0.044624 -0.044624 -0.044624 -0.044624 -0.044624 -0.044624 -0.044624 -0.044624 -0.044624 -0.044624 -0.044624 -0.044624 -0.044624 -0.044624 -0.044624 -0.044624 -0.044624 -0.044624 -0.044624 -0.044624 -0.044624
-0.10377 -0.10377 -0.10377 -0.10377 -0.10377 -0.10377 -0.10377 -0.10377 -0.10377 -0.10377 -0.10377 -0.10377 -0.10377 -0.10377 -0.10377 -0.10377 -0.10377 -0.10377 -0.10377 -0.10377 -0.10377 -0.10377 -0.10377 -0.10377 -0.10377
-0.32916 -0.32916 -0.32916 -0.32916 -0.32916 -0.32916 -0.32916 -0.32916 -0.32916 -0.32916 -0.32916 -0.32916 -0.32916 -0.32916 -0.32916 -0.32916 -0.32916 -0.32916 -0.32916 -0.32916 -0.32916 -0.32916 -0.32916 -0.32916 -0.32916
-1.2803 -1.2803 -1.2803 -1.2803 -1.2803 -1.2803 -1.2803 -1.2803 -1.2803 -1.2803 -1.2803 -1.2803 -1.2803 -1.2803 -1.2803 -1.2803 -1.2803 -1.2803 -1.2803 -1.2803 -1.2803 -1.2803 -1.2803 -1.2803 -1.2803
-0.78029 -0.78029 -0.78029 -0.78029 -0.78029 -0.78029 -0.78029 -0.78029 -0.78029 -0.78029 -0.78029 -0.78029 -0.78029 -0.78029 -0.78029 -0.78029 -0.78029 -0.78029 -0.78029 -0.78029 -0.78029 -0.78029 -0.78029 -0.78029 -0.78029
-1.2815 -1.2815 -1.2815 -1.2815 -1.2815 -1.2815 -1.2815 -1.2815 -1.2815 -1.2815 -1.2815 -1.2815 -1.2815 -1.2815 -1.2815 -1.2815 -1.2815 -1.2815 -1.2815 -1.2815 -1.2815 -1.2815 -1.2815 -1.2815 -1.2815
-0.3305 -0.3305 -0.3305 -0.3305 -0.3305 -0.3305 -0.3305 -0.3305 -0.3305 -0.3305 -0.3305 -0.3305 -0.3305 -0.3305 -0.3305 -0.3305 -0.3305 -0.3305 -0.3305 -0.3305 -0.3305 -0.3305 -0.3305 -0.3305 -0.3305
-0.10366 -0.10366 -0.10366 -0.10366 -0.10366 -0.10366 -0.10366 -0.10366 -0.10366 -0.10366 -0.10366 -0.10366 -0.10366 -0.10366 -0.10366 -0.10366 -0.10366 -0.10366 -0.10366 -0.10366 -0.10366 -0.10366 -0.10366 -0.10366 -0.10366
-0.04418 -0.04418 -0.04418 -0.04418 -0.04418 -0.04418 -0.04418 -0.04418 -0.04418 -0.04418 -0.04418 -0.04418 -0.04418 -0.04418 -0.04418 -0.04418 -0.04418 -0.04418 -0.04418 -0.04418 -0.04418 -0.04418 -0.04418 -0.04418 -0.04418
-0.027081 -0.027081 -0.027081 -0.027081 -0.027081 -0.027081 -0.027081 -0.027081 -0.027081 -0.027081 -0.027081 -0.027081 -0.027081 -0.027081 -0.027081 -0.027081 -0.027081 -0.027081 -0.027081 -0.027081 -0.027081 -0.027081 -0.027081 -0.027081 -0.027081
-0.013863 -0.013863 -0.013863 -0.013863 -0.013863 -0.013863 -0.013863 -0.013863 -0.013863 -0.013863 -0.013863 -0.013863 -0.013863 -0.013863 -0.013863 -0.013863 -0.013863 -0.013863 -0.013863 -0.013863 -0.013863 -0.013863 -0.013863 -0.013863 -0.013863
0.46608 0.46608 0.46608 0.46608 0.46608 0.46608 0.46608 0.46608 0.46608 0.46608 0.46608 0.46608 0.46608 0.46608 0.46608 0.46608 0.46608 0.46608 0.46608 0.46608 0.46608 0.46608 0.46608 0.46608 0.46608
-0.0069511 -0.0069511 -0.0069511 -0.0069511 -0.0069511 -0.0069511 -0.0069511 -0.0069511 -0.0069511 -0.0069511 -0.0069511 -0.0069511 -0.0069511 -0.0069511 -0.0069511 -0.0069511 -0.0069511 -0.0069511 -0.0069511 -0.0069511 -0.0069511 -0.0069511 -0.0069511 -0.0069511 -0.0069511
-0.0074188 -0.0074188 -0.0074188 -0.0074188 -0.0074188 -0.0074188 -0.0074188 -0.0074188 -0.0074188 -0.0074188 -0.0074188 -0.0074188 -0.0074188 -0.0074188 -0.0074188 -0.0074188 -0.0074188 -0.0074188 -0.0074188 -0.0074188 -0.0074188 -0.0074188 -0.0074188 -0.0074188 -0.0074188
0.027019 0.027019 0.027019 0.027019 0.027019 0.027019 0.027019 0.027019 0.027019 0.027019 0.027019 0.027019 0.027019 0.027019 0.027019 0.027019 0.027019 0.027019 0.027019 0.027019 0.027019 0.027019 0.027019 0.027019 0.027019
0.56653 0.56653 0.56653 0.56653 0.56653 0.56653 0.56653 0.56653 0.56653 0.56653 0.56653 0.56653 0.56653 0.56653 0.56653 0.56653 0.56653 0.56653 0.56653 0.56653 0.56653 0.56653 0.56653 0.56653 0.56653
0.43082 0.43082 0.43082 0.43082 0.43082 0.43082 0.43082 0.43082 0.43082 0.43082 0.43082 0.43082 0.43082 0.43082 0.43082 0.43082 0.43082 0.43082 0.43082 0.43082 0.43082 0.43082 0.43082 0.43082 0.43082
0.56489 0.56489 0.56489 0.56489 0.56489 0.56489 0.56489 0.56489 0.56489 0.56489 0.56489 0.56489 0.56489 0.56489 0.56489 0.56489 0.56489 0.56489 0.56489 0.56489 0.56489 0.56489 0.56489 0.56489 0.56489
0.028001 0.028001 0.028001 0.028001 0.028001 0.028001 0.028001 0.028001 0.028001 0.028001 0.028001 0.028001 0.028001 0.028001 0.028001 0.028001 0.028001 0.028001 0.028001 0.028001 0.028001 0.028001 0.028001 0.028001 0.028001
-0.0079062 -0.0079062 -0.0079062 -0.0079062 -0.0079062 -0.0079062 -0.0079062 -0.0079062 -0.0079062 -0.0079062 -0.0079062 -0.0079062 -0.0079062 -0.0079062 -0.0079062 -0.0079062 -0.0079062 -0.0079062 -0.0079062 -0.0079062 -0.0079062 -0.0079062 -0.0079062 -0.0079062 -0.0079062
-0.0069919 -0.0069919 -0.0069919 -0.0069919 -0.0069919 -0.0069919 -0.0069919 -0.0069919 -0.0069919 -0.0069919 -0.0069919 -0.0069919 -0.0069919 -0.0069919 -0.0069919 -0.0069919 -0.0069919 -0.0069919 -0.0069919 -0.0069919 -0.0069919 -0.0069919 -0.0069919 -0.0069919 -0.0069919
-0.0060613 -0.0060613 -0.0060613 -0.0060613 -0.0060613 -0.0060613 -0.0060613 -0.0060613 -0.0060613 -0.0060613 -0.0060613 -0.0060613 -0.0060613 -0.0060613 -0.0060613 -0.0060613 -0.0060613 -0.0060613 -0.0060613 -0.0060613 -0.0060613 -0.0060613 -0.0060613 -0.0060613 -0.0060613
-0.0035586 -0.0035586 -0.0035586 -0.0035586 -0.0035586 -0.0035586 -0.0035586 -0.0035586 -0.0035586 -0.0035586 -0.0035586 -0.0035586 -0.0035586 -0.0035586 -0.0035586 -0.0035586 -0.0035586 -0.0035586 -0.0035586 -0.0035586 -0.0035586 -0.0035586 -0.0035586 -0.0035586 -0.0035586
-0.018478 -0.018478 -0.018478 -0.018478 -0.018478 -0.018478 -0.018478 -0.018478 -0.018478 -0.018478 -0.018478 -0.018478 -0.018478 -0.018478 -0.018478 -0.018478 -0.018478 -0.018478 -0.018478 -0.018478 -0.018478 -0.018478 -0.018478 -0.018478 -0.018478
-0.042133 -0.042133 -0.042133 -0.042133 -0.042133 -0.042133 -0.042133 -0.042133 -0.042133 -0.042133 -0.042133 -0.042133 -0.042133 -0.042133 -0.042133 -0.042133 -0.042133 -0.042133 -0.042133 -0.042133 -0.042133 -0.042133 -0.042133 -0.042133 -0.042133
-0.13021 -0.13021 -0.13021 -0.13021 -0.13021 -0.13021 -0.13021 -0.13021 -0.13021 -0.13021 -0.13021 -0.13021 -0.13021 -0.13021 -0.13021 -0.13021 -0.13021 -0.13021 -0.13021 -0.13021 -0.13021 -0.13021 -0.13021 -0.13021 -0.13021
-0.47909 -0.47909 -0.47909 -0.47909 -0.47909 -0.47909 -0.47909 -0.47909 -0.47909 -0.47909 -0.47909 -0.47909 -0.47909 -0.47909 -0.47909 -0.47909 -0.47909 -0.47909 -0.47909 -0.47909 -0.47909 -0.47909 -0.47909 -0.47909 -0.47909
-0.28608 -0.28608 -0.28608 -0.28608 -0.28608 -0.28608 -0.28608 -0.28608 -0.28608 -0.28608 -0.28608 -0.28608 -0.28608 -0.28608 -0.28608 -0.28608 -0.28608 -0.28608 -0.28608 -0.28608 -0.28608 -0.28608 -0.28608 -0.28608 -0.28608
-0.47952 -0.47952 -0.47952 -0.47952 -0.47952 -0.47952 -0.47952 -0.47952 -0.47952 -0.47952 -0.47952 -0.47952 -0.47952 -0.47952 -0.47952 -0.47952 -0.47952 -0.47952 -0.47952 -0.47952 -0.47952 -0.47952 -0.47952 -0.47952 -0.47952
-0.13057 -0.13057 -0.13057 -0.13057 -0.13057 -0.13057 -0.13057 -0.13057 -0.13057 -0.13057 -0.13057 -0.13057 -0.13057 -0.13057 -0.13057 -0.13057 -0.13057 -0.13057 -0.13057 -0.13057 -0.13057 -0.13057 -0.13057 -0.13057 -0.13057
-0.042117 -0.042117 -0.042117 -0.042117 -0.042117 -0.042117 -0.042117 -0.042117 -0.042117 -0.042117 -0.042117 -0.042117 -0.042117 -0.042117 -0.042117 -0.042117 -0.042117 -0.042117 -0.042117 -0.042117 -0.042117 -0.042117 -0.042117 -0.042117 -0.042117
-0.018327 -0.018327 -0.018327 -0.018327 -0.018327 -0.018327 -0.018327 -0.018327 -0.018327 -0.018327 -0.018327 -0.018327 -0.018327 -0.018327 -0.018327 -0.018327 -0.018327 -0.018327 -0.018327 -0.018327 -0.018327 -0.018327 -0.018327 -0.018327 -0.018327
-0.011418 -0.011418 -0.011418 -0.011418 -0.011418 -0.011418 -0.011418 -0.011418 -0.011418 -0.011418 -0.011418 -0.011418 -0.011418 -0.011418 -0.011418 -0.011418 -0.011418 -0.011418 -0.011418 -0.011418 -0.011418 -0.011418 -0.011418 -0.011418 -0.011418
-0.0058572 -0.0058572 -0.0058572 -0.0058572 -0.0058572 -0.0058572 -0.0058572 -0.0058572 -0.0058572 -0.0058572 -0.0058572 -0.0058572 -0.0058572 -0.0058572 -0.0058572 -0.0058572 -0.0058572 -0.0058572 -0.0058572 -0.0058572 -0.0058572 -0.0058572 -0.0058572 -0.0058572 -0.0058572
1.2187 1.2187 1.2187 1.2187 1.2187 1.2187 1.2187 1.2187 1.2187 1.2187 1.2187 1.2187 1.2187 1.2187 1.2187 1.2187 1.2187 1.2187 1.2187 1.2187 1.2187 1.2187 1.2187 1.2187 1.2187
0.038507 0.038507 0.038507 0.038507 0.038507 0.038507 0.038507 0.038507 0.038507 0.038507 0.038507 0.038507 0.038507 0.038507 0.038507 0.038507 0.038507 0.038507 0.038507 0.038507 0.038507 0.038507 0.038507 0.038507 0.038507
0.12906 0.12906 0.12906 0.12906 0.12906 0.12906 0.12906 0.12906 0.12906 0.12906 0.12906 0.12906 0.12906 0.12906 0.12906 0.12906 0.12906 0.12906 0.12906 0.12906 0.12906 0.12906 0.12906 0.12906 0.12906
0.85104 0.85104 0.85104 0.85104 0.85104 0.85104 0.85104 0.85104 0.85104 0.85104 0.85104 0.85104 0.85104 0.85104 0.85104 0.85104 0.85104 0.85104 0.85104 0.85104 0.85104 0.85104 0.85104 0.85104 0.85104
5.8007 5.8007 5.8007 5.8007 5.8007 5.8007 5.8007 5.8007 5.8007 5.8007 5.8007 5.8007 5.8007 5.8007 5.8007 5.8007 5.8007 5.8007 5.8007 5.8007 5.8007 5.8007 5.8007 5.8007 5.8007
-0.022389 -0.022389 -0.022389 -0.022389 -0.022389 -0.022389 -0.022389 -0.022389 -0.022389 -0.022389 -0.022389 -0.022389 -0.022389 -0.022389 -0.022389 -0.022389 -0.022389 -0.022389 -0.022389 -0.022389 -0.022389 -0.022389 -0.022389 -0.022389 -0.022389
-5.7845 -5.7845 -5.7845 -5.7845 -5.7845 -5.7845 -5.7845 -5.7845 -5.7845 -5.7845 -5.7845 -5.7845 -5.7845 -5.7845 -5.7845 -5.7845 -5.7845 -5.7845 -5.7845 -5.7845 -5.7845 -5.7845 -5.7845 -5.7845 -5.7845
-0.8404 -0.8404 -0.8404 -0.8404 -0.8404 -0.8404 -0.8404 -0.8404 -0.8404 -0.8404 -0.8404 -0.8404 -0.8404 -0.8404 -0.8404 -0.8404 -0.8404 -0.8404 -0.8404 -0.8404 -0.8404 -0.8404 -0.8404 -0.8404 -0.8404
-0.13043 -0.13043 -0.13043 -0.13043 -0.13043 -0.13043 -0.13043 -0.13043 -0.13043 -0.13043 -0.13043 -0.13043 -0.13043 -0.13043 -0.13043 -0.13043 -0.13043 -0.13043 -0.13043 -0.13043 -0.13043 -0.13043 -0.13043 -0.13043 -0.13043
-0.041771 -0.041771 -0.041771 -0.041771 -0.041771 -0.041771 -0.041771 -0.041771 -0.041771 -0.041771 -0.041771 -0.041771 -0.041771 -0.041771 -0.041771 -0.041771 -0.041771 -0.041771 -0.041771 -0.041771 -0.041771 -0.041771 -0.041771 -0.041771 -0.041771
-0.01857 -0.01857 -0.01857 -0.01857 -0.01857 -0.01857 -0.01857 -0.01857 -0.01857 -0.01857 -0.01857 -0.01857 -0.01857 -0.01857 -0.01857 -0.01857 -0.01857 -0.01857 -0.01857 -0.01857 -0.01857 -0.01857 -0.01857 -0.01857 -0.01857
-0.010464 -0.010464 -0.010464 -0.010464 -0.010464 -0.010464 -0.010464 -0.010464 -0.010464 -0.010464 -0.010464 -0.010464 -0.010464 -0.010464 -0.010464 -0.010464 -0.010464 -0.010464 -0.010464 -0.010464 -0.010464 -0.010464 -0.010464 -0.010464 -0.010464
0.050474 0.050474 0.050474 0.050474 0.050474 0.050474 0.050474 0.050474 0.050474 0.050474 0.050474 0.050474 0.050474 0.050474 0.050474 0.050474 0.050474 0.050474 0.050474 0.050474 0.050474 0.050474 0.050474 0.050474 0.050474
0.14895 0.14895 0.14895 0.14895 0.14895 0.14895 0.14895 0.14895 0.14895 0.14895 0.14895 0.14895 0.14895 0.14895 0.14895 0.14895 0.14895 0.14895 0.14895 0.14895 0.14895 0.14895 0.14895 0.14895 0.14895
0.54927 0.54927 0.54927 0.54927 0.54927 0.54927 0.54927 0.54927 0.54927 0.54927 0.54927 0.54927 0.54927 0.54927 0.54927 0.54927 0.54927 0.54927 0.54927 0.54927 0.54927 0.54927 0.54927 0.54927 0.54927
1.185 1.185 1.185 1.185 1.185 1.185 1.185 1.185 1.185 1.185 1.185 1.185 1.185 1.185 1.185 1.185 1.185 1.185 1.185 1.185 1.185 1.185 1.185 1.185 1.185
-0.0089569 -0.0089569 -0.0089569 -0.0089569 -0.0089569 -0.0089569 -0.0089569 -0.0089569 -0.0089569 -0.0089569 -0.0089569 -0.0089569 -0.0089569 -0.0089569 -0.0089569 -0.0089569 -0.0089569 -0.0089569 -0.0089569 -0.0089569 -0.0089569 -0.0089569 -0.0089569 -0.0089569 -0.0089569
-1.1909 -1.1909 -1.1909 -1.1909 -1.1909 -1.1909 -1.1909 -1.1909 -1.1909 -1.1909 -1.1909 -1.1909 -1.1909 -1.1909 -1.1909 -1.1909 -1.1909 -1.1909 -1.1909 -1.1909 -1.1909 -1.1909 -1.1909 -1.1909 -1.1909
-0.54876 -0.54876 -0.54876 -0.54876 -0.54876 -0.54876 -0.54876 -0.54876 -0.54876 -0.54876 -0.54876 -0.54876 -0.54876 -0.54876 -0.54876 -0.54876 -0.54876 -0.54876 -0.54876 -0.54876 -0.54876 -0.54876 -0.54876 -0.54876 -0.54876
-0.14815 -0.14815 -0.14815 -0.14815 -0.14815 -0.14815 -0.14815 -0.14815 -0.14815 -0.14815 -0.14815 -0.14815 -0.14815 -0.14815 -0.14815 -0.14815 -0.14815 -0.14815 -0.14815 -0.14815 -0.14815 -0.14815 -0.14815 -0.14815 -0.14815
-0.047103 -0.047103 -0.047103 -0.047103 -0.047103 -0.047103 -0.047103 -0.047103 -0.047103 -0.047103 -0.047103 -0.047103 -0.047103 -0.047103 -0.047103 -0.047103 -0.047103 -0.047103 -0.047103 -0.047103 -0.047103 -0.047103 -0.047103 -0.047103 -0.047103
-0.024429 -0.024429 -0.024429 -0.024429 -0.024429 -0.024429 -0.024429 -0.024429 -0.024429 -0.024429 -0.024429 -0.024429 -0.024429 -0.024429 -0.024429 -0.024429 -0.024429 -0.024429 -0.024429 -0.024429 -0.024429 -0.024429 -0.024429 -0.024429 -0.024429
-0.010138 -0.010138 -0.010138 -0.010138 -0.010138 -0.010138 -0.010138 -0.010138 -0.010138 -0.010138 -0.010138 -0.010138 -0.010138 -0.010138 -0.010138 -0.010138 -0.010138 -0.010138 -0.010138 -0.010138 -0.010138 -0.010138 -0.010138 -0.010138 -0.010138
-0.0012333 -0.0012333 -0.0012333 -0.0012333 -0.0012333 -0.0012333 -0.0012333 -0.0012333 -0.0012333 -0.0012333 -0.0012333 -0.0012333 -0.0012333 -0.0012333 -0.0012333 -0.0012333 -0.0012333 -0.0012333 -0.0012333 -0.0012333 -0.0012333 -0.0012333 -0.0012333 -0.0012333 -0.0012333
0 0 0 0 0 0 0 0 0 0 0 0 0 0 0 0 0 0 0 0 0 0 0 0 0
0 0 0 0 0 0 0 0 0 0 0 0 0 0 0 0 0 0 0 0 0 0 0 0 0
0 0 0 0 0 0 0 0 0 0 0 0 0 0 0 0 0 0 0 0 0 0 0 0 0
-0 -0 -0 -0 -0 -0 -0 -0 -0 -0 -0 -0 -0 -0 -0 -0 -0 -0 -0 -0 -0 -0 -0 -0 -0
-0 -0 -0 -0 -0 -0 -0 -0 -0 -0 -0 -0 -0 -0 -0 -0 -0 -0 -0 -0 -0 -0 -0 -0 -0
0 0 0 0 0 0 0 0 0 0 0 0 0 0 0 0 0 0 0 0 0 0 0 0 0
0 0 0 0 0 0 0 0 0 0 0 0 0 0 0 0 0 0 0 0 0 0 0 0 0
0 0 0 0 0 0 0 0 0 0 0 0 0 0 0 0 0 0 0 0 0 0 0 0 0
0 0 0 0 0 0 0 0 0 0 0 0 0 0 0 0 0 0 0 0 0 0 0 0 0
0 0 0 0 0 0 0 0 0 0 0 0 0 0 0 0 0 0 0 0 0 0 0 0 0
0 0 0 0 0 0 0 0 0 0 0 0 0 0 0 0 0 0 0 0 0 0 0 0 0
0 0 0 0 0 0 0 0 0 0 0 0 0 0 0 0 0 0 0 0 0 0 0 0 0
0 0 0 0 0 0 0 0 0 0 0 0 0 0 0 0 0 0 0 0 0 0 0 0 0
0 0 0 0 0 0 0 0 0 0 0 0 0 0 0 0 0 0 0 0 0 0 0 0 0
0 0 0 0 0 0 0 0 0 0 0 0 0 0 0 0 0 0 0 0 0 0 0 0 0
0 0 0 0 0 0 0 0 0 0 0 0 0 0 0 0 0 0 0 0 0 0 0 0 0
0 0 0 0 0 0 0 0 0 0 0 0 0 0 0 0 0 0 0 0 0 0 0 0 0
0 0 0 0 0 0 0 0 0 0 0 0 0 0 0 0 0 0 0 0 0 0 0 0 0
0 0 0 0 0 0 0 0 0 0 0 0 0 0 0 0 0 0 0 0 0 0 0 0 0
0 0 0 0 0 0 0 0 0 0 0 0 0 0 0 0 0 0 0 0 0 0 0 0 0
0 0 0 0 0 0 0 0 0 0 0 0 0 0 0 0 0 0 0 0 0 0 0 0 0
0 0 0 0 0 0 0 0 0 0 0 0 0 0 0 0 0 0 0 0 0 0 0 0 0
0 0 0 0 0 0 0 0 0 0 0 0 0 0 0 0 0 0 0 0 0 0 0 0 0
0.0052304 0.0052304 0.0052304 0.0052304 0.0052304 0.0052304 0.0052304 0.0052304 0.0052304 0.0052304 0.0052304 0.0052304 0.0052304 0.0052304 0.0052304 0.0052304 0.0052304 0.0052304 0.0052304 0.0052304 0.0052304 0.0052304 0.0052304 0.0052304 0.0052304
0.042775 0.042775 0.042775 0.042775 0.042775 0.042775 0.042775 0.042775 0.042775 0.042775 0.042775 0.042775 0.042775 0.042775 0.042775 0.042775 0.042775 0.042775 0.042775 0.042775 0.042775 0.042775 0.042775 0.042775 0.042775
0.44655 0.44655 0.44655 0.44655 0.44655 0.44655 0.44655 0.44655 0.44655 0.44655 0.44655 0.44655 0.44655 0.44655 0.44655 0.44655 0.44655 0.44655 0.44655 0.44655 0.44655 0.44655 0.44655 0.44655 0.44655
1.1614 1.1614 1.1614 1.1614 1.1614 1.1614 1.1614 1.1614 1.1614 1.1614 1.1614 1.1614 1.1614 1.1614 1.1614 1.1614 1.1614 1.1614 1.1614 1.1614 1.1614 1.1614 1.1614 1.1614 1.1614
-2.6147 -2.6147 -2.6147 -2.6147 -2.6147 -2.6147 -2.6147 -2.6147 -2.6147 -2.6147 -2.6147 -2.6147 -2.6147 -2.6147 -2.6147 -2.6147 -2.6147 -2.6147 -2.6147 -2.6147 -2.6147 -2.6147 -2.6147 -2.6147 -2.6147
1.1581 1.1581 1.1581 1.1581 1.1581 1.1581 1.1581 1.1581 1.1581 1.1581 1.1581 1.1581 1.1581 1.1581 1.1581 1.1581 1.1581 1.1581 1.1581 1.1581 1.1581 1.1581 1.1581 1.1581 1.1581
0.447 0.447 0.447 0.447 0.447 0.447 0.447 0.447 0.447 0.447 0.447 0.447 0.447 0.447 0.447 0.447 0.447 0.447 0.447 0.447 0.447 0.447 0.447 0.447 0.447
0.044052 0.044052 0.044052 0.044052 0.044052 0.044052 0.044052 0.044052 0.044052 0.044052 0.044052 0.044052 0.044052 0.044052 0.044052 0.044052 0.044052 0.044052 0.044052 0.044052 0.044052 0.044052 0.044052 0.044052 0.044052
0.0060264 0.0060264 0.0060264 0.0060264 0.0060264 0.0060264 0.0060264 0.0060264 0.0060264 0.0060264 0.0060264 0.0060264 0.0060264 0.0060264 0.0060264 0.0060264 0.0060264 0.0060264 0.0060264 0.0060264 0.0060264 0.0060264 0.0060264 0.0060264 0.0060264
0.0016281 0.0016281 0.0016281 0.0016281 0.0016281 0.0016281 0.0016281 0.0016281 0.0016281 0.0016281 0.0016281 0.0016281 0.0016281 0.0016281 0.0016281 0.0016281 0.0016281 0.0016281 0.0016281 0.0016281 0.0016281 0.0016281 0.0016281 0.0016281 0.0016281
0.0024718 0.0024718 0.0024718 0.0024718 0.0024718 0.0024718 0.0024718 0.0024718 0.0024718 0.0024718 0.0024718 0.0024718 0.0024718 0.0024718 0.0024718 0.0024718 0.0024718 0.0024718 0.0024718 0.0024718 0.0024718 0.0024718 0.0024718 0.0024718 0.0024718
0.006068 0.006068 0.006068 0.006068 0.006068 0.006068 0.006068 0.006068 0.006068 0.006068 0.006068 0.006068 0.006068 0.006068 0.006068 0.006068 0.006068 0.006068 0.006068 0.006068 0.006068 0.006068 0.006068 0.006068 0.006068
0.028988 0.028988 0.028988 0.028988 0.028988 0.028988 0.028988 0.028988 0.028988 0.028988 0.028988 0.028988 0.028988 0.028988 0.028988 0.028988 0.028988 0.028988 0.028988 0.028988 0.028988 0.028988 0.028988 0.028988 0.028988
0.12667 0.12667 0.12667 0.12667 0.12667 0.12667 0.12667 0.12667 0.12667 0.12667 0.12667 0.12667 0.12667 0.12667 0.12667 0.12667 0.12667 0.12667 0.12667 0.12667 0.12667 0.12667 0.12667 0.12667 0.12667
-0.21101 -0.21101 -0.21101 -0.21101 -0.21101 -0.21101 -0.21101 -0.21101 -0.21101 -0.21101 -0.21101 -0.21101 -0.21101 -0.21101 -0.21101 -0.21101 -0.21101 -0.21101 -0.21101 -0.21101 -0.21101 -0.21101 -0.21101 -0.21101 -0.21101
-0.3817 -0.3817 -0.3817 -0.3817 -0.3817 -0.3817 -0.3817 -0.3817 -0.3817 -0.3817 -0.3817 -0.3817 -0.3817 -0.3817 -0.3817 -0.3817 -0.3817 -0.3817 -0.3817 -0.3817 -0.3817 -0.3817 -0.3817 -0.3817 -0.3817
-0.21585 -0.21585 -0.21585 -0.21585 -0.21585 -0.21585 -0.21585 -0.21585 -0.21585 -0.21585 -0.21585 -0.21585 -0.21585 -0.21585 -0.21585 -0.21585 -0.21585 -0.21585 -0.21585 -0.21585 -0.21585 -0.21585 -0.21585 -0.21585 -0.21585
0.12311 0.12311 0.12311 0.12311 0.12311 0.12311 0.12311 0.12311 0.12311 0.12311 0.12311 0.12311 0.12311 0.12311 0.12311 0.12311 0.12311 0.12311 0.12311 0.12311 0.12311 0.12311 0.12311 0.12311 0.12311
0.029197 0.029197 0.029197 0.029197 0.029197 0.029197 0.029197 0.029197 0.029197 0.029197 0.029197 0.029197 0.029197 0.029197 0.029197 0.029197 0.029197 0.029197 0.029197 0.029197 0.029197 0.029197 0.029197 0.029197 0.029197
0.0081713 0.0081713 0.0081713 0.0081713 0.0081713 0.0081713 0.0081713 0.0081713 0.0081713 0.0081713 0.0081713 0.0081713 0.0081713 0.0081713 0.0081713 0.0081713 0.0081713 0.0081713 0.0081713 0.0081713 0.0081713 0.0081713 0.0081713 0.0081713 0.0081713
0.00065373 0.00065373 0.00065373 0.00065373 0.00065373 0.00065373 0.00065373 0.00065373 0.00065373 0.00065373 0.00065373 0.00065373 0.00065373 0.00065373 0.00065373 0.00065373 0.00065373 0.00065373 0.00065373 0.00065373 0.00065373 0.00065373 0.00065373 0.00065373 0.00065373
-0.0020771 -0.0020771 -0.0020771 -0.0020771 -0.0020771 -0.0020771 -0.0020771 -0.0020771 -0.0020771 -0.0020771 -0.0020771 -0.0020771 -0.0020771 -0.0020771 -0.0020771 -0.0020771 -0.0020771 -0.0020771 -0.0020771 -0.0020771 -0.0020771 -0.0020771 -0.0020771 -0.0020771 -0.0020771
0.051067 0.051067 0.051067 0.051067 0.051067 0.051067 0.051067 0.051067 0.051067 0.051067 0.051067 0.051067 0.051067 0.051067 0.051067 0.051067 0.051067 0.051067 0.051067 0.051067 0.051067 0.051067 0.051067 0.051067 0.051067
0 0 0 0 0 0 0 0 0 0 0 0 0 0 0 0 0 0 0 0 0 0 0 0 0
0 0 0 0 0 0 0 0 0 0 0 0 0 0 0 0 0 0 0 0 0 0 0 0 0
0 0 0 0 0 0 0 0 0 0 0 0 0 0 0 0 0 0 0 0 0 0 0 0 0
-0 -0 -0 -0 -0 -0 -0 -0 -0 -0 -0 -0 -0 -0 -0 -0 -0 -0 -0 -0 -0 -0 -0 -0 -0
-0 -0 -0 -0 -0 -0 -0 -0 -0 -0 -0 -0 -0 -0 -0 -0 -0 -0 -0 -0 -0 -0 -0 -0 -0
0 0 0 0 0 0 0 0 0 0 0 0 0 0 0 0 0 0 0 0 0 0 0 0 0
0 0 0 0 0 0 0 0 0 0 0 0 0 0 0 0 0 0 0 0 0 0 0 0 0
0 0 0 0 0 0 0 0 0 0 0 0 0 0 0 0 0 0 0 0 0 0 0 0 0
0 0 0 0 0 0 0 0 0 0 0 0 0 0 0 0 0 0 0 0 0 0 0 0 0
0 0 0 0 0 0 0 0 0 0 0 0 0 0 0 0 0 0 0 0 0 0 0 0 0
0 0 0 0 0 0 0 0 0 0 0 0 0 0 0 0 0 0 0 0 0 0 0 0 0
0 0 0 0 0 0 0 0 0 0 0 0 0 0 0 0 0 0 0 0 0 0 0 0 0
0 0 0 0 0 0 0 0 0 0 0 0 0 0 0 0 0 0 0 0 0 0 0 0 0
0 0 0 0 0 0 0 0 0 0 0 0 0 0 0 0 0 0 0 0 0 0 0 0 0
0 0 0 0 0 0 0 0 0 0 0 0 0 0 0 0 0 0 0 0 0 0 0 0 0
0 0 0 0 0 0 0 0 0 0 0 0 0 0 0 0 0 0 0 0 0 0 0 0 0
0 0 0 0 0 0 0 0 0 0 0 0 0 0 0 0 0 0 0 0 0 0 0 0 0
0 0 0 0 0 0 0 0 0 0 0 0 0 0 0 0 0 0 0 0 0 0 0 0 0
0 0 0 0 0 0 0 0 0 0 0 0 0 0 0 0 0 0 0 0 0 0 0 0 0
0 0 0 0 0 0 0 0 0 0 0 0 0 0 0 0 0 0 0 0 0 0 0 0 0
0 0 0 0 0 0 0 0 0 0 0 0 0 0 0 0 0 0 0 0 0 0 0 0 0
0 0 0 0 0 0 0 0 0 0 0 0 0 0 0 0 0 0 0 0 0 0 0 0 0
0 0 0 0 0 0 0 0 0 0 0 0 0 0 0 0 0 0 0 0 0 0 0 0 0
0 0 0 0 0 0 0 0 0 0 0 0 0 0 0 0 0 0 0 0 0 0 0 0 0
0 0 0 0 0 0 0 0 0 0 0 0 0 0 0 0 0 0 0 0 0 0 0 0 0
0 0 0 0 0 0 0 0 0 0 0 0 0 0 0 0 0 0 0 0 0 0 0 0 0
-0 -0 -0 -0 -0 -0 -0 -0 -0 -0 -0 -0 -0 -0 -0 -0 -0 -0 -0 -0 -0 -0 -0 -0 -0
-0 -0 -0 -0 -0 -0 -0 -0 -0 -0 -0 -0 -0 -0 -0 -0 -0 -0 -0 -0 -0 -0 -0 -0 -0
0 0 0 0 0 0 0 0 0 0 0 0 0 0 0 0 0 0 0 0 0 0 0 0 0
0 0 0 0 0 0 0 0 0 0 0 0 0 0 0 0 0 0 0 0 0 0 0 0 0
0 0 0 0 0 0 0 0 0 0 0 0 0 0 0 0 0 0 0 0 0 0 0 0 0
0 0 0 0 0 0 0 0 0 0 0 0 0 0 0 0 0 0 0 0 0 0 0 0 0
0 0 0 0 0 0 0 0 0 0 0 0 0 0 0 0 0 0 0 0 0 0 0 0 0
0 0 0 0 0 0 0 0 0 0 0 0 0 0 0 0 0 0 0 0 0 0 0 0 0
0 0 0 0 0 0 0 0 0 0 0 0 0 0 0 0 0 0 0 0 0 0 0 0 0
0 0 0 0 0 0 0 0 0 0 0 0 0 0 0 0 0 0 0 0 0 0 0 0 0
0 0 0 0 0 0 0 0 0 0 0 0 0 0 0 0 0 0 0 0 0 0 0 0 0
0 0 0 0 0 0 0 0 0 0 0 0 0 0 0 0 0 0 0 0 0 0 0 0 0
0 0 0 0 0 0 0 0 0 0 0 0 0 0 0 0 0 0 0 0 0 0 0 0 0
0 0 0 0 0 0 0 0 0 0 0 0 0 0 0 0 0 0 0 0 0 0 0 0 0
0 0 0 0 0 0 0 0 0 0 0 0 0 0 0 0 0 0 0 0 0 0 0 0 0
0 0 0 0 0 0 0 0 0 0 0 0 0 0 0 0 0 0 0 0 0 0 0 0 0
0 0 0 0 0 0 0 0 0 0 0 0 0 0 0 0 0 0 0 0 0 0 0 0 0
0 0 0 0 0 0 0 0 0 0 0 0 0 0 0 0 0 0 0 0 0 0 0 0 0
0 0 0 0 0 0 0 0 0 0 0 0 0 0 0 0 0 0 0 0 0 0 0 0 0
0 0 0 0 0 0 0 0 0 0 0 0 0 0 0 0 0 0 0 0 0 0 0 0 0
0 0 0 0 0 0 0 0 0 0 0 0 0 0 0 0 0 0 0 0 0 0 0 0 0
0 0 0 0 0 0 0 0 0 0 0 0 0 0 0 0 0 0 0 0 0 0 0 0 0
0 0 0 0 0 0 0 0 0 0 0 0 0 0 0 0 0 0 0 0 0 0 0 0 0
-0 -0 -0 -0 -0 -0 -0 -0 -0 -0 -0 -0 -0 -0 -0 -0 -0 -0 -0 -0 -0 -0 -0 -0 -0
-0 -0 -0 -0 -0 -0 -0 -0 -0 -0 -0 -0 -0 -0 -0 -0 -0 -0 -0 -0 -0 -0 -0 -0 -0
0 0 0 0 0 0 0 0 0 0 0 0 0 0 0 0 0 0 0 0 0 0 0 0 0
0 0 0 0 0 0 0 0 0 0 0 0 0 0 0 0 0 0 0 0 0 0 0 0 0
0 0 0 0 0 0 0 0 0 0 0 0 0 0 0 0 0 0 0 0 0 0 0 0 0
0 0 0 0 0 0 0 0 0 0 0 0 0 0 0 0 0 0 0 0 0 0 0 0 0
0 0 0 0 0 0 0 0 0 0 0 0 0 0 0 0 0 0 0 0 0 0 0 0 0
0 0 0 0 0 0 0 0 0 0 0 0 0 0 0 0 0 0 0 0 0 0 0 0 0
0 0 0 0 0 0 0 0 0 0 0 0 0 0 0 0 0 0 0 0 0 0 0 0 0
0 0 0 0 0 0 0 0 0 0 0 0 0 0 0 0 0 0 0 0 0 0 0 0 0
0 0 0 0 0 0 0 0 0 0 0 0 0 0 0 0 0 0 0 0 0 0 0 0 0
0 0 0 0 0 0 0 0 0 0 0 0 0 0 0 0 0 0 0 0 0 0 0 0 0
0 0 0 0 0 0 0 0 0 0 0 0 0 0 0 0 0 0 0 0 0 0 0 0 0
0 0 0 0 0 0 0 0 0 0 0 0 0 0 0 0 0 0 0 0 0 0 0 0 0
0 0 0 0 0 0 0 0 0 0 0 0 0 0 0 0 0 0 0 0 0 0 0 0 0
0 0 0 0 0 0 0 0 0 0 0 0 0 0 0 0 0 0 0 0 0 0 0 0 0
0 0 0 0 0 0 0 0 0 0 0 0 0 0 0 0 0 0 0 0 0 0 0 0 0
0 0 0 0 0 0 0 0 0 0 0 0 0 0 0 0 0 0 0 0 0 0 0 0 0
0 0 0 0 0 0 0 0 0 0 0 0 0 0 0 0 0 0 0 0 0 0 0 0 0
0 0 0 0 0 0 0 0 0 0 0 0 0 0 0 0 0 0 0 0 0 0 0 0 0
1 2 3 4 5 6 7 8 9 10 11 12 13 14 15 16 17 18 19 20 21 22 23 24 25
