-2.787750356085217929e-01
-5.151132556979514110e-01
-4.962073499116382291e-01
0.000000000000000000e+00
4.297617401085283145e-02
0.000000000000000000e+00
4.031786701344599461e-02
2.696977588471256154e-02
1.889256718665104084e-02
1.777471719106944043e-02
1.096083977330468764e-02
0.000000000000000000e+00
1.615420534353026571e+00
7.127131142539350206e-01
2.251390419275352550e-01
6.157153961655226215e-02
7.941750114208341593e-02
4.613732684186600680e-02
2.981844592875019725e-02
2.049963529433728587e-02
1.636588106199452636e-02
1.170415006856147244e-02
6.453007756228315017e-01
1.765349192695844227e-01
3.735452047673336606e-01
0.000000000000000000e+00
8.711271087277680514e-02
0.000000000000000000e+00
6.714873425855000244e-02
4.296580725029942871e-02
2.938374868484501523e-02
2.623993545046795356e-02
1.639832158375591903e-02
0.000000000000000000e+00
1.638166524786558886e+00
8.659355525430878497e-01
3.243521910180144907e-01
8.904369351504529129e-02
1.173459236338138256e-01
6.688356343640497470e-02
4.313994423559543157e-02
2.964997750798872150e-02
2.387967988404262817e-02
1.672387511058131410e-02
-2.529015749136275470e+00
4.171075480847785677e-02
2.473127375355207658e+00
0.000000000000000000e+00
8.049935166181035329e-02
0.000000000000000000e+00
3.341227636974271331e-02
1.592348629396446794e-02
8.598172236891243880e-03
4.388548844910716840e-03
2.500773975179731642e-03
0.000000000000000000e+00
-3.170241639569837400e-01
4.827924110280449321e-01
2.297120910399359783e-01
4.678713026034193867e-02
6.061035626982523572e-02
2.481135935709886942e-02
1.265356272897213280e-02
7.046345826627747888e-03
3.870664559591415962e-03
2.173887751166442631e-03
0.000000000000000000e+00
0.000000000000000000e+00
0.000000000000000000e+00
0.000000000000000000e+00
0.000000000000000000e+00
0.000000000000000000e+00
0.000000000000000000e+00
0.000000000000000000e+00
0.000000000000000000e+00
0.000000000000000000e+00
0.000000000000000000e+00
0.000000000000000000e+00
0.000000000000000000e+00
0.000000000000000000e+00
0.000000000000000000e+00
0.000000000000000000e+00
0.000000000000000000e+00
0.000000000000000000e+00
0.000000000000000000e+00
0.000000000000000000e+00
0.000000000000000000e+00
0.000000000000000000e+00
6.779022767490532342e-01
-4.826221551281509314e-01
7.852929398063115407e-01
0.000000000000000000e+00
9.568029470769359723e-03
0.000000000000000000e+00
-1.166108160490373497e-03
-2.124948702715076000e-03
-1.999342717791230406e-03
-2.580273661042687718e-03
-1.662671973126819691e-03
0.000000000000000000e+00
-6.489844651817932020e-01
-1.511579250447991352e-01
-1.181866996223604471e-02
-5.571033182067841247e-03
-6.422053969230893944e-03
-5.797143725430687136e-03
-4.217450281574784514e-03
-3.040049010257200868e-03
-2.624035328131267639e-03
-2.025696734348913716e-03
0.000000000000000000e+00
0.000000000000000000e+00
0.000000000000000000e+00
0.000000000000000000e+00
0.000000000000000000e+00
0.000000000000000000e+00
0.000000000000000000e+00
0.000000000000000000e+00
0.000000000000000000e+00
0.000000000000000000e+00
0.000000000000000000e+00
0.000000000000000000e+00
0.000000000000000000e+00
0.000000000000000000e+00
0.000000000000000000e+00
0.000000000000000000e+00
0.000000000000000000e+00
0.000000000000000000e+00
0.000000000000000000e+00
0.000000000000000000e+00
0.000000000000000000e+00
0.000000000000000000e+00
0.000000000000000000e+00
0.000000000000000000e+00
0.000000000000000000e+00
0.000000000000000000e+00
0.000000000000000000e+00
0.000000000000000000e+00
0.000000000000000000e+00
0.000000000000000000e+00
0.000000000000000000e+00
0.000000000000000000e+00
0.000000000000000000e+00
0.000000000000000000e+00
0.000000000000000000e+00
0.000000000000000000e+00
0.000000000000000000e+00
0.000000000000000000e+00
0.000000000000000000e+00
0.000000000000000000e+00
0.000000000000000000e+00
0.000000000000000000e+00
0.000000000000000000e+00
0.000000000000000000e+00
0.000000000000000000e+00
0.000000000000000000e+00
0.000000000000000000e+00
0.000000000000000000e+00
0.000000000000000000e+00
0.000000000000000000e+00
0.000000000000000000e+00
0.000000000000000000e+00
0.000000000000000000e+00
0.000000000000000000e+00
0.000000000000000000e+00
0.000000000000000000e+00
0.000000000000000000e+00
0.000000000000000000e+00
0.000000000000000000e+00
0.000000000000000000e+00
0.000000000000000000e+00
0.000000000000000000e+00
0.000000000000000000e+00
0.000000000000000000e+00
0.000000000000000000e+00
0.000000000000000000e+00
