-4.221521850670610920e-01
-4.973912110791699481e-01
-4.384548953239633118e-01
0.000000000000000000e+00
3.391412606885272490e-02
0.000000000000000000e+00
3.212154869520744693e-02
2.150220298780653599e-02
1.506165614311683922e-02
1.420779442987567427e-02
8.732723642468789502e-03
6.383520186605140534e-01
1.352132333604150638e+00
5.998464171118831345e-01
1.861609990711221019e-01
5.038812948588948515e-02
6.472868484466745564e-02
3.743026703520495324e-02
2.409700654226403990e-02
1.651545374650385117e-02
1.310898286272085649e-02
9.394927246336719218e-03
4.743756879180895947e-01
1.976620098988233210e-01
4.423939955463495055e-01
0.000000000000000000e+00
7.630951562778498509e-02
0.000000000000000000e+00
5.737760662285917856e-02
3.644771576595184914e-02
2.481678101546407056e-02
2.198767776438954533e-02
1.374210372395249548e-02
7.610025390245324095e-01
1.324291134080461951e+00
7.313830790087438860e-01
2.778850557809719457e-01
7.571154564740759096e-02
9.983485423819377091e-02
5.650356239213580323e-02
3.631920932333310148e-02
2.490029052462482129e-02
1.999701369589074879e-02
1.397096702927861159e-02
-2.383601284209361459e+00
2.373688906081250494e-02
2.414554288124792336e+00
0.000000000000000000e+00
8.969016663898402020e-02
0.000000000000000000e+00
4.172506015096850290e-02
2.146875058646181486e-02
1.248351855380364778e-02
8.006155741919195393e-03
4.760550488969490443e-03
-6.474226721558451469e-01
-4.999477344354286146e-02
5.972628858210010661e-01
2.692439918153987088e-01
5.812945089058176723e-02
7.550789308350105977e-02
3.364214200031492852e-02
1.845630082314974121e-02
1.108714054278592265e-02
7.173841605287722967e-03
4.515923440667547403e-03
0.000000000000000000e+00
0.000000000000000000e+00
0.000000000000000000e+00
0.000000000000000000e+00
0.000000000000000000e+00
0.000000000000000000e+00
0.000000000000000000e+00
0.000000000000000000e+00
0.000000000000000000e+00
0.000000000000000000e+00
0.000000000000000000e+00
0.000000000000000000e+00
0.000000000000000000e+00
0.000000000000000000e+00
0.000000000000000000e+00
0.000000000000000000e+00
0.000000000000000000e+00
0.000000000000000000e+00
0.000000000000000000e+00
0.000000000000000000e+00
0.000000000000000000e+00
0.000000000000000000e+00
7.135281371962660657e-01
-4.870256677576900728e-01
7.709428087331632318e-01
0.000000000000000000e+00
1.181973594259442054e-02
0.000000000000000000e+00
8.704847951460144978e-04
-7.663850142491240858e-04
-1.047451131593278399e-03
-1.693976974324021452e-03
-1.109037348382840155e-03
-1.586155117386493507e-01
-5.835635195659845120e-01
-1.231131967411226158e-01
-2.133540075415850390e-03
-2.792217937494078511e-03
-2.772227469522259985e-03
-3.633643483243709574e-03
-2.795806721845105029e-03
-2.050073296864232328e-03
-1.814772477138057449e-03
-1.451908998180510921e-03
0.000000000000000000e+00
0.000000000000000000e+00
0.000000000000000000e+00
0.000000000000000000e+00
0.000000000000000000e+00
0.000000000000000000e+00
0.000000000000000000e+00
0.000000000000000000e+00
0.000000000000000000e+00
0.000000000000000000e+00
0.000000000000000000e+00
0.000000000000000000e+00
0.000000000000000000e+00
0.000000000000000000e+00
0.000000000000000000e+00
0.000000000000000000e+00
0.000000000000000000e+00
0.000000000000000000e+00
0.000000000000000000e+00
0.000000000000000000e+00
0.000000000000000000e+00
0.000000000000000000e+00
0.000000000000000000e+00
0.000000000000000000e+00
0.000000000000000000e+00
0.000000000000000000e+00
0.000000000000000000e+00
0.000000000000000000e+00
0.000000000000000000e+00
0.000000000000000000e+00
0.000000000000000000e+00
0.000000000000000000e+00
0.000000000000000000e+00
0.000000000000000000e+00
0.000000000000000000e+00
0.000000000000000000e+00
0.000000000000000000e+00
0.000000000000000000e+00
0.000000000000000000e+00
0.000000000000000000e+00
0.000000000000000000e+00
0.000000000000000000e+00
0.000000000000000000e+00
0.000000000000000000e+00
0.000000000000000000e+00
0.000000000000000000e+00
0.000000000000000000e+00
0.000000000000000000e+00
0.000000000000000000e+00
0.000000000000000000e+00
0.000000000000000000e+00
0.000000000000000000e+00
0.000000000000000000e+00
0.000000000000000000e+00
0.000000000000000000e+00
0.000000000000000000e+00
0.000000000000000000e+00
0.000000000000000000e+00
0.000000000000000000e+00
0.000000000000000000e+00
0.000000000000000000e+00
0.000000000000000000e+00
0.000000000000000000e+00
0.000000000000000000e+00
0.000000000000000000e+00
0.000000000000000000e+00
