-0.088084 -0.088084 -0.088084 -0.088084 -0.088084 -0.088084 -0.088084 -0.088084 -0.088084 -0.088084 -0.088084 -0.088084 -0.088084 -0.088084 -0.088084 -0.088084 -0.088084 -0.088084 -0.088084 -0.088084 -0.088084 -0.088084 -0.088084 -0.088084 -0.088084
-0.15903 -0.15903 -0.15903 -0.15903 -0.15903 -0.15903 -0.15903 -0.15903 -0.15903 -0.15903 -0.15903 -0.15903 -0.15903 -0.15903 -0.15903 -0.15903 -0.15903 -0.15903 -0.15903 -0.15903 -0.15903 -0.15903 -0.15903 -0.15903 -0.15903
-0.23521 -0.23521 -0.23521 -0.23521 -0.23521 -0.23521 -0.23521 -0.23521 -0.23521 -0.23521 -0.23521 -0.23521 -0.23521 -0.23521 -0.23521 -0.23521 -0.23521 -0.23521 -0.23521 -0.23521 -0.23521 -0.23521 -0.23521 -0.23521 -0.23521
1.1859 1.1859 1.1859 1.1859 1.1859 1.1859 1.1859 1.1859 1.1859 1.1859 1.1859 1.1859 1.1859 1.1859 1.1859 1.1859 1.1859 1.1859 1.1859 1.1859 1.1859 1.1859 1.1859 1.1859 1.1859
0.79023 0.79023 0.79023 0.79023 0.79023 0.79023 0.79023 0.79023 0.79023 0.79023 0.79023 0.79023 0.79023 0.79023 0.79023 0.79023 0.79023 0.79023 0.79023 0.79023 0.79023 0.79023 0.79023 0.79023 0.79023
1.1877 1.1877 1.1877 1.1877 1.1877 1.1877 1.1877 1.1877 1.1877 1.1877 1.1877 1.1877 1.1877 1.1877 1.1877 1.1877 1.1877 1.1877 1.1877 1.1877 1.1877 1.1877 1.1877 1.1877 1.1877
-0.24101 -0.24101 -0.24101 -0.24101 -0.24101 -0.24101 -0.24101 -0.24101 -0.24101 -0.24101 -0.24101 -0.24101 -0.24101 -0.24101 -0.24101 -0.24101 -0.24101 -0.24101 -0.24101 -0.24101 -0.24101 -0.24101 -0.24101 -0.24101 -0.24101
-0.15727 -0.15727 -0.15727 -0.15727 -0.15727 -0.15727 -0.15727 -0.15727 -0.15727 -0.15727 -0.15727 -0.15727 -0.15727 -0.15727 -0.15727 -0.15727 -0.15727 -0.15727 -0.15727 -0.15727 -0.15727 -0.15727 -0.15727 -0.15727 -0.15727
-0.088297 -0.088297 -0.088297 -0.088297 -0.088297 -0.088297 -0.088297 -0.088297 -0.088297 -0.088297 -0.088297 -0.088297 -0.088297 -0.088297 -0.088297 -0.088297 -0.088297 -0.088297 -0.088297 -0.088297 -0.088297 -0.088297 -0.088297 -0.088297 -0.088297
-0.061909 -0.061909 -0.061909 -0.061909 -0.061909 -0.061909 -0.061909 -0.061909 -0.061909 -0.061909 -0.061909 -0.061909 -0.061909 -0.061909 -0.061909 -0.061909 -0.061909 -0.061909 -0.061909 -0.061909 -0.061909 -0.061909 -0.061909 -0.061909 -0.061909
-0.036057 -0.036057 -0.036057 -0.036057 -0.036057 -0.036057 -0.036057 -0.036057 -0.036057 -0.036057 -0.036057 -0.036057 -0.036057 -0.036057 -0.036057 -0.036057 -0.036057 -0.036057 -0.036057 -0.036057 -0.036057 -0.036057 -0.036057 -0.036057 -0.036057
-0.11903 -0.11903 -0.11903 -0.11903 -0.11903 -0.11903 -0.11903 -0.11903 -0.11903 -0.11903 -0.11903 -0.11903 -0.11903 -0.11903 -0.11903 -0.11903 -0.11903 -0.11903 -0.11903 -0.11903 -0.11903 -0.11903 -0.11903 -0.11903 -0.11903
-0.26649 -0.26649 -0.26649 -0.26649 -0.26649 -0.26649 -0.26649 -0.26649 -0.26649 -0.26649 -0.26649 -0.26649 -0.26649 -0.26649 -0.26649 -0.26649 -0.26649 -0.26649 -0.26649 -0.26649 -0.26649 -0.26649 -0.26649 -0.26649 -0.26649
-0.88146 -0.88146 -0.88146 -0.88146 -0.88146 -0.88146 -0.88146 -0.88146 -0.88146 -0.88146 -0.88146 -0.88146 -0.88146 -0.88146 -0.88146 -0.88146 -0.88146 -0.88146 -0.88146 -0.88146 -0.88146 -0.88146 -0.88146 -0.88146 -0.88146
-3.5979 -3.5979 -3.5979 -3.5979 -3.5979 -3.5979 -3.5979 -3.5979 -3.5979 -3.5979 -3.5979 -3.5979 -3.5979 -3.5979 -3.5979 -3.5979 -3.5979 -3.5979 -3.5979 -3.5979 -3.5979 -3.5979 -3.5979 -3.5979 -3.5979
-2.2801 -2.2801 -2.2801 -2.2801 -2.2801 -2.2801 -2.2801 -2.2801 -2.2801 -2.2801 -2.2801 -2.2801 -2.2801 -2.2801 -2.2801 -2.2801 -2.2801 -2.2801 -2.2801 -2.2801 -2.2801 -2.2801 -2.2801 -2.2801 -2.2801
-3.5992 -3.5992 -3.5992 -3.5992 -3.5992 -3.5992 -3.5992 -3.5992 -3.5992 -3.5992 -3.5992 -3.5992 -3.5992 -3.5992 -3.5992 -3.5992 -3.5992 -3.5992 -3.5992 -3.5992 -3.5992 -3.5992 -3.5992 -3.5992 -3.5992
-0.86232 -0.86232 -0.86232 -0.86232 -0.86232 -0.86232 -0.86232 -0.86232 -0.86232 -0.86232 -0.86232 -0.86232 -0.86232 -0.86232 -0.86232 -0.86232 -0.86232 -0.86232 -0.86232 -0.86232 -0.86232 -0.86232 -0.86232 -0.86232 -0.86232
-0.26604 -0.26604 -0.26604 -0.26604 -0.26604 -0.26604 -0.26604 -0.26604 -0.26604 -0.26604 -0.26604 -0.26604 -0.26604 -0.26604 -0.26604 -0.26604 -0.26604 -0.26604 -0.26604 -0.26604 -0.26604 -0.26604 -0.26604 -0.26604 -0.26604
-0.11949 -0.11949 -0.11949 -0.11949 -0.11949 -0.11949 -0.11949 -0.11949 -0.11949 -0.11949 -0.11949 -0.11949 -0.11949 -0.11949 -0.11949 -0.11949 -0.11949 -0.11949 -0.11949 -0.11949 -0.11949 -0.11949 -0.11949 -0.11949 -0.11949
-0.078351 -0.078351 -0.078351 -0.078351 -0.078351 -0.078351 -0.078351 -0.078351 -0.078351 -0.078351 -0.078351 -0.078351 -0.078351 -0.078351 -0.078351 -0.078351 -0.078351 -0.078351 -0.078351 -0.078351 -0.078351 -0.078351 -0.078351 -0.078351 -0.078351
-0.040939 -0.040939 -0.040939 -0.040939 -0.040939 -0.040939 -0.040939 -0.040939 -0.040939 -0.040939 -0.040939 -0.040939 -0.040939 -0.040939 -0.040939 -0.040939 -0.040939 -0.040939 -0.040939 -0.040939 -0.040939 -0.040939 -0.040939 -0.040939 -0.040939
-0.14818 -0.14818 -0.14818 -0.14818 -0.14818 -0.14818 -0.14818 -0.14818 -0.14818 -0.14818 -0.14818 -0.14818 -0.14818 -0.14818 -0.14818 -0.14818 -0.14818 -0.14818 -0.14818 -0.14818 -0.14818 -0.14818 -0.14818 -0.14818 -0.14818
-0.30178 -0.30178 -0.30178 -0.30178 -0.30178 -0.30178 -0.30178 -0.30178 -0.30178 -0.30178 -0.30178 -0.30178 -0.30178 -0.30178 -0.30178 -0.30178 -0.30178 -0.30178 -0.30178 -0.30178 -0.30178 -0.30178 -0.30178 -0.30178 -0.30178
-0.74901 -0.74901 -0.74901 -0.74901 -0.74901 -0.74901 -0.74901 -0.74901 -0.74901 -0.74901 -0.74901 -0.74901 -0.74901 -0.74901 -0.74901 -0.74901 -0.74901 -0.74901 -0.74901 -0.74901 -0.74901 -0.74901 -0.74901 -0.74901 -0.74901
-1.0125 -1.0125 -1.0125 -1.0125 -1.0125 -1.0125 -1.0125 -1.0125 -1.0125 -1.0125 -1.0125 -1.0125 -1.0125 -1.0125 -1.0125 -1.0125 -1.0125 -1.0125 -1.0125 -1.0125 -1.0125 -1.0125 -1.0125 -1.0125 -1.0125
-0.52836 -0.52836 -0.52836 -0.52836 -0.52836 -0.52836 -0.52836 -0.52836 -0.52836 -0.52836 -0.52836 -0.52836 -0.52836 -0.52836 -0.52836 -0.52836 -0.52836 -0.52836 -0.52836 -0.52836 -0.52836 -0.52836 -0.52836 -0.52836 -0.52836
-1.01 -1.01 -1.01 -1.01 -1.01 -1.01 -1.01 -1.01 -1.01 -1.01 -1.01 -1.01 -1.01 -1.01 -1.01 -1.01 -1.01 -1.01 -1.01 -1.01 -1.01 -1.01 -1.01 -1.01 -1.01
-0.75272 -0.75272 -0.75272 -0.75272 -0.75272 -0.75272 -0.75272 -0.75272 -0.75272 -0.75272 -0.75272 -0.75272 -0.75272 -0.75272 -0.75272 -0.75272 -0.75272 -0.75272 -0.75272 -0.75272 -0.75272 -0.75272 -0.75272 -0.75272 -0.75272
-0.2993 -0.2993 -0.2993 -0.2993 -0.2993 -0.2993 -0.2993 -0.2993 -0.2993 -0.2993 -0.2993 -0.2993 -0.2993 -0.2993 -0.2993 -0.2993 -0.2993 -0.2993 -0.2993 -0.2993 -0.2993 -0.2993 -0.2993 -0.2993 -0.2993
-0.14912 -0.14912 -0.14912 -0.14912 -0.14912 -0.14912 -0.14912 -0.14912 -0.14912 -0.14912 -0.14912 -0.14912 -0.14912 -0.14912 -0.14912 -0.14912 -0.14912 -0.14912 -0.14912 -0.14912 -0.14912 -0.14912 -0.14912 -0.14912 -0.14912
-0.099202 -0.099202 -0.099202 -0.099202 -0.099202 -0.099202 -0.099202 -0.099202 -0.099202 -0.099202 -0.099202 -0.099202 -0.099202 -0.099202 -0.099202 -0.099202 -0.099202 -0.099202 -0.099202 -0.099202 -0.099202 -0.099202 -0.099202 -0.099202 -0.099202
-0.055637 -0.055637 -0.055637 -0.055637 -0.055637 -0.055637 -0.055637 -0.055637 -0.055637 -0.055637 -0.055637 -0.055637 -0.055637 -0.055637 -0.055637 -0.055637 -0.055637 -0.055637 -0.055637 -0.055637 -0.055637 -0.055637 -0.055637 -0.055637 -0.055637
-0.16289 -0.16289 -0.16289 -0.16289 -0.16289 -0.16289 -0.16289 -0.16289 -0.16289 -0.16289 -0.16289 -0.16289 -0.16289 -0.16289 -0.16289 -0.16289 -0.16289 -0.16289 -0.16289 -0.16289 -0.16289 -0.16289 -0.16289 -0.16289 -0.16289
-0.35527 -0.35527 -0.35527 -0.35527 -0.35527 -0.35527 -0.35527 -0.35527 -0.35527 -0.35527 -0.35527 -0.35527 -0.35527 -0.35527 -0.35527 -0.35527 -0.35527 -0.35527 -0.35527 -0.35527 -0.35527 -0.35527 -0.35527 -0.35527 -0.35527
-1.1299 -1.1299 -1.1299 -1.1299 -1.1299 -1.1299 -1.1299 -1.1299 -1.1299 -1.1299 -1.1299 -1.1299 -1.1299 -1.1299 -1.1299 -1.1299 -1.1299 -1.1299 -1.1299 -1.1299 -1.1299 -1.1299 -1.1299 -1.1299 -1.1299
-4.34 -4.34 -4.34 -4.34 -4.34 -4.34 -4.34 -4.34 -4.34 -4.34 -4.34 -4.34 -4.34 -4.34 -4.34 -4.34 -4.34 -4.34 -4.34 -4.34 -4.34 -4.34 -4.34 -4.34 -4.34
-2.6954 -2.6954 -2.6954 -2.6954 -2.6954 -2.6954 -2.6954 -2.6954 -2.6954 -2.6954 -2.6954 -2.6954 -2.6954 -2.6954 -2.6954 -2.6954 -2.6954 -2.6954 -2.6954 -2.6954 -2.6954 -2.6954 -2.6954 -2.6954 -2.6954
-4.3416 -4.3416 -4.3416 -4.3416 -4.3416 -4.3416 -4.3416 -4.3416 -4.3416 -4.3416 -4.3416 -4.3416 -4.3416 -4.3416 -4.3416 -4.3416 -4.3416 -4.3416 -4.3416 -4.3416 -4.3416 -4.3416 -4.3416 -4.3416 -4.3416
-1.1038 -1.1038 -1.1038 -1.1038 -1.1038 -1.1038 -1.1038 -1.1038 -1.1038 -1.1038 -1.1038 -1.1038 -1.1038 -1.1038 -1.1038 -1.1038 -1.1038 -1.1038 -1.1038 -1.1038 -1.1038 -1.1038 -1.1038 -1.1038 -1.1038
-0.35453 -0.35453 -0.35453 -0.35453 -0.35453 -0.35453 -0.35453 -0.35453 -0.35453 -0.35453 -0.35453 -0.35453 -0.35453 -0.35453 -0.35453 -0.35453 -0.35453 -0.35453 -0.35453 -0.35453 -0.35453 -0.35453 -0.35453 -0.35453 -0.35453
-0.16396 -0.16396 -0.16396 -0.16396 -0.16396 -0.16396 -0.16396 -0.16396 -0.16396 -0.16396 -0.16396 -0.16396 -0.16396 -0.16396 -0.16396 -0.16396 -0.16396 -0.16396 -0.16396 -0.16396 -0.16396 -0.16396 -0.16396 -0.16396 -0.16396
-0.1092 -0.1092 -0.1092 -0.1092 -0.1092 -0.1092 -0.1092 -0.1092 -0.1092 -0.1092 -0.1092 -0.1092 -0.1092 -0.1092 -0.1092 -0.1092 -0.1092 -0.1092 -0.1092 -0.1092 -0.1092 -0.1092 -0.1092 -0.1092 -0.1092
-0.058067 -0.058067 -0.058067 -0.058067 -0.058067 -0.058067 -0.058067 -0.058067 -0.058067 -0.058067 -0.058067 -0.058067 -0.058067 -0.058067 -0.058067 -0.058067 -0.058067 -0.058067 -0.058067 -0.058067 -0.058067 -0.058067 -0.058067 -0.058067 -0.058067
0.048732 0.048732 0.048732 0.048732 0.048732 0.048732 0.048732 0.048732 0.048732 0.048732 0.048732 0.048732 0.048732 0.048732 0.048732 0.048732 0.048732 0.048732 0.048732 0.048732 0.048732 0.048732 0.048732 0.048732 0.048732
0.17924 0.17924 0.17924 0.17924 0.17924 0.17924 0.17924 0.17924 0.17924 0.17924 0.17924 0.17924 0.17924 0.17924 0.17924 0.17924 0.17924 0.17924 0.17924 0.17924 0.17924 0.17924 0.17924 0.17924 0.17924
0.98961 0.98961 0.98961 0.98961 0.98961 0.98961 0.98961 0.98961 0.98961 0.98961 0.98961 0.98961 0.98961 0.98961 0.98961 0.98961 0.98961 0.98961 0.98961 0.98961 0.98961 0.98961 0.98961 0.98961 0.98961
4.7643 4.7643 4.7643 4.7643 4.7643 4.7643 4.7643 4.7643 4.7643 4.7643 4.7643 4.7643 4.7643 4.7643 4.7643 4.7643 4.7643 4.7643 4.7643 4.7643 4.7643 4.7643 4.7643 4.7643 4.7643
-0.0043805 -0.0043805 -0.0043805 -0.0043805 -0.0043805 -0.0043805 -0.0043805 -0.0043805 -0.0043805 -0.0043805 -0.0043805 -0.0043805 -0.0043805 -0.0043805 -0.0043805 -0.0043805 -0.0043805 -0.0043805 -0.0043805 -0.0043805 -0.0043805 -0.0043805 -0.0043805 -0.0043805 -0.0043805
-4.7517 -4.7517 -4.7517 -4.7517 -4.7517 -4.7517 -4.7517 -4.7517 -4.7517 -4.7517 -4.7517 -4.7517 -4.7517 -4.7517 -4.7517 -4.7517 -4.7517 -4.7517 -4.7517 -4.7517 -4.7517 -4.7517 -4.7517 -4.7517 -4.7517
-0.9843 -0.9843 -0.9843 -0.9843 -0.9843 -0.9843 -0.9843 -0.9843 -0.9843 -0.9843 -0.9843 -0.9843 -0.9843 -0.9843 -0.9843 -0.9843 -0.9843 -0.9843 -0.9843 -0.9843 -0.9843 -0.9843 -0.9843 -0.9843 -0.9843
-0.17672 -0.17672 -0.17672 -0.17672 -0.17672 -0.17672 -0.17672 -0.17672 -0.17672 -0.17672 -0.17672 -0.17672 -0.17672 -0.17672 -0.17672 -0.17672 -0.17672 -0.17672 -0.17672 -0.17672 -0.17672 -0.17672 -0.17672 -0.17672 -0.17672
-0.04943 -0.04943 -0.04943 -0.04943 -0.04943 -0.04943 -0.04943 -0.04943 -0.04943 -0.04943 -0.04943 -0.04943 -0.04943 -0.04943 -0.04943 -0.04943 -0.04943 -0.04943 -0.04943 -0.04943 -0.04943 -0.04943 -0.04943 -0.04943 -0.04943
-0.02126 -0.02126 -0.02126 -0.02126 -0.02126 -0.02126 -0.02126 -0.02126 -0.02126 -0.02126 -0.02126 -0.02126 -0.02126 -0.02126 -0.02126 -0.02126 -0.02126 -0.02126 -0.02126 -0.02126 -0.02126 -0.02126 -0.02126 -0.02126 -0.02126
-0.0081245 -0.0081245 -0.0081245 -0.0081245 -0.0081245 -0.0081245 -0.0081245 -0.0081245 -0.0081245 -0.0081245 -0.0081245 -0.0081245 -0.0081245 -0.0081245 -0.0081245 -0.0081245 -0.0081245 -0.0081245 -0.0081245 -0.0081245 -0.0081245 -0.0081245 -0.0081245 -0.0081245 -0.0081245
0.029471 0.029471 0.029471 0.029471 0.029471 0.029471 0.029471 0.029471 0.029471 0.029471 0.029471 0.029471 0.029471 0.029471 0.029471 0.029471 0.029471 0.029471 0.029471 0.029471 0.029471 0.029471 0.029471 0.029471 0.029471
0.089864 0.089864 0.089864 0.089864 0.089864 0.089864 0.089864 0.089864 0.089864 0.089864 0.089864 0.089864 0.089864 0.089864 0.089864 0.089864 0.089864 0.089864 0.089864 0.089864 0.089864 0.089864 0.089864 0.089864 0.089864
0.35264 0.35264 0.35264 0.35264 0.35264 0.35264 0.35264 0.35264 0.35264 0.35264 0.35264 0.35264 0.35264 0.35264 0.35264 0.35264 0.35264 0.35264 0.35264 0.35264 0.35264 0.35264 0.35264 0.35264 0.35264
0.81523 0.81523 0.81523 0.81523 0.81523 0.81523 0.81523 0.81523 0.81523 0.81523 0.81523 0.81523 0.81523 0.81523 0.81523 0.81523 0.81523 0.81523 0.81523 0.81523 0.81523 0.81523 0.81523 0.81523 0.81523
0.0040552 0.0040552 0.0040552 0.0040552 0.0040552 0.0040552 0.0040552 0.0040552 0.0040552 0.0040552 0.0040552 0.0040552 0.0040552 0.0040552 0.0040552 0.0040552 0.0040552 0.0040552 0.0040552 0.0040552 0.0040552 0.0040552 0.0040552 0.0040552 0.0040552
-0.81762 -0.81762 -0.81762 -0.81762 -0.81762 -0.81762 -0.81762 -0.81762 -0.81762 -0.81762 -0.81762 -0.81762 -0.81762 -0.81762 -0.81762 -0.81762 -0.81762 -0.81762 -0.81762 -0.81762 -0.81762 -0.81762 -0.81762 -0.81762 -0.81762
-0.35724 -0.35724 -0.35724 -0.35724 -0.35724 -0.35724 -0.35724 -0.35724 -0.35724 -0.35724 -0.35724 -0.35724 -0.35724 -0.35724 -0.35724 -0.35724 -0.35724 -0.35724 -0.35724 -0.35724 -0.35724 -0.35724 -0.35724 -0.35724 -0.35724
-0.088659 -0.088659 -0.088659 -0.088659 -0.088659 -0.088659 -0.088659 -0.088659 -0.088659 -0.088659 -0.088659 -0.088659 -0.088659 -0.088659 -0.088659 -0.088659 -0.088659 -0.088659 -0.088659 -0.088659 -0.088659 -0.088659 -0.088659 -0.088659 -0.088659
-0.030129 -0.030129 -0.030129 -0.030129 -0.030129 -0.030129 -0.030129 -0.030129 -0.030129 -0.030129 -0.030129 -0.030129 -0.030129 -0.030129 -0.030129 -0.030129 -0.030129 -0.030129 -0.030129 -0.030129 -0.030129 -0.030129 -0.030129 -0.030129 -0.030129
-0.013968 -0.013968 -0.013968 -0.013968 -0.013968 -0.013968 -0.013968 -0.013968 -0.013968 -0.013968 -0.013968 -0.013968 -0.013968 -0.013968 -0.013968 -0.013968 -0.013968 -0.013968 -0.013968 -0.013968 -0.013968 -0.013968 -0.013968 -0.013968 -0.013968
-0.0064846 -0.0064846 -0.0064846 -0.0064846 -0.0064846 -0.0064846 -0.0064846 -0.0064846 -0.0064846 -0.0064846 -0.0064846 -0.0064846 -0.0064846 -0.0064846 -0.0064846 -0.0064846 -0.0064846 -0.0064846 -0.0064846 -0.0064846 -0.0064846 -0.0064846 -0.0064846 -0.0064846 -0.0064846
0 0 0 0 0 0 0 0 0 0 0 0 0 0 0 0 0 0 0 0 0 0 0 0 0
0 0 0 0 0 0 0 0 0 0 0 0 0 0 0 0 0 0 0 0 0 0 0 0 0
0 0 0 0 0 0 0 0 0 0 0 0 0 0 0 0 0 0 0 0 0 0 0 0 0
-0 -0 -0 -0 -0 -0 -0 -0 -0 -0 -0 -0 -0 -0 -0 -0 -0 -0 -0 -0 -0 -0 -0 -0 -0
-0 -0 -0 -0 -0 -0 -0 -0 -0 -0 -0 -0 -0 -0 -0 -0 -0 -0 -0 -0 -0 -0 -0 -0 -0
0 0 0 0 0 0 0 0 0 0 0 0 0 0 0 0 0 0 0 0 0 0 0 0 0
0 0 0 0 0 0 0 0 0 0 0 0 0 0 0 0 0 0 0 0 0 0 0 0 0
0 0 0 0 0 0 0 0 0 0 0 0 0 0 0 0 0 0 0 0 0 0 0 0 0
0 0 0 0 0 0 0 0 0 0 0 0 0 0 0 0 0 0 0 0 0 0 0 0 0
0 0 0 0 0 0 0 0 0 0 0 0 0 0 0 0 0 0 0 0 0 0 0 0 0
0 0 0 0 0 0 0 0 0 0 0 0 0 0 0 0 0 0 0 0 0 0 0 0 0
0 0 0 0 0 0 0 0 0 0 0 0 0 0 0 0 0 0 0 0 0 0 0 0 0
0 0 0 0 0 0 0 0 0 0 0 0 0 0 0 0 0 0 0 0 0 0 0 0 0
0 0 0 0 0 0 0 0 0 0 0 0 0 0 0 0 0 0 0 0 0 0 0 0 0
0 0 0 0 0 0 0 0 0 0 0 0 0 0 0 0 0 0 0 0 0 0 0 0 0
0 0 0 0 0 0 0 0 0 0 0 0 0 0 0 0 0 0 0 0 0 0 0 0 0
-0 -0 -0 -0 -0 -0 -0 -0 -0 -0 -0 -0 -0 -0 -0 -0 -0 -0 -0 -0 -0 -0 -0 -0 -0
0 0 0 0 0 0 0 0 0 0 0 0 0 0 0 0 0 0 0 0 0 0 0 0 0
0 0 0 0 0 0 0 0 0 0 0 0 0 0 0 0 0 0 0 0 0 0 0 0 0
0 0 0 0 0 0 0 0 0 0 0 0 0 0 0 0 0 0 0 0 0 0 0 0 0
0 0 0 0 0 0 0 0 0 0 0 0 0 0 0 0 0 0 0 0 0 0 0 0 0
0 0 0 0 0 0 0 0 0 0 0 0 0 0 0 0 0 0 0 0 0 0 0 0 0
0.0043338 0.0043338 0.0043338 0.0043338 0.0043338 0.0043338 0.0043338 0.0043338 0.0043338 0.0043338 0.0043338 0.0043338 0.0043338 0.0043338 0.0043338 0.0043338 0.0043338 0.0043338 0.0043338 0.0043338 0.0043338 0.0043338 0.0043338 0.0043338 0.0043338
0.055343 0.055343 0.055343 0.055343 0.055343 0.055343 0.055343 0.055343 0.055343 0.055343 0.055343 0.055343 0.055343 0.055343 0.055343 0.055343 0.055343 0.055343 0.055343 0.055343 0.055343 0.055343 0.055343 0.055343 0.055343
0.50808 0.50808 0.50808 0.50808 0.50808 0.50808 0.50808 0.50808 0.50808 0.50808 0.50808 0.50808 0.50808 0.50808 0.50808 0.50808 0.50808 0.50808 0.50808 0.50808 0.50808 0.50808 0.50808 0.50808 0.50808
0.89157 0.89157 0.89157 0.89157 0.89157 0.89157 0.89157 0.89157 0.89157 0.89157 0.89157 0.89157 0.89157 0.89157 0.89157 0.89157 0.89157 0.89157 0.89157 0.89157 0.89157 0.89157 0.89157 0.89157 0.89157
-2.5065 -2.5065 -2.5065 -2.5065 -2.5065 -2.5065 -2.5065 -2.5065 -2.5065 -2.5065 -2.5065 -2.5065 -2.5065 -2.5065 -2.5065 -2.5065 -2.5065 -2.5065 -2.5065 -2.5065 -2.5065 -2.5065 -2.5065 -2.5065 -2.5065
0.88835 0.88835 0.88835 0.88835 0.88835 0.88835 0.88835 0.88835 0.88835 0.88835 0.88835 0.88835 0.88835 0.88835 0.88835 0.88835 0.88835 0.88835 0.88835 0.88835 0.88835 0.88835 0.88835 0.88835 0.88835
0.50473 0.50473 0.50473 0.50473 0.50473 0.50473 0.50473 0.50473 0.50473 0.50473 0.50473 0.50473 0.50473 0.50473 0.50473 0.50473 0.50473 0.50473 0.50473 0.50473 0.50473 0.50473 0.50473 0.50473 0.50473
0.056072 0.056072 0.056072 0.056072 0.056072 0.056072 0.056072 0.056072 0.056072 0.056072 0.056072 0.056072 0.056072 0.056072 0.056072 0.056072 0.056072 0.056072 0.056072 0.056072 0.056072 0.056072 0.056072 0.056072 0.056072
0.0062548 0.0062548 0.0062548 0.0062548 0.0062548 0.0062548 0.0062548 0.0062548 0.0062548 0.0062548 0.0062548 0.0062548 0.0062548 0.0062548 0.0062548 0.0062548 0.0062548 0.0062548 0.0062548 0.0062548 0.0062548 0.0062548 0.0062548 0.0062548 0.0062548
-0.0036451 -0.0036451 -0.0036451 -0.0036451 -0.0036451 -0.0036451 -0.0036451 -0.0036451 -0.0036451 -0.0036451 -0.0036451 -0.0036451 -0.0036451 -0.0036451 -0.0036451 -0.0036451 -0.0036451 -0.0036451 -0.0036451 -0.0036451 -0.0036451 -0.0036451 -0.0036451 -0.0036451 -0.0036451
-0.0035654 -0.0035654 -0.0035654 -0.0035654 -0.0035654 -0.0035654 -0.0035654 -0.0035654 -0.0035654 -0.0035654 -0.0035654 -0.0035654 -0.0035654 -0.0035654 -0.0035654 -0.0035654 -0.0035654 -0.0035654 -0.0035654 -0.0035654 -0.0035654 -0.0035654 -0.0035654 -0.0035654 -0.0035654
-0.0079563 -0.0079563 -0.0079563 -0.0079563 -0.0079563 -0.0079563 -0.0079563 -0.0079563 -0.0079563 -0.0079563 -0.0079563 -0.0079563 -0.0079563 -0.0079563 -0.0079563 -0.0079563 -0.0079563 -0.0079563 -0.0079563 -0.0079563 -0.0079563 -0.0079563 -0.0079563 -0.0079563 -0.0079563
-0.0048347 -0.0048347 -0.0048347 -0.0048347 -0.0048347 -0.0048347 -0.0048347 -0.0048347 -0.0048347 -0.0048347 -0.0048347 -0.0048347 -0.0048347 -0.0048347 -0.0048347 -0.0048347 -0.0048347 -0.0048347 -0.0048347 -0.0048347 -0.0048347 -0.0048347 -0.0048347 -0.0048347 -0.0048347
0.018537 0.018537 0.018537 0.018537 0.018537 0.018537 0.018537 0.018537 0.018537 0.018537 0.018537 0.018537 0.018537 0.018537 0.018537 0.018537 0.018537 0.018537 0.018537 0.018537 0.018537 0.018537 0.018537 0.018537 0.018537
-0.55255 -0.55255 -0.55255 -0.55255 -0.55255 -0.55255 -0.55255 -0.55255 -0.55255 -0.55255 -0.55255 -0.55255 -0.55255 -0.55255 -0.55255 -0.55255 -0.55255 -0.55255 -0.55255 -0.55255 -0.55255 -0.55255 -0.55255 -0.55255 -0.55255
-0.58543 -0.58543 -0.58543 -0.58543 -0.58543 -0.58543 -0.58543 -0.58543 -0.58543 -0.58543 -0.58543 -0.58543 -0.58543 -0.58543 -0.58543 -0.58543 -0.58543 -0.58543 -0.58543 -0.58543 -0.58543 -0.58543 -0.58543 -0.58543 -0.58543
-0.55022 -0.55022 -0.55022 -0.55022 -0.55022 -0.55022 -0.55022 -0.55022 -0.55022 -0.55022 -0.55022 -0.55022 -0.55022 -0.55022 -0.55022 -0.55022 -0.55022 -0.55022 -0.55022 -0.55022 -0.55022 -0.55022 -0.55022 -0.55022 -0.55022
0.019217 0.019217 0.019217 0.019217 0.019217 0.019217 0.019217 0.019217 0.019217 0.019217 0.019217 0.019217 0.019217 0.019217 0.019217 0.019217 0.019217 0.019217 0.019217 0.019217 0.019217 0.019217 0.019217 0.019217 0.019217
-0.0045812 -0.0045812 -0.0045812 -0.0045812 -0.0045812 -0.0045812 -0.0045812 -0.0045812 -0.0045812 -0.0045812 -0.0045812 -0.0045812 -0.0045812 -0.0045812 -0.0045812 -0.0045812 -0.0045812 -0.0045812 -0.0045812 -0.0045812 -0.0045812 -0.0045812 -0.0045812 -0.0045812 -0.0045812
-0.0064738 -0.0064738 -0.0064738 -0.0064738 -0.0064738 -0.0064738 -0.0064738 -0.0064738 -0.0064738 -0.0064738 -0.0064738 -0.0064738 -0.0064738 -0.0064738 -0.0064738 -0.0064738 -0.0064738 -0.0064738 -0.0064738 -0.0064738 -0.0064738 -0.0064738 -0.0064738 -0.0064738 -0.0064738
-0.0079386 -0.0079386 -0.0079386 -0.0079386 -0.0079386 -0.0079386 -0.0079386 -0.0079386 -0.0079386 -0.0079386 -0.0079386 -0.0079386 -0.0079386 -0.0079386 -0.0079386 -0.0079386 -0.0079386 -0.0079386 -0.0079386 -0.0079386 -0.0079386 -0.0079386 -0.0079386 -0.0079386 -0.0079386
-0.0046726 -0.0046726 -0.0046726 -0.0046726 -0.0046726 -0.0046726 -0.0046726 -0.0046726 -0.0046726 -0.0046726 -0.0046726 -0.0046726 -0.0046726 -0.0046726 -0.0046726 -0.0046726 -0.0046726 -0.0046726 -0.0046726 -0.0046726 -0.0046726 -0.0046726 -0.0046726 -0.0046726 -0.0046726
0 0 0 0 0 0 0 0 0 0 0 0 0 0 0 0 0 0 0 0 0 0 0 0 0
0 0 0 0 0 0 0 0 0 0 0 0 0 0 0 0 0 0 0 0 0 0 0 0 0
0 0 0 0 0 0 0 0 0 0 0 0 0 0 0 0 0 0 0 0 0 0 0 0 0
-0 -0 -0 -0 -0 -0 -0 -0 -0 -0 -0 -0 -0 -0 -0 -0 -0 -0 -0 -0 -0 -0 -0 -0 -0
-0 -0 -0 -0 -0 -0 -0 -0 -0 -0 -0 -0 -0 -0 -0 -0 -0 -0 -0 -0 -0 -0 -0 -0 -0
0 0 0 0 0 0 0 0 0 0 0 0 0 0 0 0 0 0 0 0 0 0 0 0 0
0 0 0 0 0 0 0 0 0 0 0 0 0 0 0 0 0 0 0 0 0 0 0 0 0
0 0 0 0 0 0 0 0 0 0 0 0 0 0 0 0 0 0 0 0 0 0 0 0 0
0 0 0 0 0 0 0 0 0 0 0 0 0 0 0 0 0 0 0 0 0 0 0 0 0
0 0 0 0 0 0 0 0 0 0 0 0 0 0 0 0 0 0 0 0 0 0 0 0 0
0 0 0 0 0 0 0 0 0 0 0 0 0 0 0 0 0 0 0 0 0 0 0 0 0
0 0 0 0 0 0 0 0 0 0 0 0 0 0 0 0 0 0 0 0 0 0 0 0 0
0 0 0 0 0 0 0 0 0 0 0 0 0 0 0 0 0 0 0 0 0 0 0 0 0
0 0 0 0 0 0 0 0 0 0 0 0 0 0 0 0 0 0 0 0 0 0 0 0 0
0 0 0 0 0 0 0 0 0 0 0 0 0 0 0 0 0 0 0 0 0 0 0 0 0
0 0 0 0 0 0 0 0 0 0 0 0 0 0 0 0 0 0 0 0 0 0 0 0 0
-0 -0 -0 -0 -0 -0 -0 -0 -0 -0 -0 -0 -0 -0 -0 -0 -0 -0 -0 -0 -0 -0 -0 -0 -0
0 0 0 0 0 0 0 0 0 0 0 0 0 0 0 0 0 0 0 0 0 0 0 0 0
0 0 0 0 0 0 0 0 0 0 0 0 0 0 0 0 0 0 0 0 0 0 0 0 0
0 0 0 0 0 0 0 0 0 0 0 0 0 0 0 0 0 0 0 0 0 0 0 0 0
0 0 0 0 0 0 0 0 0 0 0 0 0 0 0 0 0 0 0 0 0 0 0 0 0
0 0 0 0 0 0 0 0 0 0 0 0 0 0 0 0 0 0 0 0 0 0 0 0 0
0 0 0 0 0 0 0 0 0 0 0 0 0 0 0 0 0 0 0 0 0 0 0 0 0
0 0 0 0 0 0 0 0 0 0 0 0 0 0 0 0 0 0 0 0 0 0 0 0 0
0 0 0 0 0 0 0 0 0 0 0 0 0 0 0 0 0 0 0 0 0 0 0 0 0
-0 -0 -0 -0 -0 -0 -0 -0 -0 -0 -0 -0 -0 -0 -0 -0 -0 -0 -0 -0 -0 -0 -0 -0 -0
-0 -0 -0 -0 -0 -0 -0 -0 -0 -0 -0 -0 -0 -0 -0 -0 -0 -0 -0 -0 -0 -0 -0 -0 -0
0 0 0 0 0 0 0 0 0 0 0 0 0 0 0 0 0 0 0 0 0 0 0 0 0
0 0 0 0 0 0 0 0 0 0 0 0 0 0 0 0 0 0 0 0 0 0 0 0 0
0 0 0 0 0 0 0 0 0 0 0 0 0 0 0 0 0 0 0 0 0 0 0 0 0
0 0 0 0 0 0 0 0 0 0 0 0 0 0 0 0 0 0 0 0 0 0 0 0 0
0 0 0 0 0 0 0 0 0 0 0 0 0 0 0 0 0 0 0 0 0 0 0 0 0
0 0 0 0 0 0 0 0 0 0 0 0 0 0 0 0 0 0 0 0 0 0 0 0 0
0 0 0 0 0 0 0 0 0 0 0 0 0 0 0 0 0 0 0 0 0 0 0 0 0
0 0 0 0 0 0 0 0 0 0 0 0 0 0 0 0 0 0 0 0 0 0 0 0 0
0 0 0 0 0 0 0 0 0 0 0 0 0 0 0 0 0 0 0 0 0 0 0 0 0
0 0 0 0 0 0 0 0 0 0 0 0 0 0 0 0 0 0 0 0 0 0 0 0 0
0 0 0 0 0 0 0 0 0 0 0 0 0 0 0 0 0 0 0 0 0 0 0 0 0
-0 -0 -0 -0 -0 -0 -0 -0 -0 -0 -0 -0 -0 -0 -0 -0 -0 -0 -0 -0 -0 -0 -0 -0 -0
0 0 0 0 0 0 0 0 0 0 0 0 0 0 0 0 0 0 0 0 0 0 0 0 0
0 0 0 0 0 0 0 0 0 0 0 0 0 0 0 0 0 0 0 0 0 0 0 0 0
0 0 0 0 0 0 0 0 0 0 0 0 0 0 0 0 0 0 0 0 0 0 0 0 0
0 0 0 0 0 0 0 0 0 0 0 0 0 0 0 0 0 0 0 0 0 0 0 0 0
0 0 0 0 0 0 0 0 0 0 0 0 0 0 0 0 0 0 0 0 0 0 0 0 0
0 0 0 0 0 0 0 0 0 0 0 0 0 0 0 0 0 0 0 0 0 0 0 0 0
0 0 0 0 0 0 0 0 0 0 0 0 0 0 0 0 0 0 0 0 0 0 0 0 0
0 0 0 0 0 0 0 0 0 0 0 0 0 0 0 0 0 0 0 0 0 0 0 0 0
-0 -0 -0 -0 -0 -0 -0 -0 -0 -0 -0 -0 -0 -0 -0 -0 -0 -0 -0 -0 -0 -0 -0 -0 -0
-0 -0 -0 -0 -0 -0 -0 -0 -0 -0 -0 -0 -0 -0 -0 -0 -0 -0 -0 -0 -0 -0 -0 -0 -0
0 0 0 0 0 0 0 0 0 0 0 0 0 0 0 0 0 0 0 0 0 0 0 0 0
0 0 0 0 0 0 0 0 0 0 0 0 0 0 0 0 0 0 0 0 0 0 0 0 0
0 0 0 0 0 0 0 0 0 0 0 0 0 0 0 0 0 0 0 0 0 0 0 0 0
0 0 0 0 0 0 0 0 0 0 0 0 0 0 0 0 0 0 0 0 0 0 0 0 0
0 0 0 0 0 0 0 0 0 0 0 0 0 0 0 0 0 0 0 0 0 0 0 0 0
0 0 0 0 0 0 0 0 0 0 0 0 0 0 0 0 0 0 0 0 0 0 0 0 0
0 0 0 0 0 0 0 0 0 0 0 0 0 0 0 0 0 0 0 0 0 0 0 0 0
0 0 0 0 0 0 0 0 0 0 0 0 0 0 0 0 0 0 0 0 0 0 0 0 0
0 0 0 0 0 0 0 0 0 0 0 0 0 0 0 0 0 0 0 0 0 0 0 0 0
0 0 0 0 0 0 0 0 0 0 0 0 0 0 0 0 0 0 0 0 0 0 0 0 0
0 0 0 0 0 0 0 0 0 0 0 0 0 0 0 0 0 0 0 0 0 0 0 0 0
-0 -0 -0 -0 -0 -0 -0 -0 -0 -0 -0 -0 -0 -0 -0 -0 -0 -0 -0 -0 -0 -0 -0 -0 -0
0 0 0 0 0 0 0 0 0 0 0 0 0 0 0 0 0 0 0 0 0 0 0 0 0
0 0 0 0 0 0 0 0 0 0 0 0 0 0 0 0 0 0 0 0 0 0 0 0 0
0 0 0 0 0 0 0 0 0 0 0 0 0 0 0 0 0 0 0 0 0 0 0 0 0
0 0 0 0 0 0 0 0 0 0 0 0 0 0 0 0 0 0 0 0 0 0 0 0 0
0 0 0 0 0 0 0 0 0 0 0 0 0 0 0 0 0 0 0 0 0 0 0 0 0
1 2 3 4 5 6 7 8 9 10 11 12 13 14 15 16 17 18 19 20 21 22 23 24 25
