-0.12877 -0.12877 -0.12877 -0.12877 -0.12877 -0.12877 -0.12877 -0.12877 -0.12877 -0.12877 -0.12877 -0.12877 -0.12877 -0.12877 -0.12877 -0.12877 -0.12877 -0.12877 -0.12877 -0.12877 -0.12877 -0.12877 -0.12877 -0.12877 -0.12877
-0.22444 -0.22444 -0.22444 -0.22444 -0.22444 -0.22444 -0.22444 -0.22444 -0.22444 -0.22444 -0.22444 -0.22444 -0.22444 -0.22444 -0.22444 -0.22444 -0.22444 -0.22444 -0.22444 -0.22444 -0.22444 -0.22444 -0.22444 -0.22444 -0.22444
-0.33489 -0.33489 -0.33489 -0.33489 -0.33489 -0.33489 -0.33489 -0.33489 -0.33489 -0.33489 -0.33489 -0.33489 -0.33489 -0.33489 -0.33489 -0.33489 -0.33489 -0.33489 -0.33489 -0.33489 -0.33489 -0.33489 -0.33489 -0.33489 -0.33489
1.243 1.243 1.243 1.243 1.243 1.243 1.243 1.243 1.243 1.243 1.243 1.243 1.243 1.243 1.243 1.243 1.243 1.243 1.243 1.243 1.243 1.243 1.243 1.243 1.243
0.84094 0.84094 0.84094 0.84094 0.84094 0.84094 0.84094 0.84094 0.84094 0.84094 0.84094 0.84094 0.84094 0.84094 0.84094 0.84094 0.84094 0.84094 0.84094 0.84094 0.84094 0.84094 0.84094 0.84094 0.84094
1.2467 1.2467 1.2467 1.2467 1.2467 1.2467 1.2467 1.2467 1.2467 1.2467 1.2467 1.2467 1.2467 1.2467 1.2467 1.2467 1.2467 1.2467 1.2467 1.2467 1.2467 1.2467 1.2467 1.2467 1.2467
-0.3443 -0.3443 -0.3443 -0.3443 -0.3443 -0.3443 -0.3443 -0.3443 -0.3443 -0.3443 -0.3443 -0.3443 -0.3443 -0.3443 -0.3443 -0.3443 -0.3443 -0.3443 -0.3443 -0.3443 -0.3443 -0.3443 -0.3443 -0.3443 -0.3443
-0.22331 -0.22331 -0.22331 -0.22331 -0.22331 -0.22331 -0.22331 -0.22331 -0.22331 -0.22331 -0.22331 -0.22331 -0.22331 -0.22331 -0.22331 -0.22331 -0.22331 -0.22331 -0.22331 -0.22331 -0.22331 -0.22331 -0.22331 -0.22331 -0.22331
-0.12683 -0.12683 -0.12683 -0.12683 -0.12683 -0.12683 -0.12683 -0.12683 -0.12683 -0.12683 -0.12683 -0.12683 -0.12683 -0.12683 -0.12683 -0.12683 -0.12683 -0.12683 -0.12683 -0.12683 -0.12683 -0.12683 -0.12683 -0.12683 -0.12683
-0.087869 -0.087869 -0.087869 -0.087869 -0.087869 -0.087869 -0.087869 -0.087869 -0.087869 -0.087869 -0.087869 -0.087869 -0.087869 -0.087869 -0.087869 -0.087869 -0.087869 -0.087869 -0.087869 -0.087869 -0.087869 -0.087869 -0.087869 -0.087869 -0.087869
-0.05208 -0.05208 -0.05208 -0.05208 -0.05208 -0.05208 -0.05208 -0.05208 -0.05208 -0.05208 -0.05208 -0.05208 -0.05208 -0.05208 -0.05208 -0.05208 -0.05208 -0.05208 -0.05208 -0.05208 -0.05208 -0.05208 -0.05208 -0.05208 -0.05208
-0.16089 -0.16089 -0.16089 -0.16089 -0.16089 -0.16089 -0.16089 -0.16089 -0.16089 -0.16089 -0.16089 -0.16089 -0.16089 -0.16089 -0.16089 -0.16089 -0.16089 -0.16089 -0.16089 -0.16089 -0.16089 -0.16089 -0.16089 -0.16089 -0.16089
-0.34862 -0.34862 -0.34862 -0.34862 -0.34862 -0.34862 -0.34862 -0.34862 -0.34862 -0.34862 -0.34862 -0.34862 -0.34862 -0.34862 -0.34862 -0.34862 -0.34862 -0.34862 -0.34862 -0.34862 -0.34862 -0.34862 -0.34862 -0.34862 -0.34862
-1.1016 -1.1016 -1.1016 -1.1016 -1.1016 -1.1016 -1.1016 -1.1016 -1.1016 -1.1016 -1.1016 -1.1016 -1.1016 -1.1016 -1.1016 -1.1016 -1.1016 -1.1016 -1.1016 -1.1016 -1.1016 -1.1016 -1.1016 -1.1016 -1.1016
-4.5965 -4.5965 -4.5965 -4.5965 -4.5965 -4.5965 -4.5965 -4.5965 -4.5965 -4.5965 -4.5965 -4.5965 -4.5965 -4.5965 -4.5965 -4.5965 -4.5965 -4.5965 -4.5965 -4.5965 -4.5965 -4.5965 -4.5965 -4.5965 -4.5965
-2.9871 -2.9871 -2.9871 -2.9871 -2.9871 -2.9871 -2.9871 -2.9871 -2.9871 -2.9871 -2.9871 -2.9871 -2.9871 -2.9871 -2.9871 -2.9871 -2.9871 -2.9871 -2.9871 -2.9871 -2.9871 -2.9871 -2.9871 -2.9871 -2.9871
-4.5945 -4.5945 -4.5945 -4.5945 -4.5945 -4.5945 -4.5945 -4.5945 -4.5945 -4.5945 -4.5945 -4.5945 -4.5945 -4.5945 -4.5945 -4.5945 -4.5945 -4.5945 -4.5945 -4.5945 -4.5945 -4.5945 -4.5945 -4.5945 -4.5945
-1.0677 -1.0677 -1.0677 -1.0677 -1.0677 -1.0677 -1.0677 -1.0677 -1.0677 -1.0677 -1.0677 -1.0677 -1.0677 -1.0677 -1.0677 -1.0677 -1.0677 -1.0677 -1.0677 -1.0677 -1.0677 -1.0677 -1.0677 -1.0677 -1.0677
-0.34802 -0.34802 -0.34802 -0.34802 -0.34802 -0.34802 -0.34802 -0.34802 -0.34802 -0.34802 -0.34802 -0.34802 -0.34802 -0.34802 -0.34802 -0.34802 -0.34802 -0.34802 -0.34802 -0.34802 -0.34802 -0.34802 -0.34802 -0.34802 -0.34802
-0.16166 -0.16166 -0.16166 -0.16166 -0.16166 -0.16166 -0.16166 -0.16166 -0.16166 -0.16166 -0.16166 -0.16166 -0.16166 -0.16166 -0.16166 -0.16166 -0.16166 -0.16166 -0.16166 -0.16166 -0.16166 -0.16166 -0.16166 -0.16166 -0.16166
-0.10971 -0.10971 -0.10971 -0.10971 -0.10971 -0.10971 -0.10971 -0.10971 -0.10971 -0.10971 -0.10971 -0.10971 -0.10971 -0.10971 -0.10971 -0.10971 -0.10971 -0.10971 -0.10971 -0.10971 -0.10971 -0.10971 -0.10971 -0.10971 -0.10971
-0.057313 -0.057313 -0.057313 -0.057313 -0.057313 -0.057313 -0.057313 -0.057313 -0.057313 -0.057313 -0.057313 -0.057313 -0.057313 -0.057313 -0.057313 -0.057313 -0.057313 -0.057313 -0.057313 -0.057313 -0.057313 -0.057313 -0.057313 -0.057313 -0.057313
-0.21151 -0.21151 -0.21151 -0.21151 -0.21151 -0.21151 -0.21151 -0.21151 -0.21151 -0.21151 -0.21151 -0.21151 -0.21151 -0.21151 -0.21151 -0.21151 -0.21151 -0.21151 -0.21151 -0.21151 -0.21151 -0.21151 -0.21151 -0.21151 -0.21151
-0.40515 -0.40515 -0.40515 -0.40515 -0.40515 -0.40515 -0.40515 -0.40515 -0.40515 -0.40515 -0.40515 -0.40515 -0.40515 -0.40515 -0.40515 -0.40515 -0.40515 -0.40515 -0.40515 -0.40515 -0.40515 -0.40515 -0.40515 -0.40515 -0.40515
-0.91522 -0.91522 -0.91522 -0.91522 -0.91522 -0.91522 -0.91522 -0.91522 -0.91522 -0.91522 -0.91522 -0.91522 -0.91522 -0.91522 -0.91522 -0.91522 -0.91522 -0.91522 -0.91522 -0.91522 -0.91522 -0.91522 -0.91522 -0.91522 -0.91522
-1.1141 -1.1141 -1.1141 -1.1141 -1.1141 -1.1141 -1.1141 -1.1141 -1.1141 -1.1141 -1.1141 -1.1141 -1.1141 -1.1141 -1.1141 -1.1141 -1.1141 -1.1141 -1.1141 -1.1141 -1.1141 -1.1141 -1.1141 -1.1141 -1.1141
-0.64961 -0.64961 -0.64961 -0.64961 -0.64961 -0.64961 -0.64961 -0.64961 -0.64961 -0.64961 -0.64961 -0.64961 -0.64961 -0.64961 -0.64961 -0.64961 -0.64961 -0.64961 -0.64961 -0.64961 -0.64961 -0.64961 -0.64961 -0.64961 -0.64961
-1.1097 -1.1097 -1.1097 -1.1097 -1.1097 -1.1097 -1.1097 -1.1097 -1.1097 -1.1097 -1.1097 -1.1097 -1.1097 -1.1097 -1.1097 -1.1097 -1.1097 -1.1097 -1.1097 -1.1097 -1.1097 -1.1097 -1.1097 -1.1097 -1.1097
-0.923 -0.923 -0.923 -0.923 -0.923 -0.923 -0.923 -0.923 -0.923 -0.923 -0.923 -0.923 -0.923 -0.923 -0.923 -0.923 -0.923 -0.923 -0.923 -0.923 -0.923 -0.923 -0.923 -0.923 -0.923
-0.40318 -0.40318 -0.40318 -0.40318 -0.40318 -0.40318 -0.40318 -0.40318 -0.40318 -0.40318 -0.40318 -0.40318 -0.40318 -0.40318 -0.40318 -0.40318 -0.40318 -0.40318 -0.40318 -0.40318 -0.40318 -0.40318 -0.40318 -0.40318 -0.40318
-0.21082 -0.21082 -0.21082 -0.21082 -0.21082 -0.21082 -0.21082 -0.21082 -0.21082 -0.21082 -0.21082 -0.21082 -0.21082 -0.21082 -0.21082 -0.21082 -0.21082 -0.21082 -0.21082 -0.21082 -0.21082 -0.21082 -0.21082 -0.21082 -0.21082
-0.14094 -0.14094 -0.14094 -0.14094 -0.14094 -0.14094 -0.14094 -0.14094 -0.14094 -0.14094 -0.14094 -0.14094 -0.14094 -0.14094 -0.14094 -0.14094 -0.14094 -0.14094 -0.14094 -0.14094 -0.14094 -0.14094 -0.14094 -0.14094 -0.14094
-0.080708 -0.080708 -0.080708 -0.080708 -0.080708 -0.080708 -0.080708 -0.080708 -0.080708 -0.080708 -0.080708 -0.080708 -0.080708 -0.080708 -0.080708 -0.080708 -0.080708 -0.080708 -0.080708 -0.080708 -0.080708 -0.080708 -0.080708 -0.080708 -0.080708
-0.22837 -0.22837 -0.22837 -0.22837 -0.22837 -0.22837 -0.22837 -0.22837 -0.22837 -0.22837 -0.22837 -0.22837 -0.22837 -0.22837 -0.22837 -0.22837 -0.22837 -0.22837 -0.22837 -0.22837 -0.22837 -0.22837 -0.22837 -0.22837 -0.22837
-0.48145 -0.48145 -0.48145 -0.48145 -0.48145 -0.48145 -0.48145 -0.48145 -0.48145 -0.48145 -0.48145 -0.48145 -0.48145 -0.48145 -0.48145 -0.48145 -0.48145 -0.48145 -0.48145 -0.48145 -0.48145 -0.48145 -0.48145 -0.48145 -0.48145
-1.465 -1.465 -1.465 -1.465 -1.465 -1.465 -1.465 -1.465 -1.465 -1.465 -1.465 -1.465 -1.465 -1.465 -1.465 -1.465 -1.465 -1.465 -1.465 -1.465 -1.465 -1.465 -1.465 -1.465 -1.465
-5.826 -5.826 -5.826 -5.826 -5.826 -5.826 -5.826 -5.826 -5.826 -5.826 -5.826 -5.826 -5.826 -5.826 -5.826 -5.826 -5.826 -5.826 -5.826 -5.826 -5.826 -5.826 -5.826 -5.826 -5.826
-3.7335 -3.7335 -3.7335 -3.7335 -3.7335 -3.7335 -3.7335 -3.7335 -3.7335 -3.7335 -3.7335 -3.7335 -3.7335 -3.7335 -3.7335 -3.7335 -3.7335 -3.7335 -3.7335 -3.7335 -3.7335 -3.7335 -3.7335 -3.7335 -3.7335
-5.8235 -5.8235 -5.8235 -5.8235 -5.8235 -5.8235 -5.8235 -5.8235 -5.8235 -5.8235 -5.8235 -5.8235 -5.8235 -5.8235 -5.8235 -5.8235 -5.8235 -5.8235 -5.8235 -5.8235 -5.8235 -5.8235 -5.8235 -5.8235 -5.8235
-1.419 -1.419 -1.419 -1.419 -1.419 -1.419 -1.419 -1.419 -1.419 -1.419 -1.419 -1.419 -1.419 -1.419 -1.419 -1.419 -1.419 -1.419 -1.419 -1.419 -1.419 -1.419 -1.419 -1.419 -1.419
-0.48091 -0.48091 -0.48091 -0.48091 -0.48091 -0.48091 -0.48091 -0.48091 -0.48091 -0.48091 -0.48091 -0.48091 -0.48091 -0.48091 -0.48091 -0.48091 -0.48091 -0.48091 -0.48091 -0.48091 -0.48091 -0.48091 -0.48091 -0.48091 -0.48091
-0.22919 -0.22919 -0.22919 -0.22919 -0.22919 -0.22919 -0.22919 -0.22919 -0.22919 -0.22919 -0.22919 -0.22919 -0.22919 -0.22919 -0.22919 -0.22919 -0.22919 -0.22919 -0.22919 -0.22919 -0.22919 -0.22919 -0.22919 -0.22919 -0.22919
-0.15755 -0.15755 -0.15755 -0.15755 -0.15755 -0.15755 -0.15755 -0.15755 -0.15755 -0.15755 -0.15755 -0.15755 -0.15755 -0.15755 -0.15755 -0.15755 -0.15755 -0.15755 -0.15755 -0.15755 -0.15755 -0.15755 -0.15755 -0.15755 -0.15755
-0.083686 -0.083686 -0.083686 -0.083686 -0.083686 -0.083686 -0.083686 -0.083686 -0.083686 -0.083686 -0.083686 -0.083686 -0.083686 -0.083686 -0.083686 -0.083686 -0.083686 -0.083686 -0.083686 -0.083686 -0.083686 -0.083686 -0.083686 -0.083686 -0.083686
0.056611 0.056611 0.056611 0.056611 0.056611 0.056611 0.056611 0.056611 0.056611 0.056611 0.056611 0.056611 0.056611 0.056611 0.056611 0.056611 0.056611 0.056611 0.056611 0.056611 0.056611 0.056611 0.056611 0.056611 0.056611
0.19549 0.19549 0.19549 0.19549 0.19549 0.19549 0.19549 0.19549 0.19549 0.19549 0.19549 0.19549 0.19549 0.19549 0.19549 0.19549 0.19549 0.19549 0.19549 0.19549 0.19549 0.19549 0.19549 0.19549 0.19549
1.0954 1.0954 1.0954 1.0954 1.0954 1.0954 1.0954 1.0954 1.0954 1.0954 1.0954 1.0954 1.0954 1.0954 1.0954 1.0954 1.0954 1.0954 1.0954 1.0954 1.0954 1.0954 1.0954 1.0954 1.0954
5.7315 5.7315 5.7315 5.7315 5.7315 5.7315 5.7315 5.7315 5.7315 5.7315 5.7315 5.7315 5.7315 5.7315 5.7315 5.7315 5.7315 5.7315 5.7315 5.7315 5.7315 5.7315 5.7315 5.7315 5.7315
-0.032325 -0.032325 -0.032325 -0.032325 -0.032325 -0.032325 -0.032325 -0.032325 -0.032325 -0.032325 -0.032325 -0.032325 -0.032325 -0.032325 -0.032325 -0.032325 -0.032325 -0.032325 -0.032325 -0.032325 -0.032325 -0.032325 -0.032325 -0.032325 -0.032325
-5.6956 -5.6956 -5.6956 -5.6956 -5.6956 -5.6956 -5.6956 -5.6956 -5.6956 -5.6956 -5.6956 -5.6956 -5.6956 -5.6956 -5.6956 -5.6956 -5.6956 -5.6956 -5.6956 -5.6956 -5.6956 -5.6956 -5.6956 -5.6956 -5.6956
-1.0785 -1.0785 -1.0785 -1.0785 -1.0785 -1.0785 -1.0785 -1.0785 -1.0785 -1.0785 -1.0785 -1.0785 -1.0785 -1.0785 -1.0785 -1.0785 -1.0785 -1.0785 -1.0785 -1.0785 -1.0785 -1.0785 -1.0785 -1.0785 -1.0785
-0.19112 -0.19112 -0.19112 -0.19112 -0.19112 -0.19112 -0.19112 -0.19112 -0.19112 -0.19112 -0.19112 -0.19112 -0.19112 -0.19112 -0.19112 -0.19112 -0.19112 -0.19112 -0.19112 -0.19112 -0.19112 -0.19112 -0.19112 -0.19112 -0.19112
-0.055919 -0.055919 -0.055919 -0.055919 -0.055919 -0.055919 -0.055919 -0.055919 -0.055919 -0.055919 -0.055919 -0.055919 -0.055919 -0.055919 -0.055919 -0.055919 -0.055919 -0.055919 -0.055919 -0.055919 -0.055919 -0.055919 -0.055919 -0.055919 -0.055919
-0.026716 -0.026716 -0.026716 -0.026716 -0.026716 -0.026716 -0.026716 -0.026716 -0.026716 -0.026716 -0.026716 -0.026716 -0.026716 -0.026716 -0.026716 -0.026716 -0.026716 -0.026716 -0.026716 -0.026716 -0.026716 -0.026716 -0.026716 -0.026716 -0.026716
-0.0098305 -0.0098305 -0.0098305 -0.0098305 -0.0098305 -0.0098305 -0.0098305 -0.0098305 -0.0098305 -0.0098305 -0.0098305 -0.0098305 -0.0098305 -0.0098305 -0.0098305 -0.0098305 -0.0098305 -0.0098305 -0.0098305 -0.0098305 -0.0098305 -0.0098305 -0.0098305 -0.0098305 -0.0098305
0.030893 0.030893 0.030893 0.030893 0.030893 0.030893 0.030893 0.030893 0.030893 0.030893 0.030893 0.030893 0.030893 0.030893 0.030893 0.030893 0.030893 0.030893 0.030893 0.030893 0.030893 0.030893 0.030893 0.030893 0.030893
0.092158 0.092158 0.092158 0.092158 0.092158 0.092158 0.092158 0.092158 0.092158 0.092158 0.092158 0.092158 0.092158 0.092158 0.092158 0.092158 0.092158 0.092158 0.092158 0.092158 0.092158 0.092158 0.092158 0.092158 0.092158
0.34344 0.34344 0.34344 0.34344 0.34344 0.34344 0.34344 0.34344 0.34344 0.34344 0.34344 0.34344 0.34344 0.34344 0.34344 0.34344 0.34344 0.34344 0.34344 0.34344 0.34344 0.34344 0.34344 0.34344 0.34344
0.8719 0.8719 0.8719 0.8719 0.8719 0.8719 0.8719 0.8719 0.8719 0.8719 0.8719 0.8719 0.8719 0.8719 0.8719 0.8719 0.8719 0.8719 0.8719 0.8719 0.8719 0.8719 0.8719 0.8719 0.8719
0.0042762 0.0042762 0.0042762 0.0042762 0.0042762 0.0042762 0.0042762 0.0042762 0.0042762 0.0042762 0.0042762 0.0042762 0.0042762 0.0042762 0.0042762 0.0042762 0.0042762 0.0042762 0.0042762 0.0042762 0.0042762 0.0042762 0.0042762 0.0042762 0.0042762
-0.88494 -0.88494 -0.88494 -0.88494 -0.88494 -0.88494 -0.88494 -0.88494 -0.88494 -0.88494 -0.88494 -0.88494 -0.88494 -0.88494 -0.88494 -0.88494 -0.88494 -0.88494 -0.88494 -0.88494 -0.88494 -0.88494 -0.88494 -0.88494 -0.88494
-0.35176 -0.35176 -0.35176 -0.35176 -0.35176 -0.35176 -0.35176 -0.35176 -0.35176 -0.35176 -0.35176 -0.35176 -0.35176 -0.35176 -0.35176 -0.35176 -0.35176 -0.35176 -0.35176 -0.35176 -0.35176 -0.35176 -0.35176 -0.35176 -0.35176
-0.089054 -0.089054 -0.089054 -0.089054 -0.089054 -0.089054 -0.089054 -0.089054 -0.089054 -0.089054 -0.089054 -0.089054 -0.089054 -0.089054 -0.089054 -0.089054 -0.089054 -0.089054 -0.089054 -0.089054 -0.089054 -0.089054 -0.089054 -0.089054 -0.089054
-0.034318 -0.034318 -0.034318 -0.034318 -0.034318 -0.034318 -0.034318 -0.034318 -0.034318 -0.034318 -0.034318 -0.034318 -0.034318 -0.034318 -0.034318 -0.034318 -0.034318 -0.034318 -0.034318 -0.034318 -0.034318 -0.034318 -0.034318 -0.034318 -0.034318
-0.015571 -0.015571 -0.015571 -0.015571 -0.015571 -0.015571 -0.015571 -0.015571 -0.015571 -0.015571 -0.015571 -0.015571 -0.015571 -0.015571 -0.015571 -0.015571 -0.015571 -0.015571 -0.015571 -0.015571 -0.015571 -0.015571 -0.015571 -0.015571 -0.015571
-0.0081874 -0.0081874 -0.0081874 -0.0081874 -0.0081874 -0.0081874 -0.0081874 -0.0081874 -0.0081874 -0.0081874 -0.0081874 -0.0081874 -0.0081874 -0.0081874 -0.0081874 -0.0081874 -0.0081874 -0.0081874 -0.0081874 -0.0081874 -0.0081874 -0.0081874 -0.0081874 -0.0081874 -0.0081874
0 0 0 0 0 0 0 0 0 0 0 0 0 0 0 0 0 0 0 0 0 0 0 0 0
0 0 0 0 0 0 0 0 0 0 0 0 0 0 0 0 0 0 0 0 0 0 0 0 0
0 0 0 0 0 0 0 0 0 0 0 0 0 0 0 0 0 0 0 0 0 0 0 0 0
-0 -0 -0 -0 -0 -0 -0 -0 -0 -0 -0 -0 -0 -0 -0 -0 -0 -0 -0 -0 -0 -0 -0 -0 -0
-0 -0 -0 -0 -0 -0 -0 -0 -0 -0 -0 -0 -0 -0 -0 -0 -0 -0 -0 -0 -0 -0 -0 -0 -0
0 0 0 0 0 0 0 0 0 0 0 0 0 0 0 0 0 0 0 0 0 0 0 0 0
0 0 0 0 0 0 0 0 0 0 0 0 0 0 0 0 0 0 0 0 0 0 0 0 0
0 0 0 0 0 0 0 0 0 0 0 0 0 0 0 0 0 0 0 0 0 0 0 0 0
0 0 0 0 0 0 0 0 0 0 0 0 0 0 0 0 0 0 0 0 0 0 0 0 0
0 0 0 0 0 0 0 0 0 0 0 0 0 0 0 0 0 0 0 0 0 0 0 0 0
0 0 0 0 0 0 0 0 0 0 0 0 0 0 0 0 0 0 0 0 0 0 0 0 0
0 0 0 0 0 0 0 0 0 0 0 0 0 0 0 0 0 0 0 0 0 0 0 0 0
0 0 0 0 0 0 0 0 0 0 0 0 0 0 0 0 0 0 0 0 0 0 0 0 0
0 0 0 0 0 0 0 0 0 0 0 0 0 0 0 0 0 0 0 0 0 0 0 0 0
-0 -0 -0 -0 -0 -0 -0 -0 -0 -0 -0 -0 -0 -0 -0 -0 -0 -0 -0 -0 -0 -0 -0 -0 -0
0 0 0 0 0 0 0 0 0 0 0 0 0 0 0 0 0 0 0 0 0 0 0 0 0
0 0 0 0 0 0 0 0 0 0 0 0 0 0 0 0 0 0 0 0 0 0 0 0 0
0 0 0 0 0 0 0 0 0 0 0 0 0 0 0 0 0 0 0 0 0 0 0 0 0
0 0 0 0 0 0 0 0 0 0 0 0 0 0 0 0 0 0 0 0 0 0 0 0 0
0 0 0 0 0 0 0 0 0 0 0 0 0 0 0 0 0 0 0 0 0 0 0 0 0
0 0 0 0 0 0 0 0 0 0 0 0 0 0 0 0 0 0 0 0 0 0 0 0 0
0 0 0 0 0 0 0 0 0 0 0 0 0 0 0 0 0 0 0 0 0 0 0 0 0
-0.00045001 -0.00045001 -0.00045001 -0.00045001 -0.00045001 -0.00045001 -0.00045001 -0.00045001 -0.00045001 -0.00045001 -0.00045001 -0.00045001 -0.00045001 -0.00045001 -0.00045001 -0.00045001 -0.00045001 -0.00045001 -0.00045001 -0.00045001 -0.00045001 -0.00045001 -0.00045001 -0.00045001 -0.00045001
0.048143 0.048143 0.048143 0.048143 0.048143 0.048143 0.048143 0.048143 0.048143 0.048143 0.048143 0.048143 0.048143 0.048143 0.048143 0.048143 0.048143 0.048143 0.048143 0.048143 0.048143 0.048143 0.048143 0.048143 0.048143
0.53115 0.53115 0.53115 0.53115 0.53115 0.53115 0.53115 0.53115 0.53115 0.53115 0.53115 0.53115 0.53115 0.53115 0.53115 0.53115 0.53115 0.53115 0.53115 0.53115 0.53115 0.53115 0.53115 0.53115 0.53115
1.049 1.049 1.049 1.049 1.049 1.049 1.049 1.049 1.049 1.049 1.049 1.049 1.049 1.049 1.049 1.049 1.049 1.049 1.049 1.049 1.049 1.049 1.049 1.049 1.049
-2.8908 -2.8908 -2.8908 -2.8908 -2.8908 -2.8908 -2.8908 -2.8908 -2.8908 -2.8908 -2.8908 -2.8908 -2.8908 -2.8908 -2.8908 -2.8908 -2.8908 -2.8908 -2.8908 -2.8908 -2.8908 -2.8908 -2.8908 -2.8908 -2.8908
1.0438 1.0438 1.0438 1.0438 1.0438 1.0438 1.0438 1.0438 1.0438 1.0438 1.0438 1.0438 1.0438 1.0438 1.0438 1.0438 1.0438 1.0438 1.0438 1.0438 1.0438 1.0438 1.0438 1.0438 1.0438
0.52465 0.52465 0.52465 0.52465 0.52465 0.52465 0.52465 0.52465 0.52465 0.52465 0.52465 0.52465 0.52465 0.52465 0.52465 0.52465 0.52465 0.52465 0.52465 0.52465 0.52465 0.52465 0.52465 0.52465 0.52465
0.047321 0.047321 0.047321 0.047321 0.047321 0.047321 0.047321 0.047321 0.047321 0.047321 0.047321 0.047321 0.047321 0.047321 0.047321 0.047321 0.047321 0.047321 0.047321 0.047321 0.047321 0.047321 0.047321 0.047321 0.047321
0.0093697 0.0093697 0.0093697 0.0093697 0.0093697 0.0093697 0.0093697 0.0093697 0.0093697 0.0093697 0.0093697 0.0093697 0.0093697 0.0093697 0.0093697 0.0093697 0.0093697 0.0093697 0.0093697 0.0093697 0.0093697 0.0093697 0.0093697 0.0093697 0.0093697
-0.003999 -0.003999 -0.003999 -0.003999 -0.003999 -0.003999 -0.003999 -0.003999 -0.003999 -0.003999 -0.003999 -0.003999 -0.003999 -0.003999 -0.003999 -0.003999 -0.003999 -0.003999 -0.003999 -0.003999 -0.003999 -0.003999 -0.003999 -0.003999 -0.003999
-0.0051123 -0.0051123 -0.0051123 -0.0051123 -0.0051123 -0.0051123 -0.0051123 -0.0051123 -0.0051123 -0.0051123 -0.0051123 -0.0051123 -0.0051123 -0.0051123 -0.0051123 -0.0051123 -0.0051123 -0.0051123 -0.0051123 -0.0051123 -0.0051123 -0.0051123 -0.0051123 -0.0051123 -0.0051123
-0.010039 -0.010039 -0.010039 -0.010039 -0.010039 -0.010039 -0.010039 -0.010039 -0.010039 -0.010039 -0.010039 -0.010039 -0.010039 -0.010039 -0.010039 -0.010039 -0.010039 -0.010039 -0.010039 -0.010039 -0.010039 -0.010039 -0.010039 -0.010039 -0.010039
-0.017405 -0.017405 -0.017405 -0.017405 -0.017405 -0.017405 -0.017405 -0.017405 -0.017405 -0.017405 -0.017405 -0.017405 -0.017405 -0.017405 -0.017405 -0.017405 -0.017405 -0.017405 -0.017405 -0.017405 -0.017405 -0.017405 -0.017405 -0.017405 -0.017405
-0.0069298 -0.0069298 -0.0069298 -0.0069298 -0.0069298 -0.0069298 -0.0069298 -0.0069298 -0.0069298 -0.0069298 -0.0069298 -0.0069298 -0.0069298 -0.0069298 -0.0069298 -0.0069298 -0.0069298 -0.0069298 -0.0069298 -0.0069298 -0.0069298 -0.0069298 -0.0069298 -0.0069298 -0.0069298
-0.60525 -0.60525 -0.60525 -0.60525 -0.60525 -0.60525 -0.60525 -0.60525 -0.60525 -0.60525 -0.60525 -0.60525 -0.60525 -0.60525 -0.60525 -0.60525 -0.60525 -0.60525 -0.60525 -0.60525 -0.60525 -0.60525 -0.60525 -0.60525 -0.60525
-0.65719 -0.65719 -0.65719 -0.65719 -0.65719 -0.65719 -0.65719 -0.65719 -0.65719 -0.65719 -0.65719 -0.65719 -0.65719 -0.65719 -0.65719 -0.65719 -0.65719 -0.65719 -0.65719 -0.65719 -0.65719 -0.65719 -0.65719 -0.65719 -0.65719
-0.59993 -0.59993 -0.59993 -0.59993 -0.59993 -0.59993 -0.59993 -0.59993 -0.59993 -0.59993 -0.59993 -0.59993 -0.59993 -0.59993 -0.59993 -0.59993 -0.59993 -0.59993 -0.59993 -0.59993 -0.59993 -0.59993 -0.59993 -0.59993 -0.59993
-0.0034035 -0.0034035 -0.0034035 -0.0034035 -0.0034035 -0.0034035 -0.0034035 -0.0034035 -0.0034035 -0.0034035 -0.0034035 -0.0034035 -0.0034035 -0.0034035 -0.0034035 -0.0034035 -0.0034035 -0.0034035 -0.0034035 -0.0034035 -0.0034035 -0.0034035 -0.0034035 -0.0034035 -0.0034035
-0.014747 -0.014747 -0.014747 -0.014747 -0.014747 -0.014747 -0.014747 -0.014747 -0.014747 -0.014747 -0.014747 -0.014747 -0.014747 -0.014747 -0.014747 -0.014747 -0.014747 -0.014747 -0.014747 -0.014747 -0.014747 -0.014747 -0.014747 -0.014747 -0.014747
-0.012274 -0.012274 -0.012274 -0.012274 -0.012274 -0.012274 -0.012274 -0.012274 -0.012274 -0.012274 -0.012274 -0.012274 -0.012274 -0.012274 -0.012274 -0.012274 -0.012274 -0.012274 -0.012274 -0.012274 -0.012274 -0.012274 -0.012274 -0.012274 -0.012274
-0.01184 -0.01184 -0.01184 -0.01184 -0.01184 -0.01184 -0.01184 -0.01184 -0.01184 -0.01184 -0.01184 -0.01184 -0.01184 -0.01184 -0.01184 -0.01184 -0.01184 -0.01184 -0.01184 -0.01184 -0.01184 -0.01184 -0.01184 -0.01184 -0.01184
-0.0057618 -0.0057618 -0.0057618 -0.0057618 -0.0057618 -0.0057618 -0.0057618 -0.0057618 -0.0057618 -0.0057618 -0.0057618 -0.0057618 -0.0057618 -0.0057618 -0.0057618 -0.0057618 -0.0057618 -0.0057618 -0.0057618 -0.0057618 -0.0057618 -0.0057618 -0.0057618 -0.0057618 -0.0057618
0 0 0 0 0 0 0 0 0 0 0 0 0 0 0 0 0 0 0 0 0 0 0 0 0
0 0 0 0 0 0 0 0 0 0 0 0 0 0 0 0 0 0 0 0 0 0 0 0 0
0 0 0 0 0 0 0 0 0 0 0 0 0 0 0 0 0 0 0 0 0 0 0 0 0
-0 -0 -0 -0 -0 -0 -0 -0 -0 -0 -0 -0 -0 -0 -0 -0 -0 -0 -0 -0 -0 -0 -0 -0 -0
-0 -0 -0 -0 -0 -0 -0 -0 -0 -0 -0 -0 -0 -0 -0 -0 -0 -0 -0 -0 -0 -0 -0 -0 -0
0 0 0 0 0 0 0 0 0 0 0 0 0 0 0 0 0 0 0 0 0 0 0 0 0
0 0 0 0 0 0 0 0 0 0 0 0 0 0 0 0 0 0 0 0 0 0 0 0 0
0 0 0 0 0 0 0 0 0 0 0 0 0 0 0 0 0 0 0 0 0 0 0 0 0
0 0 0 0 0 0 0 0 0 0 0 0 0 0 0 0 0 0 0 0 0 0 0 0 0
0 0 0 0 0 0 0 0 0 0 0 0 0 0 0 0 0 0 0 0 0 0 0 0 0
0 0 0 0 0 0 0 0 0 0 0 0 0 0 0 0 0 0 0 0 0 0 0 0 0
0 0 0 0 0 0 0 0 0 0 0 0 0 0 0 0 0 0 0 0 0 0 0 0 0
0 0 0 0 0 0 0 0 0 0 0 0 0 0 0 0 0 0 0 0 0 0 0 0 0
0 0 0 0 0 0 0 0 0 0 0 0 0 0 0 0 0 0 0 0 0 0 0 0 0
-0 -0 -0 -0 -0 -0 -0 -0 -0 -0 -0 -0 -0 -0 -0 -0 -0 -0 -0 -0 -0 -0 -0 -0 -0
0 0 0 0 0 0 0 0 0 0 0 0 0 0 0 0 0 0 0 0 0 0 0 0 0
0 0 0 0 0 0 0 0 0 0 0 0 0 0 0 0 0 0 0 0 0 0 0 0 0
0 0 0 0 0 0 0 0 0 0 0 0 0 0 0 0 0 0 0 0 0 0 0 0 0
0 0 0 0 0 0 0 0 0 0 0 0 0 0 0 0 0 0 0 0 0 0 0 0 0
0 0 0 0 0 0 0 0 0 0 0 0 0 0 0 0 0 0 0 0 0 0 0 0 0
0 0 0 0 0 0 0 0 0 0 0 0 0 0 0 0 0 0 0 0 0 0 0 0 0
0 0 0 0 0 0 0 0 0 0 0 0 0 0 0 0 0 0 0 0 0 0 0 0 0
0 0 0 0 0 0 0 0 0 0 0 0 0 0 0 0 0 0 0 0 0 0 0 0 0
0 0 0 0 0 0 0 0 0 0 0 0 0 0 0 0 0 0 0 0 0 0 0 0 0
0 0 0 0 0 0 0 0 0 0 0 0 0 0 0 0 0 0 0 0 0 0 0 0 0
-0 -0 -0 -0 -0 -0 -0 -0 -0 -0 -0 -0 -0 -0 -0 -0 -0 -0 -0 -0 -0 -0 -0 -0 -0
-0 -0 -0 -0 -0 -0 -0 -0 -0 -0 -0 -0 -0 -0 -0 -0 -0 -0 -0 -0 -0 -0 -0 -0 -0
0 0 0 0 0 0 0 0 0 0 0 0 0 0 0 0 0 0 0 0 0 0 0 0 0
0 0 0 0 0 0 0 0 0 0 0 0 0 0 0 0 0 0 0 0 0 0 0 0 0
0 0 0 0 0 0 0 0 0 0 0 0 0 0 0 0 0 0 0 0 0 0 0 0 0
0 0 0 0 0 0 0 0 0 0 0 0 0 0 0 0 0 0 0 0 0 0 0 0 0
0 0 0 0 0 0 0 0 0 0 0 0 0 0 0 0 0 0 0 0 0 0 0 0 0
0 0 0 0 0 0 0 0 0 0 0 0 0 0 0 0 0 0 0 0 0 0 0 0 0
0 0 0 0 0 0 0 0 0 0 0 0 0 0 0 0 0 0 0 0 0 0 0 0 0
0 0 0 0 0 0 0 0 0 0 0 0 0 0 0 0 0 0 0 0 0 0 0 0 0
0 0 0 0 0 0 0 0 0 0 0 0 0 0 0 0 0 0 0 0 0 0 0 0 0
-0 -0 -0 -0 -0 -0 -0 -0 -0 -0 -0 -0 -0 -0 -0 -0 -0 -0 -0 -0 -0 -0 -0 -0 -0
0 0 0 0 0 0 0 0 0 0 0 0 0 0 0 0 0 0 0 0 0 0 0 0 0
0 0 0 0 0 0 0 0 0 0 0 0 0 0 0 0 0 0 0 0 0 0 0 0 0
0 0 0 0 0 0 0 0 0 0 0 0 0 0 0 0 0 0 0 0 0 0 0 0 0
0 0 0 0 0 0 0 0 0 0 0 0 0 0 0 0 0 0 0 0 0 0 0 0 0
0 0 0 0 0 0 0 0 0 0 0 0 0 0 0 0 0 0 0 0 0 0 0 0 0
0 0 0 0 0 0 0 0 0 0 0 0 0 0 0 0 0 0 0 0 0 0 0 0 0
0 0 0 0 0 0 0 0 0 0 0 0 0 0 0 0 0 0 0 0 0 0 0 0 0
0 0 0 0 0 0 0 0 0 0 0 0 0 0 0 0 0 0 0 0 0 0 0 0 0
0 0 0 0 0 0 0 0 0 0 0 0 0 0 0 0 0 0 0 0 0 0 0 0 0
0 0 0 0 0 0 0 0 0 0 0 0 0 0 0 0 0 0 0 0 0 0 0 0 0
-0 -0 -0 -0 -0 -0 -0 -0 -0 -0 -0 -0 -0 -0 -0 -0 -0 -0 -0 -0 -0 -0 -0 -0 -0
-0 -0 -0 -0 -0 -0 -0 -0 -0 -0 -0 -0 -0 -0 -0 -0 -0 -0 -0 -0 -0 -0 -0 -0 -0
0 0 0 0 0 0 0 0 0 0 0 0 0 0 0 0 0 0 0 0 0 0 0 0 0
0 0 0 0 0 0 0 0 0 0 0 0 0 0 0 0 0 0 0 0 0 0 0 0 0
0 0 0 0 0 0 0 0 0 0 0 0 0 0 0 0 0 0 0 0 0 0 0 0 0
0 0 0 0 0 0 0 0 0 0 0 0 0 0 0 0 0 0 0 0 0 0 0 0 0
0 0 0 0 0 0 0 0 0 0 0 0 0 0 0 0 0 0 0 0 0 0 0 0 0
0 0 0 0 0 0 0 0 0 0 0 0 0 0 0 0 0 0 0 0 0 0 0 0 0
0 0 0 0 0 0 0 0 0 0 0 0 0 0 0 0 0 0 0 0 0 0 0 0 0
0 0 0 0 0 0 0 0 0 0 0 0 0 0 0 0 0 0 0 0 0 0 0 0 0
0 0 0 0 0 0 0 0 0 0 0 0 0 0 0 0 0 0 0 0 0 0 0 0 0
-0 -0 -0 -0 -0 -0 -0 -0 -0 -0 -0 -0 -0 -0 -0 -0 -0 -0 -0 -0 -0 -0 -0 -0 -0
0 0 0 0 0 0 0 0 0 0 0 0 0 0 0 0 0 0 0 0 0 0 0 0 0
0 0 0 0 0 0 0 0 0 0 0 0 0 0 0 0 0 0 0 0 0 0 0 0 0
0 0 0 0 0 0 0 0 0 0 0 0 0 0 0 0 0 0 0 0 0 0 0 0 0
0 0 0 0 0 0 0 0 0 0 0 0 0 0 0 0 0 0 0 0 0 0 0 0 0
0 0 0 0 0 0 0 0 0 0 0 0 0 0 0 0 0 0 0 0 0 0 0 0 0
0 0 0 0 0 0 0 0 0 0 0 0 0 0 0 0 0 0 0 0 0 0 0 0 0
0 0 0 0 0 0 0 0 0 0 0 0 0 0 0 0 0 0 0 0 0 0 0 0 0
1 2 3 4 5 6 7 8 9 10 11 12 13 14 15 16 17 18 19 20 21 22 23 24 25
