-0.077092 -0.077092 -0.077092 -0.077092 -0.077092 -0.077092 -0.077092 -0.077092 -0.077092 -0.077092 -0.077092 -0.077092 -0.077092 -0.077092 -0.077092 -0.077092 -0.077092 -0.077092 -0.077092 -0.077092 -0.077092 -0.077092 -0.077092 -0.077092 -0.077092
-0.14237 -0.14237 -0.14237 -0.14237 -0.14237 -0.14237 -0.14237 -0.14237 -0.14237 -0.14237 -0.14237 -0.14237 -0.14237 -0.14237 -0.14237 -0.14237 -0.14237 -0.14237 -0.14237 -0.14237 -0.14237 -0.14237 -0.14237 -0.14237 -0.14237
-0.2134 -0.2134 -0.2134 -0.2134 -0.2134 -0.2134 -0.2134 -0.2134 -0.2134 -0.2134 -0.2134 -0.2134 -0.2134 -0.2134 -0.2134 -0.2134 -0.2134 -0.2134 -0.2134 -0.2134 -0.2134 -0.2134 -0.2134 -0.2134 -0.2134
1.1781 1.1781 1.1781 1.1781 1.1781 1.1781 1.1781 1.1781 1.1781 1.1781 1.1781 1.1781 1.1781 1.1781 1.1781 1.1781 1.1781 1.1781 1.1781 1.1781 1.1781 1.1781 1.1781 1.1781 1.1781
0.77176 0.77176 0.77176 0.77176 0.77176 0.77176 0.77176 0.77176 0.77176 0.77176 0.77176 0.77176 0.77176 0.77176 0.77176 0.77176 0.77176 0.77176 0.77176 0.77176 0.77176 0.77176 0.77176 0.77176 0.77176
1.1795 1.1795 1.1795 1.1795 1.1795 1.1795 1.1795 1.1795 1.1795 1.1795 1.1795 1.1795 1.1795 1.1795 1.1795 1.1795 1.1795 1.1795 1.1795 1.1795 1.1795 1.1795 1.1795 1.1795 1.1795
-0.21825 -0.21825 -0.21825 -0.21825 -0.21825 -0.21825 -0.21825 -0.21825 -0.21825 -0.21825 -0.21825 -0.21825 -0.21825 -0.21825 -0.21825 -0.21825 -0.21825 -0.21825 -0.21825 -0.21825 -0.21825 -0.21825 -0.21825 -0.21825 -0.21825
-0.14079 -0.14079 -0.14079 -0.14079 -0.14079 -0.14079 -0.14079 -0.14079 -0.14079 -0.14079 -0.14079 -0.14079 -0.14079 -0.14079 -0.14079 -0.14079 -0.14079 -0.14079 -0.14079 -0.14079 -0.14079 -0.14079 -0.14079 -0.14079 -0.14079
-0.077402 -0.077402 -0.077402 -0.077402 -0.077402 -0.077402 -0.077402 -0.077402 -0.077402 -0.077402 -0.077402 -0.077402 -0.077402 -0.077402 -0.077402 -0.077402 -0.077402 -0.077402 -0.077402 -0.077402 -0.077402 -0.077402 -0.077402 -0.077402 -0.077402
-0.053645 -0.053645 -0.053645 -0.053645 -0.053645 -0.053645 -0.053645 -0.053645 -0.053645 -0.053645 -0.053645 -0.053645 -0.053645 -0.053645 -0.053645 -0.053645 -0.053645 -0.053645 -0.053645 -0.053645 -0.053645 -0.053645 -0.053645 -0.053645 -0.053645
-0.031185 -0.031185 -0.031185 -0.031185 -0.031185 -0.031185 -0.031185 -0.031185 -0.031185 -0.031185 -0.031185 -0.031185 -0.031185 -0.031185 -0.031185 -0.031185 -0.031185 -0.031185 -0.031185 -0.031185 -0.031185 -0.031185 -0.031185 -0.031185 -0.031185
-0.10653 -0.10653 -0.10653 -0.10653 -0.10653 -0.10653 -0.10653 -0.10653 -0.10653 -0.10653 -0.10653 -0.10653 -0.10653 -0.10653 -0.10653 -0.10653 -0.10653 -0.10653 -0.10653 -0.10653 -0.10653 -0.10653 -0.10653 -0.10653 -0.10653
-0.24459 -0.24459 -0.24459 -0.24459 -0.24459 -0.24459 -0.24459 -0.24459 -0.24459 -0.24459 -0.24459 -0.24459 -0.24459 -0.24459 -0.24459 -0.24459 -0.24459 -0.24459 -0.24459 -0.24459 -0.24459 -0.24459 -0.24459 -0.24459 -0.24459
-0.82025 -0.82025 -0.82025 -0.82025 -0.82025 -0.82025 -0.82025 -0.82025 -0.82025 -0.82025 -0.82025 -0.82025 -0.82025 -0.82025 -0.82025 -0.82025 -0.82025 -0.82025 -0.82025 -0.82025 -0.82025 -0.82025 -0.82025 -0.82025 -0.82025
-3.268 -3.268 -3.268 -3.268 -3.268 -3.268 -3.268 -3.268 -3.268 -3.268 -3.268 -3.268 -3.268 -3.268 -3.268 -3.268 -3.268 -3.268 -3.268 -3.268 -3.268 -3.268 -3.268 -3.268 -3.268
-2.0448 -2.0448 -2.0448 -2.0448 -2.0448 -2.0448 -2.0448 -2.0448 -2.0448 -2.0448 -2.0448 -2.0448 -2.0448 -2.0448 -2.0448 -2.0448 -2.0448 -2.0448 -2.0448 -2.0448 -2.0448 -2.0448 -2.0448 -2.0448 -2.0448
-3.2696 -3.2696 -3.2696 -3.2696 -3.2696 -3.2696 -3.2696 -3.2696 -3.2696 -3.2696 -3.2696 -3.2696 -3.2696 -3.2696 -3.2696 -3.2696 -3.2696 -3.2696 -3.2696 -3.2696 -3.2696 -3.2696 -3.2696 -3.2696 -3.2696
-0.80514 -0.80514 -0.80514 -0.80514 -0.80514 -0.80514 -0.80514 -0.80514 -0.80514 -0.80514 -0.80514 -0.80514 -0.80514 -0.80514 -0.80514 -0.80514 -0.80514 -0.80514 -0.80514 -0.80514 -0.80514 -0.80514 -0.80514 -0.80514 -0.80514
-0.244 -0.244 -0.244 -0.244 -0.244 -0.244 -0.244 -0.244 -0.244 -0.244 -0.244 -0.244 -0.244 -0.244 -0.244 -0.244 -0.244 -0.244 -0.244 -0.244 -0.244 -0.244 -0.244 -0.244 -0.244
-0.10701 -0.10701 -0.10701 -0.10701 -0.10701 -0.10701 -0.10701 -0.10701 -0.10701 -0.10701 -0.10701 -0.10701 -0.10701 -0.10701 -0.10701 -0.10701 -0.10701 -0.10701 -0.10701 -0.10701 -0.10701 -0.10701 -0.10701 -0.10701 -0.10701
-0.069038 -0.069038 -0.069038 -0.069038 -0.069038 -0.069038 -0.069038 -0.069038 -0.069038 -0.069038 -0.069038 -0.069038 -0.069038 -0.069038 -0.069038 -0.069038 -0.069038 -0.069038 -0.069038 -0.069038 -0.069038 -0.069038 -0.069038 -0.069038 -0.069038
-0.035821 -0.035821 -0.035821 -0.035821 -0.035821 -0.035821 -0.035821 -0.035821 -0.035821 -0.035821 -0.035821 -0.035821 -0.035821 -0.035821 -0.035821 -0.035821 -0.035821 -0.035821 -0.035821 -0.035821 -0.035821 -0.035821 -0.035821 -0.035821 -0.035821
-0.13068 -0.13068 -0.13068 -0.13068 -0.13068 -0.13068 -0.13068 -0.13068 -0.13068 -0.13068 -0.13068 -0.13068 -0.13068 -0.13068 -0.13068 -0.13068 -0.13068 -0.13068 -0.13068 -0.13068 -0.13068 -0.13068 -0.13068 -0.13068 -0.13068
-0.2751 -0.2751 -0.2751 -0.2751 -0.2751 -0.2751 -0.2751 -0.2751 -0.2751 -0.2751 -0.2751 -0.2751 -0.2751 -0.2751 -0.2751 -0.2751 -0.2751 -0.2751 -0.2751 -0.2751 -0.2751 -0.2751 -0.2751 -0.2751 -0.2751
-0.7092 -0.7092 -0.7092 -0.7092 -0.7092 -0.7092 -0.7092 -0.7092 -0.7092 -0.7092 -0.7092 -0.7092 -0.7092 -0.7092 -0.7092 -0.7092 -0.7092 -0.7092 -0.7092 -0.7092 -0.7092 -0.7092 -0.7092 -0.7092 -0.7092
-0.95202 -0.95202 -0.95202 -0.95202 -0.95202 -0.95202 -0.95202 -0.95202 -0.95202 -0.95202 -0.95202 -0.95202 -0.95202 -0.95202 -0.95202 -0.95202 -0.95202 -0.95202 -0.95202 -0.95202 -0.95202 -0.95202 -0.95202 -0.95202 -0.95202
-0.47795 -0.47795 -0.47795 -0.47795 -0.47795 -0.47795 -0.47795 -0.47795 -0.47795 -0.47795 -0.47795 -0.47795 -0.47795 -0.47795 -0.47795 -0.47795 -0.47795 -0.47795 -0.47795 -0.47795 -0.47795 -0.47795 -0.47795 -0.47795 -0.47795
-0.95008 -0.95008 -0.95008 -0.95008 -0.95008 -0.95008 -0.95008 -0.95008 -0.95008 -0.95008 -0.95008 -0.95008 -0.95008 -0.95008 -0.95008 -0.95008 -0.95008 -0.95008 -0.95008 -0.95008 -0.95008 -0.95008 -0.95008 -0.95008 -0.95008
-0.71191 -0.71191 -0.71191 -0.71191 -0.71191 -0.71191 -0.71191 -0.71191 -0.71191 -0.71191 -0.71191 -0.71191 -0.71191 -0.71191 -0.71191 -0.71191 -0.71191 -0.71191 -0.71191 -0.71191 -0.71191 -0.71191 -0.71191 -0.71191 -0.71191
-0.27287 -0.27287 -0.27287 -0.27287 -0.27287 -0.27287 -0.27287 -0.27287 -0.27287 -0.27287 -0.27287 -0.27287 -0.27287 -0.27287 -0.27287 -0.27287 -0.27287 -0.27287 -0.27287 -0.27287 -0.27287 -0.27287 -0.27287 -0.27287 -0.27287
-0.13167 -0.13167 -0.13167 -0.13167 -0.13167 -0.13167 -0.13167 -0.13167 -0.13167 -0.13167 -0.13167 -0.13167 -0.13167 -0.13167 -0.13167 -0.13167 -0.13167 -0.13167 -0.13167 -0.13167 -0.13167 -0.13167 -0.13167 -0.13167 -0.13167
-0.086027 -0.086027 -0.086027 -0.086027 -0.086027 -0.086027 -0.086027 -0.086027 -0.086027 -0.086027 -0.086027 -0.086027 -0.086027 -0.086027 -0.086027 -0.086027 -0.086027 -0.086027 -0.086027 -0.086027 -0.086027 -0.086027 -0.086027 -0.086027 -0.086027
-0.047924 -0.047924 -0.047924 -0.047924 -0.047924 -0.047924 -0.047924 -0.047924 -0.047924 -0.047924 -0.047924 -0.047924 -0.047924 -0.047924 -0.047924 -0.047924 -0.047924 -0.047924 -0.047924 -0.047924 -0.047924 -0.047924 -0.047924 -0.047924 -0.047924
-0.14342 -0.14342 -0.14342 -0.14342 -0.14342 -0.14342 -0.14342 -0.14342 -0.14342 -0.14342 -0.14342 -0.14342 -0.14342 -0.14342 -0.14342 -0.14342 -0.14342 -0.14342 -0.14342 -0.14342 -0.14342 -0.14342 -0.14342 -0.14342 -0.14342
-0.32133 -0.32133 -0.32133 -0.32133 -0.32133 -0.32133 -0.32133 -0.32133 -0.32133 -0.32133 -0.32133 -0.32133 -0.32133 -0.32133 -0.32133 -0.32133 -0.32133 -0.32133 -0.32133 -0.32133 -0.32133 -0.32133 -0.32133 -0.32133 -0.32133
-1.036 -1.036 -1.036 -1.036 -1.036 -1.036 -1.036 -1.036 -1.036 -1.036 -1.036 -1.036 -1.036 -1.036 -1.036 -1.036 -1.036 -1.036 -1.036 -1.036 -1.036 -1.036 -1.036 -1.036 -1.036
-3.8556 -3.8556 -3.8556 -3.8556 -3.8556 -3.8556 -3.8556 -3.8556 -3.8556 -3.8556 -3.8556 -3.8556 -3.8556 -3.8556 -3.8556 -3.8556 -3.8556 -3.8556 -3.8556 -3.8556 -3.8556 -3.8556 -3.8556 -3.8556 -3.8556
-2.356 -2.356 -2.356 -2.356 -2.356 -2.356 -2.356 -2.356 -2.356 -2.356 -2.356 -2.356 -2.356 -2.356 -2.356 -2.356 -2.356 -2.356 -2.356 -2.356 -2.356 -2.356 -2.356 -2.356 -2.356
-3.8573 -3.8573 -3.8573 -3.8573 -3.8573 -3.8573 -3.8573 -3.8573 -3.8573 -3.8573 -3.8573 -3.8573 -3.8573 -3.8573 -3.8573 -3.8573 -3.8573 -3.8573 -3.8573 -3.8573 -3.8573 -3.8573 -3.8573 -3.8573 -3.8573
-1.0154 -1.0154 -1.0154 -1.0154 -1.0154 -1.0154 -1.0154 -1.0154 -1.0154 -1.0154 -1.0154 -1.0154 -1.0154 -1.0154 -1.0154 -1.0154 -1.0154 -1.0154 -1.0154 -1.0154 -1.0154 -1.0154 -1.0154 -1.0154 -1.0154
-0.32041 -0.32041 -0.32041 -0.32041 -0.32041 -0.32041 -0.32041 -0.32041 -0.32041 -0.32041 -0.32041 -0.32041 -0.32041 -0.32041 -0.32041 -0.32041 -0.32041 -0.32041 -0.32041 -0.32041 -0.32041 -0.32041 -0.32041 -0.32041 -0.32041
-0.14447 -0.14447 -0.14447 -0.14447 -0.14447 -0.14447 -0.14447 -0.14447 -0.14447 -0.14447 -0.14447 -0.14447 -0.14447 -0.14447 -0.14447 -0.14447 -0.14447 -0.14447 -0.14447 -0.14447 -0.14447 -0.14447 -0.14447 -0.14447 -0.14447
-0.094686 -0.094686 -0.094686 -0.094686 -0.094686 -0.094686 -0.094686 -0.094686 -0.094686 -0.094686 -0.094686 -0.094686 -0.094686 -0.094686 -0.094686 -0.094686 -0.094686 -0.094686 -0.094686 -0.094686 -0.094686 -0.094686 -0.094686 -0.094686 -0.094686
-0.050039 -0.050039 -0.050039 -0.050039 -0.050039 -0.050039 -0.050039 -0.050039 -0.050039 -0.050039 -0.050039 -0.050039 -0.050039 -0.050039 -0.050039 -0.050039 -0.050039 -0.050039 -0.050039 -0.050039 -0.050039 -0.050039 -0.050039 -0.050039 -0.050039
0.047814 0.047814 0.047814 0.047814 0.047814 0.047814 0.047814 0.047814 0.047814 0.047814 0.047814 0.047814 0.047814 0.047814 0.047814 0.047814 0.047814 0.047814 0.047814 0.047814 0.047814 0.047814 0.047814 0.047814 0.047814
0.17846 0.17846 0.17846 0.17846 0.17846 0.17846 0.17846 0.17846 0.17846 0.17846 0.17846 0.17846 0.17846 0.17846 0.17846 0.17846 0.17846 0.17846 0.17846 0.17846 0.17846 0.17846 0.17846 0.17846 0.17846
0.96133 0.96133 0.96133 0.96133 0.96133 0.96133 0.96133 0.96133 0.96133 0.96133 0.96133 0.96133 0.96133 0.96133 0.96133 0.96133 0.96133 0.96133 0.96133 0.96133 0.96133 0.96133 0.96133 0.96133 0.96133
4.4304 4.4304 4.4304 4.4304 4.4304 4.4304 4.4304 4.4304 4.4304 4.4304 4.4304 4.4304 4.4304 4.4304 4.4304 4.4304 4.4304 4.4304 4.4304 4.4304 4.4304 4.4304 4.4304 4.4304 4.4304
0.00080953 0.00080953 0.00080953 0.00080953 0.00080953 0.00080953 0.00080953 0.00080953 0.00080953 0.00080953 0.00080953 0.00080953 0.00080953 0.00080953 0.00080953 0.00080953 0.00080953 0.00080953 0.00080953 0.00080953 0.00080953 0.00080953 0.00080953 0.00080953 0.00080953
-4.4223 -4.4223 -4.4223 -4.4223 -4.4223 -4.4223 -4.4223 -4.4223 -4.4223 -4.4223 -4.4223 -4.4223 -4.4223 -4.4223 -4.4223 -4.4223 -4.4223 -4.4223 -4.4223 -4.4223 -4.4223 -4.4223 -4.4223 -4.4223 -4.4223
-0.95842 -0.95842 -0.95842 -0.95842 -0.95842 -0.95842 -0.95842 -0.95842 -0.95842 -0.95842 -0.95842 -0.95842 -0.95842 -0.95842 -0.95842 -0.95842 -0.95842 -0.95842 -0.95842 -0.95842 -0.95842 -0.95842 -0.95842 -0.95842 -0.95842
-0.17652 -0.17652 -0.17652 -0.17652 -0.17652 -0.17652 -0.17652 -0.17652 -0.17652 -0.17652 -0.17652 -0.17652 -0.17652 -0.17652 -0.17652 -0.17652 -0.17652 -0.17652 -0.17652 -0.17652 -0.17652 -0.17652 -0.17652 -0.17652 -0.17652
-0.048375 -0.048375 -0.048375 -0.048375 -0.048375 -0.048375 -0.048375 -0.048375 -0.048375 -0.048375 -0.048375 -0.048375 -0.048375 -0.048375 -0.048375 -0.048375 -0.048375 -0.048375 -0.048375 -0.048375 -0.048375 -0.048375 -0.048375 -0.048375 -0.048375
-0.02031 -0.02031 -0.02031 -0.02031 -0.02031 -0.02031 -0.02031 -0.02031 -0.02031 -0.02031 -0.02031 -0.02031 -0.02031 -0.02031 -0.02031 -0.02031 -0.02031 -0.02031 -0.02031 -0.02031 -0.02031 -0.02031 -0.02031 -0.02031 -0.02031
-0.0075739 -0.0075739 -0.0075739 -0.0075739 -0.0075739 -0.0075739 -0.0075739 -0.0075739 -0.0075739 -0.0075739 -0.0075739 -0.0075739 -0.0075739 -0.0075739 -0.0075739 -0.0075739 -0.0075739 -0.0075739 -0.0075739 -0.0075739 -0.0075739 -0.0075739 -0.0075739 -0.0075739 -0.0075739
0.029619 0.029619 0.029619 0.029619 0.029619 0.029619 0.029619 0.029619 0.029619 0.029619 0.029619 0.029619 0.029619 0.029619 0.029619 0.029619 0.029619 0.029619 0.029619 0.029619 0.029619 0.029619 0.029619 0.029619 0.029619
0.093504 0.093504 0.093504 0.093504 0.093504 0.093504 0.093504 0.093504 0.093504 0.093504 0.093504 0.093504 0.093504 0.093504 0.093504 0.093504 0.093504 0.093504 0.093504 0.093504 0.093504 0.093504 0.093504 0.093504 0.093504
0.36159 0.36159 0.36159 0.36159 0.36159 0.36159 0.36159 0.36159 0.36159 0.36159 0.36159 0.36159 0.36159 0.36159 0.36159 0.36159 0.36159 0.36159 0.36159 0.36159 0.36159 0.36159 0.36159 0.36159 0.36159
0.78885 0.78885 0.78885 0.78885 0.78885 0.78885 0.78885 0.78885 0.78885 0.78885 0.78885 0.78885 0.78885 0.78885 0.78885 0.78885 0.78885 0.78885 0.78885 0.78885 0.78885 0.78885 0.78885 0.78885 0.78885
0.0038147 0.0038147 0.0038147 0.0038147 0.0038147 0.0038147 0.0038147 0.0038147 0.0038147 0.0038147 0.0038147 0.0038147 0.0038147 0.0038147 0.0038147 0.0038147 0.0038147 0.0038147 0.0038147 0.0038147 0.0038147 0.0038147 0.0038147 0.0038147 0.0038147
-0.78874 -0.78874 -0.78874 -0.78874 -0.78874 -0.78874 -0.78874 -0.78874 -0.78874 -0.78874 -0.78874 -0.78874 -0.78874 -0.78874 -0.78874 -0.78874 -0.78874 -0.78874 -0.78874 -0.78874 -0.78874 -0.78874 -0.78874 -0.78874 -0.78874
-0.36536 -0.36536 -0.36536 -0.36536 -0.36536 -0.36536 -0.36536 -0.36536 -0.36536 -0.36536 -0.36536 -0.36536 -0.36536 -0.36536 -0.36536 -0.36536 -0.36536 -0.36536 -0.36536 -0.36536 -0.36536 -0.36536 -0.36536 -0.36536 -0.36536
-0.092486 -0.092486 -0.092486 -0.092486 -0.092486 -0.092486 -0.092486 -0.092486 -0.092486 -0.092486 -0.092486 -0.092486 -0.092486 -0.092486 -0.092486 -0.092486 -0.092486 -0.092486 -0.092486 -0.092486 -0.092486 -0.092486 -0.092486 -0.092486 -0.092486
-0.030096 -0.030096 -0.030096 -0.030096 -0.030096 -0.030096 -0.030096 -0.030096 -0.030096 -0.030096 -0.030096 -0.030096 -0.030096 -0.030096 -0.030096 -0.030096 -0.030096 -0.030096 -0.030096 -0.030096 -0.030096 -0.030096 -0.030096 -0.030096 -0.030096
-0.013613 -0.013613 -0.013613 -0.013613 -0.013613 -0.013613 -0.013613 -0.013613 -0.013613 -0.013613 -0.013613 -0.013613 -0.013613 -0.013613 -0.013613 -0.013613 -0.013613 -0.013613 -0.013613 -0.013613 -0.013613 -0.013613 -0.013613 -0.013613 -0.013613
-0.0060332 -0.0060332 -0.0060332 -0.0060332 -0.0060332 -0.0060332 -0.0060332 -0.0060332 -0.0060332 -0.0060332 -0.0060332 -0.0060332 -0.0060332 -0.0060332 -0.0060332 -0.0060332 -0.0060332 -0.0060332 -0.0060332 -0.0060332 -0.0060332 -0.0060332 -0.0060332 -0.0060332 -0.0060332
0 0 0 0 0 0 0 0 0 0 0 0 0 0 0 0 0 0 0 0 0 0 0 0 0
0 0 0 0 0 0 0 0 0 0 0 0 0 0 0 0 0 0 0 0 0 0 0 0 0
0 0 0 0 0 0 0 0 0 0 0 0 0 0 0 0 0 0 0 0 0 0 0 0 0
-0 -0 -0 -0 -0 -0 -0 -0 -0 -0 -0 -0 -0 -0 -0 -0 -0 -0 -0 -0 -0 -0 -0 -0 -0
-0 -0 -0 -0 -0 -0 -0 -0 -0 -0 -0 -0 -0 -0 -0 -0 -0 -0 -0 -0 -0 -0 -0 -0 -0
0 0 0 0 0 0 0 0 0 0 0 0 0 0 0 0 0 0 0 0 0 0 0 0 0
0 0 0 0 0 0 0 0 0 0 0 0 0 0 0 0 0 0 0 0 0 0 0 0 0
0 0 0 0 0 0 0 0 0 0 0 0 0 0 0 0 0 0 0 0 0 0 0 0 0
0 0 0 0 0 0 0 0 0 0 0 0 0 0 0 0 0 0 0 0 0 0 0 0 0
0 0 0 0 0 0 0 0 0 0 0 0 0 0 0 0 0 0 0 0 0 0 0 0 0
0 0 0 0 0 0 0 0 0 0 0 0 0 0 0 0 0 0 0 0 0 0 0 0 0
0 0 0 0 0 0 0 0 0 0 0 0 0 0 0 0 0 0 0 0 0 0 0 0 0
0 0 0 0 0 0 0 0 0 0 0 0 0 0 0 0 0 0 0 0 0 0 0 0 0
0 0 0 0 0 0 0 0 0 0 0 0 0 0 0 0 0 0 0 0 0 0 0 0 0
0 0 0 0 0 0 0 0 0 0 0 0 0 0 0 0 0 0 0 0 0 0 0 0 0
0 0 0 0 0 0 0 0 0 0 0 0 0 0 0 0 0 0 0 0 0 0 0 0 0
-0 -0 -0 -0 -0 -0 -0 -0 -0 -0 -0 -0 -0 -0 -0 -0 -0 -0 -0 -0 -0 -0 -0 -0 -0
0 0 0 0 0 0 0 0 0 0 0 0 0 0 0 0 0 0 0 0 0 0 0 0 0
0 0 0 0 0 0 0 0 0 0 0 0 0 0 0 0 0 0 0 0 0 0 0 0 0
0 0 0 0 0 0 0 0 0 0 0 0 0 0 0 0 0 0 0 0 0 0 0 0 0
0 0 0 0 0 0 0 0 0 0 0 0 0 0 0 0 0 0 0 0 0 0 0 0 0
0 0 0 0 0 0 0 0 0 0 0 0 0 0 0 0 0 0 0 0 0 0 0 0 0
0.0057091 0.0057091 0.0057091 0.0057091 0.0057091 0.0057091 0.0057091 0.0057091 0.0057091 0.0057091 0.0057091 0.0057091 0.0057091 0.0057091 0.0057091 0.0057091 0.0057091 0.0057091 0.0057091 0.0057091 0.0057091 0.0057091 0.0057091 0.0057091 0.0057091
0.059248 0.059248 0.059248 0.059248 0.059248 0.059248 0.059248 0.059248 0.059248 0.059248 0.059248 0.059248 0.059248 0.059248 0.059248 0.059248 0.059248 0.059248 0.059248 0.059248 0.059248 0.059248 0.059248 0.059248 0.059248
0.49772 0.49772 0.49772 0.49772 0.49772 0.49772 0.49772 0.49772 0.49772 0.49772 0.49772 0.49772 0.49772 0.49772 0.49772 0.49772 0.49772 0.49772 0.49772 0.49772 0.49772 0.49772 0.49772 0.49772 0.49772
0.83744 0.83744 0.83744 0.83744 0.83744 0.83744 0.83744 0.83744 0.83744 0.83744 0.83744 0.83744 0.83744 0.83744 0.83744 0.83744 0.83744 0.83744 0.83744 0.83744 0.83744 0.83744 0.83744 0.83744 0.83744
-2.3732 -2.3732 -2.3732 -2.3732 -2.3732 -2.3732 -2.3732 -2.3732 -2.3732 -2.3732 -2.3732 -2.3732 -2.3732 -2.3732 -2.3732 -2.3732 -2.3732 -2.3732 -2.3732 -2.3732 -2.3732 -2.3732 -2.3732 -2.3732 -2.3732
0.83473 0.83473 0.83473 0.83473 0.83473 0.83473 0.83473 0.83473 0.83473 0.83473 0.83473 0.83473 0.83473 0.83473 0.83473 0.83473 0.83473 0.83473 0.83473 0.83473 0.83473 0.83473 0.83473 0.83473 0.83473
0.49507 0.49507 0.49507 0.49507 0.49507 0.49507 0.49507 0.49507 0.49507 0.49507 0.49507 0.49507 0.49507 0.49507 0.49507 0.49507 0.49507 0.49507 0.49507 0.49507 0.49507 0.49507 0.49507 0.49507 0.49507
0.059873 0.059873 0.059873 0.059873 0.059873 0.059873 0.059873 0.059873 0.059873 0.059873 0.059873 0.059873 0.059873 0.059873 0.059873 0.059873 0.059873 0.059873 0.059873 0.059873 0.059873 0.059873 0.059873 0.059873 0.059873
0.0072387 0.0072387 0.0072387 0.0072387 0.0072387 0.0072387 0.0072387 0.0072387 0.0072387 0.0072387 0.0072387 0.0072387 0.0072387 0.0072387 0.0072387 0.0072387 0.0072387 0.0072387 0.0072387 0.0072387 0.0072387 0.0072387 0.0072387 0.0072387 0.0072387
-0.0027751 -0.0027751 -0.0027751 -0.0027751 -0.0027751 -0.0027751 -0.0027751 -0.0027751 -0.0027751 -0.0027751 -0.0027751 -0.0027751 -0.0027751 -0.0027751 -0.0027751 -0.0027751 -0.0027751 -0.0027751 -0.0027751 -0.0027751 -0.0027751 -0.0027751 -0.0027751 -0.0027751 -0.0027751
-0.0031531 -0.0031531 -0.0031531 -0.0031531 -0.0031531 -0.0031531 -0.0031531 -0.0031531 -0.0031531 -0.0031531 -0.0031531 -0.0031531 -0.0031531 -0.0031531 -0.0031531 -0.0031531 -0.0031531 -0.0031531 -0.0031531 -0.0031531 -0.0031531 -0.0031531 -0.0031531 -0.0031531 -0.0031531
-0.0063603 -0.0063603 -0.0063603 -0.0063603 -0.0063603 -0.0063603 -0.0063603 -0.0063603 -0.0063603 -0.0063603 -0.0063603 -0.0063603 -0.0063603 -0.0063603 -0.0063603 -0.0063603 -0.0063603 -0.0063603 -0.0063603 -0.0063603 -0.0063603 -0.0063603 -0.0063603 -0.0063603 -0.0063603
-0.0002669 -0.0002669 -0.0002669 -0.0002669 -0.0002669 -0.0002669 -0.0002669 -0.0002669 -0.0002669 -0.0002669 -0.0002669 -0.0002669 -0.0002669 -0.0002669 -0.0002669 -0.0002669 -0.0002669 -0.0002669 -0.0002669 -0.0002669 -0.0002669 -0.0002669 -0.0002669 -0.0002669 -0.0002669
0.02392 0.02392 0.02392 0.02392 0.02392 0.02392 0.02392 0.02392 0.02392 0.02392 0.02392 0.02392 0.02392 0.02392 0.02392 0.02392 0.02392 0.02392 0.02392 0.02392 0.02392 0.02392 0.02392 0.02392 0.02392
-0.54014 -0.54014 -0.54014 -0.54014 -0.54014 -0.54014 -0.54014 -0.54014 -0.54014 -0.54014 -0.54014 -0.54014 -0.54014 -0.54014 -0.54014 -0.54014 -0.54014 -0.54014 -0.54014 -0.54014 -0.54014 -0.54014 -0.54014 -0.54014 -0.54014
-0.55955 -0.55955 -0.55955 -0.55955 -0.55955 -0.55955 -0.55955 -0.55955 -0.55955 -0.55955 -0.55955 -0.55955 -0.55955 -0.55955 -0.55955 -0.55955 -0.55955 -0.55955 -0.55955 -0.55955 -0.55955 -0.55955 -0.55955 -0.55955 -0.55955
-0.53837 -0.53837 -0.53837 -0.53837 -0.53837 -0.53837 -0.53837 -0.53837 -0.53837 -0.53837 -0.53837 -0.53837 -0.53837 -0.53837 -0.53837 -0.53837 -0.53837 -0.53837 -0.53837 -0.53837 -0.53837 -0.53837 -0.53837 -0.53837 -0.53837
0.024388 0.024388 0.024388 0.024388 0.024388 0.024388 0.024388 0.024388 0.024388 0.024388 0.024388 0.024388 0.024388 0.024388 0.024388 0.024388 0.024388 0.024388 0.024388 0.024388 0.024388 0.024388 0.024388 0.024388 0.024388
-4.0699e-05 -4.0699e-05 -4.0699e-05 -4.0699e-05 -4.0699e-05 -4.0699e-05 -4.0699e-05 -4.0699e-05 -4.0699e-05 -4.0699e-05 -4.0699e-05 -4.0699e-05 -4.0699e-05 -4.0699e-05 -4.0699e-05 -4.0699e-05 -4.0699e-05 -4.0699e-05 -4.0699e-05 -4.0699e-05 -4.0699e-05 -4.0699e-05 -4.0699e-05 -4.0699e-05 -4.0699e-05
-0.0051329 -0.0051329 -0.0051329 -0.0051329 -0.0051329 -0.0051329 -0.0051329 -0.0051329 -0.0051329 -0.0051329 -0.0051329 -0.0051329 -0.0051329 -0.0051329 -0.0051329 -0.0051329 -0.0051329 -0.0051329 -0.0051329 -0.0051329 -0.0051329 -0.0051329 -0.0051329 -0.0051329 -0.0051329
-0.0069927 -0.0069927 -0.0069927 -0.0069927 -0.0069927 -0.0069927 -0.0069927 -0.0069927 -0.0069927 -0.0069927 -0.0069927 -0.0069927 -0.0069927 -0.0069927 -0.0069927 -0.0069927 -0.0069927 -0.0069927 -0.0069927 -0.0069927 -0.0069927 -0.0069927 -0.0069927 -0.0069927 -0.0069927
-0.0042389 -0.0042389 -0.0042389 -0.0042389 -0.0042389 -0.0042389 -0.0042389 -0.0042389 -0.0042389 -0.0042389 -0.0042389 -0.0042389 -0.0042389 -0.0042389 -0.0042389 -0.0042389 -0.0042389 -0.0042389 -0.0042389 -0.0042389 -0.0042389 -0.0042389 -0.0042389 -0.0042389 -0.0042389
0 0 0 0 0 0 0 0 0 0 0 0 0 0 0 0 0 0 0 0 0 0 0 0 0
0 0 0 0 0 0 0 0 0 0 0 0 0 0 0 0 0 0 0 0 0 0 0 0 0
0 0 0 0 0 0 0 0 0 0 0 0 0 0 0 0 0 0 0 0 0 0 0 0 0
-0 -0 -0 -0 -0 -0 -0 -0 -0 -0 -0 -0 -0 -0 -0 -0 -0 -0 -0 -0 -0 -0 -0 -0 -0
-0 -0 -0 -0 -0 -0 -0 -0 -0 -0 -0 -0 -0 -0 -0 -0 -0 -0 -0 -0 -0 -0 -0 -0 -0
0 0 0 0 0 0 0 0 0 0 0 0 0 0 0 0 0 0 0 0 0 0 0 0 0
0 0 0 0 0 0 0 0 0 0 0 0 0 0 0 0 0 0 0 0 0 0 0 0 0
0 0 0 0 0 0 0 0 0 0 0 0 0 0 0 0 0 0 0 0 0 0 0 0 0
0 0 0 0 0 0 0 0 0 0 0 0 0 0 0 0 0 0 0 0 0 0 0 0 0
0 0 0 0 0 0 0 0 0 0 0 0 0 0 0 0 0 0 0 0 0 0 0 0 0
0 0 0 0 0 0 0 0 0 0 0 0 0 0 0 0 0 0 0 0 0 0 0 0 0
0 0 0 0 0 0 0 0 0 0 0 0 0 0 0 0 0 0 0 0 0 0 0 0 0
0 0 0 0 0 0 0 0 0 0 0 0 0 0 0 0 0 0 0 0 0 0 0 0 0
0 0 0 0 0 0 0 0 0 0 0 0 0 0 0 0 0 0 0 0 0 0 0 0 0
0 0 0 0 0 0 0 0 0 0 0 0 0 0 0 0 0 0 0 0 0 0 0 0 0
0 0 0 0 0 0 0 0 0 0 0 0 0 0 0 0 0 0 0 0 0 0 0 0 0
-0 -0 -0 -0 -0 -0 -0 -0 -0 -0 -0 -0 -0 -0 -0 -0 -0 -0 -0 -0 -0 -0 -0 -0 -0
0 0 0 0 0 0 0 0 0 0 0 0 0 0 0 0 0 0 0 0 0 0 0 0 0
0 0 0 0 0 0 0 0 0 0 0 0 0 0 0 0 0 0 0 0 0 0 0 0 0
0 0 0 0 0 0 0 0 0 0 0 0 0 0 0 0 0 0 0 0 0 0 0 0 0
0 0 0 0 0 0 0 0 0 0 0 0 0 0 0 0 0 0 0 0 0 0 0 0 0
0 0 0 0 0 0 0 0 0 0 0 0 0 0 0 0 0 0 0 0 0 0 0 0 0
0 0 0 0 0 0 0 0 0 0 0 0 0 0 0 0 0 0 0 0 0 0 0 0 0
0 0 0 0 0 0 0 0 0 0 0 0 0 0 0 0 0 0 0 0 0 0 0 0 0
0 0 0 0 0 0 0 0 0 0 0 0 0 0 0 0 0 0 0 0 0 0 0 0 0
-0 -0 -0 -0 -0 -0 -0 -0 -0 -0 -0 -0 -0 -0 -0 -0 -0 -0 -0 -0 -0 -0 -0 -0 -0
-0 -0 -0 -0 -0 -0 -0 -0 -0 -0 -0 -0 -0 -0 -0 -0 -0 -0 -0 -0 -0 -0 -0 -0 -0
0 0 0 0 0 0 0 0 0 0 0 0 0 0 0 0 0 0 0 0 0 0 0 0 0
0 0 0 0 0 0 0 0 0 0 0 0 0 0 0 0 0 0 0 0 0 0 0 0 0
0 0 0 0 0 0 0 0 0 0 0 0 0 0 0 0 0 0 0 0 0 0 0 0 0
0 0 0 0 0 0 0 0 0 0 0 0 0 0 0 0 0 0 0 0 0 0 0 0 0
0 0 0 0 0 0 0 0 0 0 0 0 0 0 0 0 0 0 0 0 0 0 0 0 0
0 0 0 0 0 0 0 0 0 0 0 0 0 0 0 0 0 0 0 0 0 0 0 0 0
0 0 0 0 0 0 0 0 0 0 0 0 0 0 0 0 0 0 0 0 0 0 0 0 0
0 0 0 0 0 0 0 0 0 0 0 0 0 0 0 0 0 0 0 0 0 0 0 0 0
0 0 0 0 0 0 0 0 0 0 0 0 0 0 0 0 0 0 0 0 0 0 0 0 0
0 0 0 0 0 0 0 0 0 0 0 0 0 0 0 0 0 0 0 0 0 0 0 0 0
0 0 0 0 0 0 0 0 0 0 0 0 0 0 0 0 0 0 0 0 0 0 0 0 0
-0 -0 -0 -0 -0 -0 -0 -0 -0 -0 -0 -0 -0 -0 -0 -0 -0 -0 -0 -0 -0 -0 -0 -0 -0
0 0 0 0 0 0 0 0 0 0 0 0 0 0 0 0 0 0 0 0 0 0 0 0 0
0 0 0 0 0 0 0 0 0 0 0 0 0 0 0 0 0 0 0 0 0 0 0 0 0
0 0 0 0 0 0 0 0 0 0 0 0 0 0 0 0 0 0 0 0 0 0 0 0 0
0 0 0 0 0 0 0 0 0 0 0 0 0 0 0 0 0 0 0 0 0 0 0 0 0
0 0 0 0 0 0 0 0 0 0 0 0 0 0 0 0 0 0 0 0 0 0 0 0 0
0 0 0 0 0 0 0 0 0 0 0 0 0 0 0 0 0 0 0 0 0 0 0 0 0
0 0 0 0 0 0 0 0 0 0 0 0 0 0 0 0 0 0 0 0 0 0 0 0 0
0 0 0 0 0 0 0 0 0 0 0 0 0 0 0 0 0 0 0 0 0 0 0 0 0
-0 -0 -0 -0 -0 -0 -0 -0 -0 -0 -0 -0 -0 -0 -0 -0 -0 -0 -0 -0 -0 -0 -0 -0 -0
-0 -0 -0 -0 -0 -0 -0 -0 -0 -0 -0 -0 -0 -0 -0 -0 -0 -0 -0 -0 -0 -0 -0 -0 -0
0 0 0 0 0 0 0 0 0 0 0 0 0 0 0 0 0 0 0 0 0 0 0 0 0
0 0 0 0 0 0 0 0 0 0 0 0 0 0 0 0 0 0 0 0 0 0 0 0 0
0 0 0 0 0 0 0 0 0 0 0 0 0 0 0 0 0 0 0 0 0 0 0 0 0
0 0 0 0 0 0 0 0 0 0 0 0 0 0 0 0 0 0 0 0 0 0 0 0 0
0 0 0 0 0 0 0 0 0 0 0 0 0 0 0 0 0 0 0 0 0 0 0 0 0
0 0 0 0 0 0 0 0 0 0 0 0 0 0 0 0 0 0 0 0 0 0 0 0 0
0 0 0 0 0 0 0 0 0 0 0 0 0 0 0 0 0 0 0 0 0 0 0 0 0
0 0 0 0 0 0 0 0 0 0 0 0 0 0 0 0 0 0 0 0 0 0 0 0 0
0 0 0 0 0 0 0 0 0 0 0 0 0 0 0 0 0 0 0 0 0 0 0 0 0
0 0 0 0 0 0 0 0 0 0 0 0 0 0 0 0 0 0 0 0 0 0 0 0 0
0 0 0 0 0 0 0 0 0 0 0 0 0 0 0 0 0 0 0 0 0 0 0 0 0
-0 -0 -0 -0 -0 -0 -0 -0 -0 -0 -0 -0 -0 -0 -0 -0 -0 -0 -0 -0 -0 -0 -0 -0 -0
0 0 0 0 0 0 0 0 0 0 0 0 0 0 0 0 0 0 0 0 0 0 0 0 0
0 0 0 0 0 0 0 0 0 0 0 0 0 0 0 0 0 0 0 0 0 0 0 0 0
0 0 0 0 0 0 0 0 0 0 0 0 0 0 0 0 0 0 0 0 0 0 0 0 0
0 0 0 0 0 0 0 0 0 0 0 0 0 0 0 0 0 0 0 0 0 0 0 0 0
0 0 0 0 0 0 0 0 0 0 0 0 0 0 0 0 0 0 0 0 0 0 0 0 0
1 2 3 4 5 6 7 8 9 10 11 12 13 14 15 16 17 18 19 20 21 22 23 24 25
