-0.025692 -0.025692 -0.025692 -0.025692 -0.025692 -0.025692 -0.025692 -0.025692 -0.025692 -0.025692 -0.025692 -0.025692 -0.025692 -0.025692 -0.025692 -0.025692 -0.025692 -0.025692 -0.025692 -0.025692 -0.025692 -0.025692 -0.025692 -0.025692 -0.025692
-0.035767 -0.035767 -0.035767 -0.035767 -0.035767 -0.035767 -0.035767 -0.035767 -0.035767 -0.035767 -0.035767 -0.035767 -0.035767 -0.035767 -0.035767 -0.035767 -0.035767 -0.035767 -0.035767 -0.035767 -0.035767 -0.035767 -0.035767 -0.035767 -0.035767
-0.058212 -0.058212 -0.058212 -0.058212 -0.058212 -0.058212 -0.058212 -0.058212 -0.058212 -0.058212 -0.058212 -0.058212 -0.058212 -0.058212 -0.058212 -0.058212 -0.058212 -0.058212 -0.058212 -0.058212 -0.058212 -0.058212 -0.058212 -0.058212 -0.058212
-0.084567 -0.084567 -0.084567 -0.084567 -0.084567 -0.084567 -0.084567 -0.084567 -0.084567 -0.084567 -0.084567 -0.084567 -0.084567 -0.084567 -0.084567 -0.084567 -0.084567 -0.084567 -0.084567 -0.084567 -0.084567 -0.084567 -0.084567 -0.084567 -0.084567
6.2266e-16 6.2266e-16 6.2266e-16 6.2266e-16 6.2266e-16 6.2266e-16 6.2266e-16 6.2266e-16 6.2266e-16 6.2266e-16 6.2266e-16 6.2266e-16 6.2266e-16 6.2266e-16 6.2266e-16 6.2266e-16 6.2266e-16 6.2266e-16 6.2266e-16 6.2266e-16 6.2266e-16 6.2266e-16 6.2266e-16 6.2266e-16 6.2266e-16
-0.01012 -0.01012 -0.01012 -0.01012 -0.01012 -0.01012 -0.01012 -0.01012 -0.01012 -0.01012 -0.01012 -0.01012 -0.01012 -0.01012 -0.01012 -0.01012 -0.01012 -0.01012 -0.01012 -0.01012 -0.01012 -0.01012 -0.01012 -0.01012 -0.01012
1.0077 1.0077 1.0077 1.0077 1.0077 1.0077 1.0077 1.0077 1.0077 1.0077 1.0077 1.0077 1.0077 1.0077 1.0077 1.0077 1.0077 1.0077 1.0077 1.0077 1.0077 1.0077 1.0077 1.0077 1.0077
1.0557 1.0557 1.0557 1.0557 1.0557 1.0557 1.0557 1.0557 1.0557 1.0557 1.0557 1.0557 1.0557 1.0557 1.0557 1.0557 1.0557 1.0557 1.0557 1.0557 1.0557 1.0557 1.0557 1.0557 1.0557
0.55162 0.55162 0.55162 0.55162 0.55162 0.55162 0.55162 0.55162 0.55162 0.55162 0.55162 0.55162 0.55162 0.55162 0.55162 0.55162 0.55162 0.55162 0.55162 0.55162 0.55162 0.55162 0.55162 0.55162 0.55162
-0.072586 -0.072586 -0.072586 -0.072586 -0.072586 -0.072586 -0.072586 -0.072586 -0.072586 -0.072586 -0.072586 -0.072586 -0.072586 -0.072586 -0.072586 -0.072586 -0.072586 -0.072586 -0.072586 -0.072586 -0.072586 -0.072586 -0.072586 -0.072586 -0.072586
-0.062439 -0.062439 -0.062439 -0.062439 -0.062439 -0.062439 -0.062439 -0.062439 -0.062439 -0.062439 -0.062439 -0.062439 -0.062439 -0.062439 -0.062439 -0.062439 -0.062439 -0.062439 -0.062439 -0.062439 -0.062439 -0.062439 -0.062439 -0.062439 -0.062439
-0.030036 -0.030036 -0.030036 -0.030036 -0.030036 -0.030036 -0.030036 -0.030036 -0.030036 -0.030036 -0.030036 -0.030036 -0.030036 -0.030036 -0.030036 -0.030036 -0.030036 -0.030036 -0.030036 -0.030036 -0.030036 -0.030036 -0.030036 -0.030036 -0.030036
-0.043811 -0.043811 -0.043811 -0.043811 -0.043811 -0.043811 -0.043811 -0.043811 -0.043811 -0.043811 -0.043811 -0.043811 -0.043811 -0.043811 -0.043811 -0.043811 -0.043811 -0.043811 -0.043811 -0.043811 -0.043811 -0.043811 -0.043811 -0.043811 -0.043811
-0.074855 -0.074855 -0.074855 -0.074855 -0.074855 -0.074855 -0.074855 -0.074855 -0.074855 -0.074855 -0.074855 -0.074855 -0.074855 -0.074855 -0.074855 -0.074855 -0.074855 -0.074855 -0.074855 -0.074855 -0.074855 -0.074855 -0.074855 -0.074855 -0.074855
-0.14623 -0.14623 -0.14623 -0.14623 -0.14623 -0.14623 -0.14623 -0.14623 -0.14623 -0.14623 -0.14623 -0.14623 -0.14623 -0.14623 -0.14623 -0.14623 -0.14623 -0.14623 -0.14623 -0.14623 -0.14623 -0.14623 -0.14623 -0.14623 -0.14623
-0.13083 -0.13083 -0.13083 -0.13083 -0.13083 -0.13083 -0.13083 -0.13083 -0.13083 -0.13083 -0.13083 -0.13083 -0.13083 -0.13083 -0.13083 -0.13083 -0.13083 -0.13083 -0.13083 -0.13083 -0.13083 -0.13083 -0.13083 -0.13083 -0.13083
-0.64875 -0.64875 -0.64875 -0.64875 -0.64875 -0.64875 -0.64875 -0.64875 -0.64875 -0.64875 -0.64875 -0.64875 -0.64875 -0.64875 -0.64875 -0.64875 -0.64875 -0.64875 -0.64875 -0.64875 -0.64875 -0.64875 -0.64875 -0.64875 -0.64875
-2.9661 -2.9661 -2.9661 -2.9661 -2.9661 -2.9661 -2.9661 -2.9661 -2.9661 -2.9661 -2.9661 -2.9661 -2.9661 -2.9661 -2.9661 -2.9661 -2.9661 -2.9661 -2.9661 -2.9661 -2.9661 -2.9661 -2.9661 -2.9661 -2.9661
-4.0379 -4.0379 -4.0379 -4.0379 -4.0379 -4.0379 -4.0379 -4.0379 -4.0379 -4.0379 -4.0379 -4.0379 -4.0379 -4.0379 -4.0379 -4.0379 -4.0379 -4.0379 -4.0379 -4.0379 -4.0379 -4.0379 -4.0379 -4.0379 -4.0379
-1.013 -1.013 -1.013 -1.013 -1.013 -1.013 -1.013 -1.013 -1.013 -1.013 -1.013 -1.013 -1.013 -1.013 -1.013 -1.013 -1.013 -1.013 -1.013 -1.013 -1.013 -1.013 -1.013 -1.013 -1.013
-0.29539 -0.29539 -0.29539 -0.29539 -0.29539 -0.29539 -0.29539 -0.29539 -0.29539 -0.29539 -0.29539 -0.29539 -0.29539 -0.29539 -0.29539 -0.29539 -0.29539 -0.29539 -0.29539 -0.29539 -0.29539 -0.29539 -0.29539 -0.29539 -0.29539
-0.090443 -0.090443 -0.090443 -0.090443 -0.090443 -0.090443 -0.090443 -0.090443 -0.090443 -0.090443 -0.090443 -0.090443 -0.090443 -0.090443 -0.090443 -0.090443 -0.090443 -0.090443 -0.090443 -0.090443 -0.090443 -0.090443 -0.090443 -0.090443 -0.090443
-0.043771 -0.043771 -0.043771 -0.043771 -0.043771 -0.043771 -0.043771 -0.043771 -0.043771 -0.043771 -0.043771 -0.043771 -0.043771 -0.043771 -0.043771 -0.043771 -0.043771 -0.043771 -0.043771 -0.043771 -0.043771 -0.043771 -0.043771 -0.043771 -0.043771
-0.063615 -0.063615 -0.063615 -0.063615 -0.063615 -0.063615 -0.063615 -0.063615 -0.063615 -0.063615 -0.063615 -0.063615 -0.063615 -0.063615 -0.063615 -0.063615 -0.063615 -0.063615 -0.063615 -0.063615 -0.063615 -0.063615 -0.063615 -0.063615 -0.063615
-0.11022 -0.11022 -0.11022 -0.11022 -0.11022 -0.11022 -0.11022 -0.11022 -0.11022 -0.11022 -0.11022 -0.11022 -0.11022 -0.11022 -0.11022 -0.11022 -0.11022 -0.11022 -0.11022 -0.11022 -0.11022 -0.11022 -0.11022 -0.11022 -0.11022
-0.20447 -0.20447 -0.20447 -0.20447 -0.20447 -0.20447 -0.20447 -0.20447 -0.20447 -0.20447 -0.20447 -0.20447 -0.20447 -0.20447 -0.20447 -0.20447 -0.20447 -0.20447 -0.20447 -0.20447 -0.20447 -0.20447 -0.20447 -0.20447 -0.20447
1.5665e-15 1.5665e-15 1.5665e-15 1.5665e-15 1.5665e-15 1.5665e-15 1.5665e-15 1.5665e-15 1.5665e-15 1.5665e-15 1.5665e-15 1.5665e-15 1.5665e-15 1.5665e-15 1.5665e-15 1.5665e-15 1.5665e-15 1.5665e-15 1.5665e-15 1.5665e-15 1.5665e-15 1.5665e-15 1.5665e-15 1.5665e-15 1.5665e-15
-0.85647 -0.85647 -0.85647 -0.85647 -0.85647 -0.85647 -0.85647 -0.85647 -0.85647 -0.85647 -0.85647 -0.85647 -0.85647 -0.85647 -0.85647 -0.85647 -0.85647 -0.85647 -0.85647 -0.85647 -0.85647 -0.85647 -0.85647 -0.85647 -0.85647
-1.0788 -1.0788 -1.0788 -1.0788 -1.0788 -1.0788 -1.0788 -1.0788 -1.0788 -1.0788 -1.0788 -1.0788 -1.0788 -1.0788 -1.0788 -1.0788 -1.0788 -1.0788 -1.0788 -1.0788 -1.0788 -1.0788 -1.0788 -1.0788 -1.0788
-0.6053 -0.6053 -0.6053 -0.6053 -0.6053 -0.6053 -0.6053 -0.6053 -0.6053 -0.6053 -0.6053 -0.6053 -0.6053 -0.6053 -0.6053 -0.6053 -0.6053 -0.6053 -0.6053 -0.6053 -0.6053 -0.6053 -0.6053 -0.6053 -0.6053
-1.7172 -1.7172 -1.7172 -1.7172 -1.7172 -1.7172 -1.7172 -1.7172 -1.7172 -1.7172 -1.7172 -1.7172 -1.7172 -1.7172 -1.7172 -1.7172 -1.7172 -1.7172 -1.7172 -1.7172 -1.7172 -1.7172 -1.7172 -1.7172 -1.7172
-0.54073 -0.54073 -0.54073 -0.54073 -0.54073 -0.54073 -0.54073 -0.54073 -0.54073 -0.54073 -0.54073 -0.54073 -0.54073 -0.54073 -0.54073 -0.54073 -0.54073 -0.54073 -0.54073 -0.54073 -0.54073 -0.54073 -0.54073 -0.54073 -0.54073
-0.14939 -0.14939 -0.14939 -0.14939 -0.14939 -0.14939 -0.14939 -0.14939 -0.14939 -0.14939 -0.14939 -0.14939 -0.14939 -0.14939 -0.14939 -0.14939 -0.14939 -0.14939 -0.14939 -0.14939 -0.14939 -0.14939 -0.14939 -0.14939 -0.14939
-0.04549 -0.04549 -0.04549 -0.04549 -0.04549 -0.04549 -0.04549 -0.04549 -0.04549 -0.04549 -0.04549 -0.04549 -0.04549 -0.04549 -0.04549 -0.04549 -0.04549 -0.04549 -0.04549 -0.04549 -0.04549 -0.04549 -0.04549 -0.04549 -0.04549
-0.065765 -0.065765 -0.065765 -0.065765 -0.065765 -0.065765 -0.065765 -0.065765 -0.065765 -0.065765 -0.065765 -0.065765 -0.065765 -0.065765 -0.065765 -0.065765 -0.065765 -0.065765 -0.065765 -0.065765 -0.065765 -0.065765 -0.065765 -0.065765 -0.065765
-0.11145 -0.11145 -0.11145 -0.11145 -0.11145 -0.11145 -0.11145 -0.11145 -0.11145 -0.11145 -0.11145 -0.11145 -0.11145 -0.11145 -0.11145 -0.11145 -0.11145 -0.11145 -0.11145 -0.11145 -0.11145 -0.11145 -0.11145 -0.11145 -0.11145
-0.21797 -0.21797 -0.21797 -0.21797 -0.21797 -0.21797 -0.21797 -0.21797 -0.21797 -0.21797 -0.21797 -0.21797 -0.21797 -0.21797 -0.21797 -0.21797 -0.21797 -0.21797 -0.21797 -0.21797 -0.21797 -0.21797 -0.21797 -0.21797 -0.21797
-0.19116 -0.19116 -0.19116 -0.19116 -0.19116 -0.19116 -0.19116 -0.19116 -0.19116 -0.19116 -0.19116 -0.19116 -0.19116 -0.19116 -0.19116 -0.19116 -0.19116 -0.19116 -0.19116 -0.19116 -0.19116 -0.19116 -0.19116 -0.19116 -0.19116
-0.94544 -0.94544 -0.94544 -0.94544 -0.94544 -0.94544 -0.94544 -0.94544 -0.94544 -0.94544 -0.94544 -0.94544 -0.94544 -0.94544 -0.94544 -0.94544 -0.94544 -0.94544 -0.94544 -0.94544 -0.94544 -0.94544 -0.94544 -0.94544 -0.94544
-3.4449 -3.4449 -3.4449 -3.4449 -3.4449 -3.4449 -3.4449 -3.4449 -3.4449 -3.4449 -3.4449 -3.4449 -3.4449 -3.4449 -3.4449 -3.4449 -3.4449 -3.4449 -3.4449 -3.4449 -3.4449 -3.4449 -3.4449 -3.4449 -3.4449
-4.6363 -4.6363 -4.6363 -4.6363 -4.6363 -4.6363 -4.6363 -4.6363 -4.6363 -4.6363 -4.6363 -4.6363 -4.6363 -4.6363 -4.6363 -4.6363 -4.6363 -4.6363 -4.6363 -4.6363 -4.6363 -4.6363 -4.6363 -4.6363 -4.6363
-1.648 -1.648 -1.648 -1.648 -1.648 -1.648 -1.648 -1.648 -1.648 -1.648 -1.648 -1.648 -1.648 -1.648 -1.648 -1.648 -1.648 -1.648 -1.648 -1.648 -1.648 -1.648 -1.648 -1.648 -1.648
-0.52413 -0.52413 -0.52413 -0.52413 -0.52413 -0.52413 -0.52413 -0.52413 -0.52413 -0.52413 -0.52413 -0.52413 -0.52413 -0.52413 -0.52413 -0.52413 -0.52413 -0.52413 -0.52413 -0.52413 -0.52413 -0.52413 -0.52413 -0.52413 -0.52413
-0.15069 -0.15069 -0.15069 -0.15069 -0.15069 -0.15069 -0.15069 -0.15069 -0.15069 -0.15069 -0.15069 -0.15069 -0.15069 -0.15069 -0.15069 -0.15069 -0.15069 -0.15069 -0.15069 -0.15069 -0.15069 -0.15069 -0.15069 -0.15069 -0.15069
0.0021668 0.0021668 0.0021668 0.0021668 0.0021668 0.0021668 0.0021668 0.0021668 0.0021668 0.0021668 0.0021668 0.0021668 0.0021668 0.0021668 0.0021668 0.0021668 0.0021668 0.0021668 0.0021668 0.0021668 0.0021668 0.0021668 0.0021668 0.0021668 0.0021668
0.0048785 0.0048785 0.0048785 0.0048785 0.0048785 0.0048785 0.0048785 0.0048785 0.0048785 0.0048785 0.0048785 0.0048785 0.0048785 0.0048785 0.0048785 0.0048785 0.0048785 0.0048785 0.0048785 0.0048785 0.0048785 0.0048785 0.0048785 0.0048785 0.0048785
0.0070926 0.0070926 0.0070926 0.0070926 0.0070926 0.0070926 0.0070926 0.0070926 0.0070926 0.0070926 0.0070926 0.0070926 0.0070926 0.0070926 0.0070926 0.0070926 0.0070926 0.0070926 0.0070926 0.0070926 0.0070926 0.0070926 0.0070926 0.0070926 0.0070926
0.01715 0.01715 0.01715 0.01715 0.01715 0.01715 0.01715 0.01715 0.01715 0.01715 0.01715 0.01715 0.01715 0.01715 0.01715 0.01715 0.01715 0.01715 0.01715 0.01715 0.01715 0.01715 0.01715 0.01715 0.01715
1.6429e-15 1.6429e-15 1.6429e-15 1.6429e-15 1.6429e-15 1.6429e-15 1.6429e-15 1.6429e-15 1.6429e-15 1.6429e-15 1.6429e-15 1.6429e-15 1.6429e-15 1.6429e-15 1.6429e-15 1.6429e-15 1.6429e-15 1.6429e-15 1.6429e-15 1.6429e-15 1.6429e-15 1.6429e-15 1.6429e-15 1.6429e-15 1.6429e-15
-0.13938 -0.13938 -0.13938 -0.13938 -0.13938 -0.13938 -0.13938 -0.13938 -0.13938 -0.13938 -0.13938 -0.13938 -0.13938 -0.13938 -0.13938 -0.13938 -0.13938 -0.13938 -0.13938 -0.13938 -0.13938 -0.13938 -0.13938 -0.13938 -0.13938
5.2548 5.2548 5.2548 5.2548 5.2548 5.2548 5.2548 5.2548 5.2548 5.2548 5.2548 5.2548 5.2548 5.2548 5.2548 5.2548 5.2548 5.2548 5.2548 5.2548 5.2548 5.2548 5.2548 5.2548 5.2548
-1.8705 -1.8705 -1.8705 -1.8705 -1.8705 -1.8705 -1.8705 -1.8705 -1.8705 -1.8705 -1.8705 -1.8705 -1.8705 -1.8705 -1.8705 -1.8705 -1.8705 -1.8705 -1.8705 -1.8705 -1.8705 -1.8705 -1.8705 -1.8705 -1.8705
-7.3437 -7.3437 -7.3437 -7.3437 -7.3437 -7.3437 -7.3437 -7.3437 -7.3437 -7.3437 -7.3437 -7.3437 -7.3437 -7.3437 -7.3437 -7.3437 -7.3437 -7.3437 -7.3437 -7.3437 -7.3437 -7.3437 -7.3437 -7.3437 -7.3437
-1.2963 -1.2963 -1.2963 -1.2963 -1.2963 -1.2963 -1.2963 -1.2963 -1.2963 -1.2963 -1.2963 -1.2963 -1.2963 -1.2963 -1.2963 -1.2963 -1.2963 -1.2963 -1.2963 -1.2963 -1.2963 -1.2963 -1.2963 -1.2963 -1.2963
-0.16911 -0.16911 -0.16911 -0.16911 -0.16911 -0.16911 -0.16911 -0.16911 -0.16911 -0.16911 -0.16911 -0.16911 -0.16911 -0.16911 -0.16911 -0.16911 -0.16911 -0.16911 -0.16911 -0.16911 -0.16911 -0.16911 -0.16911 -0.16911 -0.16911
0.00143 0.00143 0.00143 0.00143 0.00143 0.00143 0.00143 0.00143 0.00143 0.00143 0.00143 0.00143 0.00143 0.00143 0.00143 0.00143 0.00143 0.00143 0.00143 0.00143 0.00143 0.00143 0.00143 0.00143 0.00143
0.0047632 0.0047632 0.0047632 0.0047632 0.0047632 0.0047632 0.0047632 0.0047632 0.0047632 0.0047632 0.0047632 0.0047632 0.0047632 0.0047632 0.0047632 0.0047632 0.0047632 0.0047632 0.0047632 0.0047632 0.0047632 0.0047632 0.0047632 0.0047632 0.0047632
0.0092929 0.0092929 0.0092929 0.0092929 0.0092929 0.0092929 0.0092929 0.0092929 0.0092929 0.0092929 0.0092929 0.0092929 0.0092929 0.0092929 0.0092929 0.0092929 0.0092929 0.0092929 0.0092929 0.0092929 0.0092929 0.0092929 0.0092929 0.0092929 0.0092929
0.025281 0.025281 0.025281 0.025281 0.025281 0.025281 0.025281 0.025281 0.025281 0.025281 0.025281 0.025281 0.025281 0.025281 0.025281 0.025281 0.025281 0.025281 0.025281 0.025281 0.025281 0.025281 0.025281 0.025281 0.025281
0.024293 0.024293 0.024293 0.024293 0.024293 0.024293 0.024293 0.024293 0.024293 0.024293 0.024293 0.024293 0.024293 0.024293 0.024293 0.024293 0.024293 0.024293 0.024293 0.024293 0.024293 0.024293 0.024293 0.024293 0.024293
0.16138 0.16138 0.16138 0.16138 0.16138 0.16138 0.16138 0.16138 0.16138 0.16138 0.16138 0.16138 0.16138 0.16138 0.16138 0.16138 0.16138 0.16138 0.16138 0.16138 0.16138 0.16138 0.16138 0.16138 0.16138
1.6371 1.6371 1.6371 1.6371 1.6371 1.6371 1.6371 1.6371 1.6371 1.6371 1.6371 1.6371 1.6371 1.6371 1.6371 1.6371 1.6371 1.6371 1.6371 1.6371 1.6371 1.6371 1.6371 1.6371 1.6371
0.09946 0.09946 0.09946 0.09946 0.09946 0.09946 0.09946 0.09946 0.09946 0.09946 0.09946 0.09946 0.09946 0.09946 0.09946 0.09946 0.09946 0.09946 0.09946 0.09946 0.09946 0.09946 0.09946 0.09946 0.09946
-1.6908 -1.6908 -1.6908 -1.6908 -1.6908 -1.6908 -1.6908 -1.6908 -1.6908 -1.6908 -1.6908 -1.6908 -1.6908 -1.6908 -1.6908 -1.6908 -1.6908 -1.6908 -1.6908 -1.6908 -1.6908 -1.6908 -1.6908 -1.6908 -1.6908
-0.55668 -0.55668 -0.55668 -0.55668 -0.55668 -0.55668 -0.55668 -0.55668 -0.55668 -0.55668 -0.55668 -0.55668 -0.55668 -0.55668 -0.55668 -0.55668 -0.55668 -0.55668 -0.55668 -0.55668 -0.55668 -0.55668 -0.55668 -0.55668 -0.55668
-0.10083 -0.10083 -0.10083 -0.10083 -0.10083 -0.10083 -0.10083 -0.10083 -0.10083 -0.10083 -0.10083 -0.10083 -0.10083 -0.10083 -0.10083 -0.10083 -0.10083 -0.10083 -0.10083 -0.10083 -0.10083 -0.10083 -0.10083 -0.10083 -0.10083
0 0 0 0 0 0 0 0 0 0 0 0 0 0 0 0 0 0 0 0 0 0 0 0 0
0 0 0 0 0 0 0 0 0 0 0 0 0 0 0 0 0 0 0 0 0 0 0 0 0
0 0 0 0 0 0 0 0 0 0 0 0 0 0 0 0 0 0 0 0 0 0 0 0 0
0 0 0 0 0 0 0 0 0 0 0 0 0 0 0 0 0 0 0 0 0 0 0 0 0
0 0 0 0 0 0 0 0 0 0 0 0 0 0 0 0 0 0 0 0 0 0 0 0 0
0 0 0 0 0 0 0 0 0 0 0 0 0 0 0 0 0 0 0 0 0 0 0 0 0
0 0 0 0 0 0 0 0 0 0 0 0 0 0 0 0 0 0 0 0 0 0 0 0 0
-0 -0 -0 -0 -0 -0 -0 -0 -0 -0 -0 -0 -0 -0 -0 -0 -0 -0 -0 -0 -0 -0 -0 -0 -0
0 0 0 0 0 0 0 0 0 0 0 0 0 0 0 0 0 0 0 0 0 0 0 0 0
0 0 0 0 0 0 0 0 0 0 0 0 0 0 0 0 0 0 0 0 0 0 0 0 0
0 0 0 0 0 0 0 0 0 0 0 0 0 0 0 0 0 0 0 0 0 0 0 0 0
0 0 0 0 0 0 0 0 0 0 0 0 0 0 0 0 0 0 0 0 0 0 0 0 0
0 0 0 0 0 0 0 0 0 0 0 0 0 0 0 0 0 0 0 0 0 0 0 0 0
0 0 0 0 0 0 0 0 0 0 0 0 0 0 0 0 0 0 0 0 0 0 0 0 0
0 0 0 0 0 0 0 0 0 0 0 0 0 0 0 0 0 0 0 0 0 0 0 0 0
0 0 0 0 0 0 0 0 0 0 0 0 0 0 0 0 0 0 0 0 0 0 0 0 0
0 0 0 0 0 0 0 0 0 0 0 0 0 0 0 0 0 0 0 0 0 0 0 0 0
0 0 0 0 0 0 0 0 0 0 0 0 0 0 0 0 0 0 0 0 0 0 0 0 0
-0 -0 -0 -0 -0 -0 -0 -0 -0 -0 -0 -0 -0 -0 -0 -0 -0 -0 -0 -0 -0 -0 -0 -0 -0
0 0 0 0 0 0 0 0 0 0 0 0 0 0 0 0 0 0 0 0 0 0 0 0 0
0 0 0 0 0 0 0 0 0 0 0 0 0 0 0 0 0 0 0 0 0 0 0 0 0
0 0 0 0 0 0 0 0 0 0 0 0 0 0 0 0 0 0 0 0 0 0 0 0 0
0.0020784 0.0020784 0.0020784 0.0020784 0.0020784 0.0020784 0.0020784 0.0020784 0.0020784 0.0020784 0.0020784 0.0020784 0.0020784 0.0020784 0.0020784 0.0020784 0.0020784 0.0020784 0.0020784 0.0020784 0.0020784 0.0020784 0.0020784 0.0020784 0.0020784
0.0051838 0.0051838 0.0051838 0.0051838 0.0051838 0.0051838 0.0051838 0.0051838 0.0051838 0.0051838 0.0051838 0.0051838 0.0051838 0.0051838 0.0051838 0.0051838 0.0051838 0.0051838 0.0051838 0.0051838 0.0051838 0.0051838 0.0051838 0.0051838 0.0051838
0.016368 0.016368 0.016368 0.016368 0.016368 0.016368 0.016368 0.016368 0.016368 0.016368 0.016368 0.016368 0.016368 0.016368 0.016368 0.016368 0.016368 0.016368 0.016368 0.016368 0.016368 0.016368 0.016368 0.016368 0.016368
0.06934 0.06934 0.06934 0.06934 0.06934 0.06934 0.06934 0.06934 0.06934 0.06934 0.06934 0.06934 0.06934 0.06934 0.06934 0.06934 0.06934 0.06934 0.06934 0.06934 0.06934 0.06934 0.06934 0.06934 0.06934
-1.5173e-15 -1.5173e-15 -1.5173e-15 -1.5173e-15 -1.5173e-15 -1.5173e-15 -1.5173e-15 -1.5173e-15 -1.5173e-15 -1.5173e-15 -1.5173e-15 -1.5173e-15 -1.5173e-15 -1.5173e-15 -1.5173e-15 -1.5173e-15 -1.5173e-15 -1.5173e-15 -1.5173e-15 -1.5173e-15 -1.5173e-15 -1.5173e-15 -1.5173e-15 -1.5173e-15 -1.5173e-15
0.93886 0.93886 0.93886 0.93886 0.93886 0.93886 0.93886 0.93886 0.93886 0.93886 0.93886 0.93886 0.93886 0.93886 0.93886 0.93886 0.93886 0.93886 0.93886 0.93886 0.93886 0.93886 0.93886 0.93886 0.93886
0.51766 0.51766 0.51766 0.51766 0.51766 0.51766 0.51766 0.51766 0.51766 0.51766 0.51766 0.51766 0.51766 0.51766 0.51766 0.51766 0.51766 0.51766 0.51766 0.51766 0.51766 0.51766 0.51766 0.51766 0.51766
-1.2366 -1.2366 -1.2366 -1.2366 -1.2366 -1.2366 -1.2366 -1.2366 -1.2366 -1.2366 -1.2366 -1.2366 -1.2366 -1.2366 -1.2366 -1.2366 -1.2366 -1.2366 -1.2366 -1.2366 -1.2366 -1.2366 -1.2366 -1.2366 -1.2366
3.8884 3.8884 3.8884 3.8884 3.8884 3.8884 3.8884 3.8884 3.8884 3.8884 3.8884 3.8884 3.8884 3.8884 3.8884 3.8884 3.8884 3.8884 3.8884 3.8884 3.8884 3.8884 3.8884 3.8884 3.8884
0.6563 0.6563 0.6563 0.6563 0.6563 0.6563 0.6563 0.6563 0.6563 0.6563 0.6563 0.6563 0.6563 0.6563 0.6563 0.6563 0.6563 0.6563 0.6563 0.6563 0.6563 0.6563 0.6563 0.6563 0.6563
0.077286 0.077286 0.077286 0.077286 0.077286 0.077286 0.077286 0.077286 0.077286 0.077286 0.077286 0.077286 0.077286 0.077286 0.077286 0.077286 0.077286 0.077286 0.077286 0.077286 0.077286 0.077286 0.077286 0.077286 0.077286
1.7666e-05 1.7666e-05 1.7666e-05 1.7666e-05 1.7666e-05 1.7666e-05 1.7666e-05 1.7666e-05 1.7666e-05 1.7666e-05 1.7666e-05 1.7666e-05 1.7666e-05 1.7666e-05 1.7666e-05 1.7666e-05 1.7666e-05 1.7666e-05 1.7666e-05 1.7666e-05 1.7666e-05 1.7666e-05 1.7666e-05 1.7666e-05 1.7666e-05
-0.00020849 -0.00020849 -0.00020849 -0.00020849 -0.00020849 -0.00020849 -0.00020849 -0.00020849 -0.00020849 -0.00020849 -0.00020849 -0.00020849 -0.00020849 -0.00020849 -0.00020849 -0.00020849 -0.00020849 -0.00020849 -0.00020849 -0.00020849 -0.00020849 -0.00020849 -0.00020849 -0.00020849 -0.00020849
0.00064337 0.00064337 0.00064337 0.00064337 0.00064337 0.00064337 0.00064337 0.00064337 0.00064337 0.00064337 0.00064337 0.00064337 0.00064337 0.00064337 0.00064337 0.00064337 0.00064337 0.00064337 0.00064337 0.00064337 0.00064337 0.00064337 0.00064337 0.00064337 0.00064337
0.010046 0.010046 0.010046 0.010046 0.010046 0.010046 0.010046 0.010046 0.010046 0.010046 0.010046 0.010046 0.010046 0.010046 0.010046 0.010046 0.010046 0.010046 0.010046 0.010046 0.010046 0.010046 0.010046 0.010046 0.010046
0.0080185 0.0080185 0.0080185 0.0080185 0.0080185 0.0080185 0.0080185 0.0080185 0.0080185 0.0080185 0.0080185 0.0080185 0.0080185 0.0080185 0.0080185 0.0080185 0.0080185 0.0080185 0.0080185 0.0080185 0.0080185 0.0080185 0.0080185 0.0080185 0.0080185
0.082596 0.082596 0.082596 0.082596 0.082596 0.082596 0.082596 0.082596 0.082596 0.082596 0.082596 0.082596 0.082596 0.082596 0.082596 0.082596 0.082596 0.082596 0.082596 0.082596 0.082596 0.082596 0.082596 0.082596 0.082596
-0.92969 -0.92969 -0.92969 -0.92969 -0.92969 -0.92969 -0.92969 -0.92969 -0.92969 -0.92969 -0.92969 -0.92969 -0.92969 -0.92969 -0.92969 -0.92969 -0.92969 -0.92969 -0.92969 -0.92969 -0.92969 -0.92969 -0.92969 -0.92969 -0.92969
-1.1049 -1.1049 -1.1049 -1.1049 -1.1049 -1.1049 -1.1049 -1.1049 -1.1049 -1.1049 -1.1049 -1.1049 -1.1049 -1.1049 -1.1049 -1.1049 -1.1049 -1.1049 -1.1049 -1.1049 -1.1049 -1.1049 -1.1049 -1.1049 -1.1049
0.62826 0.62826 0.62826 0.62826 0.62826 0.62826 0.62826 0.62826 0.62826 0.62826 0.62826 0.62826 0.62826 0.62826 0.62826 0.62826 0.62826 0.62826 0.62826 0.62826 0.62826 0.62826 0.62826 0.62826 0.62826
0.22642 0.22642 0.22642 0.22642 0.22642 0.22642 0.22642 0.22642 0.22642 0.22642 0.22642 0.22642 0.22642 0.22642 0.22642 0.22642 0.22642 0.22642 0.22642 0.22642 0.22642 0.22642 0.22642 0.22642 0.22642
0.036746 0.036746 0.036746 0.036746 0.036746 0.036746 0.036746 0.036746 0.036746 0.036746 0.036746 0.036746 0.036746 0.036746 0.036746 0.036746 0.036746 0.036746 0.036746 0.036746 0.036746 0.036746 0.036746 0.036746 0.036746
0 0 0 0 0 0 0 0 0 0 0 0 0 0 0 0 0 0 0 0 0 0 0 0 0
0 0 0 0 0 0 0 0 0 0 0 0 0 0 0 0 0 0 0 0 0 0 0 0 0
0 0 0 0 0 0 0 0 0 0 0 0 0 0 0 0 0 0 0 0 0 0 0 0 0
0 0 0 0 0 0 0 0 0 0 0 0 0 0 0 0 0 0 0 0 0 0 0 0 0
0 0 0 0 0 0 0 0 0 0 0 0 0 0 0 0 0 0 0 0 0 0 0 0 0
0 0 0 0 0 0 0 0 0 0 0 0 0 0 0 0 0 0 0 0 0 0 0 0 0
0 0 0 0 0 0 0 0 0 0 0 0 0 0 0 0 0 0 0 0 0 0 0 0 0
-0 -0 -0 -0 -0 -0 -0 -0 -0 -0 -0 -0 -0 -0 -0 -0 -0 -0 -0 -0 -0 -0 -0 -0 -0
0 0 0 0 0 0 0 0 0 0 0 0 0 0 0 0 0 0 0 0 0 0 0 0 0
0 0 0 0 0 0 0 0 0 0 0 0 0 0 0 0 0 0 0 0 0 0 0 0 0
0 0 0 0 0 0 0 0 0 0 0 0 0 0 0 0 0 0 0 0 0 0 0 0 0
0 0 0 0 0 0 0 0 0 0 0 0 0 0 0 0 0 0 0 0 0 0 0 0 0
0 0 0 0 0 0 0 0 0 0 0 0 0 0 0 0 0 0 0 0 0 0 0 0 0
0 0 0 0 0 0 0 0 0 0 0 0 0 0 0 0 0 0 0 0 0 0 0 0 0
0 0 0 0 0 0 0 0 0 0 0 0 0 0 0 0 0 0 0 0 0 0 0 0 0
0 0 0 0 0 0 0 0 0 0 0 0 0 0 0 0 0 0 0 0 0 0 0 0 0
0 0 0 0 0 0 0 0 0 0 0 0 0 0 0 0 0 0 0 0 0 0 0 0 0
0 0 0 0 0 0 0 0 0 0 0 0 0 0 0 0 0 0 0 0 0 0 0 0 0
-0 -0 -0 -0 -0 -0 -0 -0 -0 -0 -0 -0 -0 -0 -0 -0 -0 -0 -0 -0 -0 -0 -0 -0 -0
0 0 0 0 0 0 0 0 0 0 0 0 0 0 0 0 0 0 0 0 0 0 0 0 0
0 0 0 0 0 0 0 0 0 0 0 0 0 0 0 0 0 0 0 0 0 0 0 0 0
0 0 0 0 0 0 0 0 0 0 0 0 0 0 0 0 0 0 0 0 0 0 0 0 0
0 0 0 0 0 0 0 0 0 0 0 0 0 0 0 0 0 0 0 0 0 0 0 0 0
0 0 0 0 0 0 0 0 0 0 0 0 0 0 0 0 0 0 0 0 0 0 0 0 0
0 0 0 0 0 0 0 0 0 0 0 0 0 0 0 0 0 0 0 0 0 0 0 0 0
0 0 0 0 0 0 0 0 0 0 0 0 0 0 0 0 0 0 0 0 0 0 0 0 0
0 0 0 0 0 0 0 0 0 0 0 0 0 0 0 0 0 0 0 0 0 0 0 0 0
0 0 0 0 0 0 0 0 0 0 0 0 0 0 0 0 0 0 0 0 0 0 0 0 0
0 0 0 0 0 0 0 0 0 0 0 0 0 0 0 0 0 0 0 0 0 0 0 0 0
-0 -0 -0 -0 -0 -0 -0 -0 -0 -0 -0 -0 -0 -0 -0 -0 -0 -0 -0 -0 -0 -0 -0 -0 -0
0 0 0 0 0 0 0 0 0 0 0 0 0 0 0 0 0 0 0 0 0 0 0 0 0
0 0 0 0 0 0 0 0 0 0 0 0 0 0 0 0 0 0 0 0 0 0 0 0 0
0 0 0 0 0 0 0 0 0 0 0 0 0 0 0 0 0 0 0 0 0 0 0 0 0
0 0 0 0 0 0 0 0 0 0 0 0 0 0 0 0 0 0 0 0 0 0 0 0 0
0 0 0 0 0 0 0 0 0 0 0 0 0 0 0 0 0 0 0 0 0 0 0 0 0
0 0 0 0 0 0 0 0 0 0 0 0 0 0 0 0 0 0 0 0 0 0 0 0 0
0 0 0 0 0 0 0 0 0 0 0 0 0 0 0 0 0 0 0 0 0 0 0 0 0
0 0 0 0 0 0 0 0 0 0 0 0 0 0 0 0 0 0 0 0 0 0 0 0 0
0 0 0 0 0 0 0 0 0 0 0 0 0 0 0 0 0 0 0 0 0 0 0 0 0
0 0 0 0 0 0 0 0 0 0 0 0 0 0 0 0 0 0 0 0 0 0 0 0 0
-0 -0 -0 -0 -0 -0 -0 -0 -0 -0 -0 -0 -0 -0 -0 -0 -0 -0 -0 -0 -0 -0 -0 -0 -0
0 0 0 0 0 0 0 0 0 0 0 0 0 0 0 0 0 0 0 0 0 0 0 0 0
0 0 0 0 0 0 0 0 0 0 0 0 0 0 0 0 0 0 0 0 0 0 0 0 0
0 0 0 0 0 0 0 0 0 0 0 0 0 0 0 0 0 0 0 0 0 0 0 0 0
0 0 0 0 0 0 0 0 0 0 0 0 0 0 0 0 0 0 0 0 0 0 0 0 0
0 0 0 0 0 0 0 0 0 0 0 0 0 0 0 0 0 0 0 0 0 0 0 0 0
0 0 0 0 0 0 0 0 0 0 0 0 0 0 0 0 0 0 0 0 0 0 0 0 0
0 0 0 0 0 0 0 0 0 0 0 0 0 0 0 0 0 0 0 0 0 0 0 0 0
0 0 0 0 0 0 0 0 0 0 0 0 0 0 0 0 0 0 0 0 0 0 0 0 0
0 0 0 0 0 0 0 0 0 0 0 0 0 0 0 0 0 0 0 0 0 0 0 0 0
0 0 0 0 0 0 0 0 0 0 0 0 0 0 0 0 0 0 0 0 0 0 0 0 0
-0 -0 -0 -0 -0 -0 -0 -0 -0 -0 -0 -0 -0 -0 -0 -0 -0 -0 -0 -0 -0 -0 -0 -0 -0
0 0 0 0 0 0 0 0 0 0 0 0 0 0 0 0 0 0 0 0 0 0 0 0 0
0 0 0 0 0 0 0 0 0 0 0 0 0 0 0 0 0 0 0 0 0 0 0 0 0
0 0 0 0 0 0 0 0 0 0 0 0 0 0 0 0 0 0 0 0 0 0 0 0 0
0 0 0 0 0 0 0 0 0 0 0 0 0 0 0 0 0 0 0 0 0 0 0 0 0
0 0 0 0 0 0 0 0 0 0 0 0 0 0 0 0 0 0 0 0 0 0 0 0 0
0 0 0 0 0 0 0 0 0 0 0 0 0 0 0 0 0 0 0 0 0 0 0 0 0
0 0 0 0 0 0 0 0 0 0 0 0 0 0 0 0 0 0 0 0 0 0 0 0 0
0 0 0 0 0 0 0 0 0 0 0 0 0 0 0 0 0 0 0 0 0 0 0 0 0
0 0 0 0 0 0 0 0 0 0 0 0 0 0 0 0 0 0 0 0 0 0 0 0 0
0 0 0 0 0 0 0 0 0 0 0 0 0 0 0 0 0 0 0 0 0 0 0 0 0
-0 -0 -0 -0 -0 -0 -0 -0 -0 -0 -0 -0 -0 -0 -0 -0 -0 -0 -0 -0 -0 -0 -0 -0 -0
0 0 0 0 0 0 0 0 0 0 0 0 0 0 0 0 0 0 0 0 0 0 0 0 0
0 0 0 0 0 0 0 0 0 0 0 0 0 0 0 0 0 0 0 0 0 0 0 0 0
0 0 0 0 0 0 0 0 0 0 0 0 0 0 0 0 0 0 0 0 0 0 0 0 0
1 2 3 4 5 6 7 8 9 10 11 12 13 14 15 16 17 18 19 20 21 22 23 24 25
