-0.018481 -0.018481 -0.018481 -0.018481 -0.018481 -0.018481 -0.018481 -0.018481 -0.018481 -0.018481 -0.018481 -0.018481 -0.018481 -0.018481 -0.018481 -0.018481 -0.018481 -0.018481 -0.018481 -0.018481 -0.018481 -0.018481 -0.018481 -0.018481 -0.018481
-0.021843 -0.021843 -0.021843 -0.021843 -0.021843 -0.021843 -0.021843 -0.021843 -0.021843 -0.021843 -0.021843 -0.021843 -0.021843 -0.021843 -0.021843 -0.021843 -0.021843 -0.021843 -0.021843 -0.021843 -0.021843 -0.021843 -0.021843 -0.021843 -0.021843
0.75061 0.75061 0.75061 0.75061 0.75061 0.75061 0.75061 0.75061 0.75061 0.75061 0.75061 0.75061 0.75061 0.75061 0.75061 0.75061 0.75061 0.75061 0.75061 0.75061 0.75061 0.75061 0.75061 0.75061 0.75061
-0.1979 -0.1979 -0.1979 -0.1979 -0.1979 -0.1979 -0.1979 -0.1979 -0.1979 -0.1979 -0.1979 -0.1979 -0.1979 -0.1979 -0.1979 -0.1979 -0.1979 -0.1979 -0.1979 -0.1979 -0.1979 -0.1979 -0.1979 -0.1979 -0.1979
2.9816 2.9816 2.9816 2.9816 2.9816 2.9816 2.9816 2.9816 2.9816 2.9816 2.9816 2.9816 2.9816 2.9816 2.9816 2.9816 2.9816 2.9816 2.9816 2.9816 2.9816 2.9816 2.9816 2.9816 2.9816
0.011674 0.011674 0.011674 0.011674 0.011674 0.011674 0.011674 0.011674 0.011674 0.011674 0.011674 0.011674 0.011674 0.011674 0.011674 0.011674 0.011674 0.011674 0.011674 0.011674 0.011674 0.011674 0.011674 0.011674 0.011674
-0.42148 -0.42148 -0.42148 -0.42148 -0.42148 -0.42148 -0.42148 -0.42148 -0.42148 -0.42148 -0.42148 -0.42148 -0.42148 -0.42148 -0.42148 -0.42148 -0.42148 -0.42148 -0.42148 -0.42148 -0.42148 -0.42148 -0.42148 -0.42148 -0.42148
-0.18944 -0.18944 -0.18944 -0.18944 -0.18944 -0.18944 -0.18944 -0.18944 -0.18944 -0.18944 -0.18944 -0.18944 -0.18944 -0.18944 -0.18944 -0.18944 -0.18944 -0.18944 -0.18944 -0.18944 -0.18944 -0.18944 -0.18944 -0.18944 -0.18944
-0.087013 -0.087013 -0.087013 -0.087013 -0.087013 -0.087013 -0.087013 -0.087013 -0.087013 -0.087013 -0.087013 -0.087013 -0.087013 -0.087013 -0.087013 -0.087013 -0.087013 -0.087013 -0.087013 -0.087013 -0.087013 -0.087013 -0.087013 -0.087013 -0.087013
-0.065623 -0.065623 -0.065623 -0.065623 -0.065623 -0.065623 -0.065623 -0.065623 -0.065623 -0.065623 -0.065623 -0.065623 -0.065623 -0.065623 -0.065623 -0.065623 -0.065623 -0.065623 -0.065623 -0.065623 -0.065623 -0.065623 -0.065623 -0.065623 -0.065623
-0.03693 -0.03693 -0.03693 -0.03693 -0.03693 -0.03693 -0.03693 -0.03693 -0.03693 -0.03693 -0.03693 -0.03693 -0.03693 -0.03693 -0.03693 -0.03693 -0.03693 -0.03693 -0.03693 -0.03693 -0.03693 -0.03693 -0.03693 -0.03693 -0.03693
-0.070545 -0.070545 -0.070545 -0.070545 -0.070545 -0.070545 -0.070545 -0.070545 -0.070545 -0.070545 -0.070545 -0.070545 -0.070545 -0.070545 -0.070545 -0.070545 -0.070545 -0.070545 -0.070545 -0.070545 -0.070545 -0.070545 -0.070545 -0.070545 -0.070545
-0.1996 -0.1996 -0.1996 -0.1996 -0.1996 -0.1996 -0.1996 -0.1996 -0.1996 -0.1996 -0.1996 -0.1996 -0.1996 -0.1996 -0.1996 -0.1996 -0.1996 -0.1996 -0.1996 -0.1996 -0.1996 -0.1996 -0.1996 -0.1996 -0.1996
-0.081778 -0.081778 -0.081778 -0.081778 -0.081778 -0.081778 -0.081778 -0.081778 -0.081778 -0.081778 -0.081778 -0.081778 -0.081778 -0.081778 -0.081778 -0.081778 -0.081778 -0.081778 -0.081778 -0.081778 -0.081778 -0.081778 -0.081778 -0.081778 -0.081778
2.1916 2.1916 2.1916 2.1916 2.1916 2.1916 2.1916 2.1916 2.1916 2.1916 2.1916 2.1916 2.1916 2.1916 2.1916 2.1916 2.1916 2.1916 2.1916 2.1916 2.1916 2.1916 2.1916 2.1916 2.1916
-4.1816 -4.1816 -4.1816 -4.1816 -4.1816 -4.1816 -4.1816 -4.1816 -4.1816 -4.1816 -4.1816 -4.1816 -4.1816 -4.1816 -4.1816 -4.1816 -4.1816 -4.1816 -4.1816 -4.1816 -4.1816 -4.1816 -4.1816 -4.1816 -4.1816
-5.0263 -5.0263 -5.0263 -5.0263 -5.0263 -5.0263 -5.0263 -5.0263 -5.0263 -5.0263 -5.0263 -5.0263 -5.0263 -5.0263 -5.0263 -5.0263 -5.0263 -5.0263 -5.0263 -5.0263 -5.0263 -5.0263 -5.0263 -5.0263 -5.0263
0.66393 0.66393 0.66393 0.66393 0.66393 0.66393 0.66393 0.66393 0.66393 0.66393 0.66393 0.66393 0.66393 0.66393 0.66393 0.66393 0.66393 0.66393 0.66393 0.66393 0.66393 0.66393 0.66393 0.66393 0.66393
-0.33913 -0.33913 -0.33913 -0.33913 -0.33913 -0.33913 -0.33913 -0.33913 -0.33913 -0.33913 -0.33913 -0.33913 -0.33913 -0.33913 -0.33913 -0.33913 -0.33913 -0.33913 -0.33913 -0.33913 -0.33913 -0.33913 -0.33913 -0.33913 -0.33913
-0.12578 -0.12578 -0.12578 -0.12578 -0.12578 -0.12578 -0.12578 -0.12578 -0.12578 -0.12578 -0.12578 -0.12578 -0.12578 -0.12578 -0.12578 -0.12578 -0.12578 -0.12578 -0.12578 -0.12578 -0.12578 -0.12578 -0.12578 -0.12578 -0.12578
-0.086177 -0.086177 -0.086177 -0.086177 -0.086177 -0.086177 -0.086177 -0.086177 -0.086177 -0.086177 -0.086177 -0.086177 -0.086177 -0.086177 -0.086177 -0.086177 -0.086177 -0.086177 -0.086177 -0.086177 -0.086177 -0.086177 -0.086177 -0.086177 -0.086177
-0.044942 -0.044942 -0.044942 -0.044942 -0.044942 -0.044942 -0.044942 -0.044942 -0.044942 -0.044942 -0.044942 -0.044942 -0.044942 -0.044942 -0.044942 -0.044942 -0.044942 -0.044942 -0.044942 -0.044942 -0.044942 -0.044942 -0.044942 -0.044942 -0.044942
-0.078318 -0.078318 -0.078318 -0.078318 -0.078318 -0.078318 -0.078318 -0.078318 -0.078318 -0.078318 -0.078318 -0.078318 -0.078318 -0.078318 -0.078318 -0.078318 -0.078318 -0.078318 -0.078318 -0.078318 -0.078318 -0.078318 -0.078318 -0.078318 -0.078318
-0.14583 -0.14583 -0.14583 -0.14583 -0.14583 -0.14583 -0.14583 -0.14583 -0.14583 -0.14583 -0.14583 -0.14583 -0.14583 -0.14583 -0.14583 -0.14583 -0.14583 -0.14583 -0.14583 -0.14583 -0.14583 -0.14583 -0.14583 -0.14583 -0.14583
0.25344 0.25344 0.25344 0.25344 0.25344 0.25344 0.25344 0.25344 0.25344 0.25344 0.25344 0.25344 0.25344 0.25344 0.25344 0.25344 0.25344 0.25344 0.25344 0.25344 0.25344 0.25344 0.25344 0.25344 0.25344
-2.3182 -2.3182 -2.3182 -2.3182 -2.3182 -2.3182 -2.3182 -2.3182 -2.3182 -2.3182 -2.3182 -2.3182 -2.3182 -2.3182 -2.3182 -2.3182 -2.3182 -2.3182 -2.3182 -2.3182 -2.3182 -2.3182 -2.3182 -2.3182 -2.3182
0.32794 0.32794 0.32794 0.32794 0.32794 0.32794 0.32794 0.32794 0.32794 0.32794 0.32794 0.32794 0.32794 0.32794 0.32794 0.32794 0.32794 0.32794 0.32794 0.32794 0.32794 0.32794 0.32794 0.32794 0.32794
-2.0266 -2.0266 -2.0266 -2.0266 -2.0266 -2.0266 -2.0266 -2.0266 -2.0266 -2.0266 -2.0266 -2.0266 -2.0266 -2.0266 -2.0266 -2.0266 -2.0266 -2.0266 -2.0266 -2.0266 -2.0266 -2.0266 -2.0266 -2.0266 -2.0266
-0.7603 -0.7603 -0.7603 -0.7603 -0.7603 -0.7603 -0.7603 -0.7603 -0.7603 -0.7603 -0.7603 -0.7603 -0.7603 -0.7603 -0.7603 -0.7603 -0.7603 -0.7603 -0.7603 -0.7603 -0.7603 -0.7603 -0.7603 -0.7603 -0.7603
-0.27714 -0.27714 -0.27714 -0.27714 -0.27714 -0.27714 -0.27714 -0.27714 -0.27714 -0.27714 -0.27714 -0.27714 -0.27714 -0.27714 -0.27714 -0.27714 -0.27714 -0.27714 -0.27714 -0.27714 -0.27714 -0.27714 -0.27714 -0.27714 -0.27714
-0.13724 -0.13724 -0.13724 -0.13724 -0.13724 -0.13724 -0.13724 -0.13724 -0.13724 -0.13724 -0.13724 -0.13724 -0.13724 -0.13724 -0.13724 -0.13724 -0.13724 -0.13724 -0.13724 -0.13724 -0.13724 -0.13724 -0.13724 -0.13724 -0.13724
-0.096929 -0.096929 -0.096929 -0.096929 -0.096929 -0.096929 -0.096929 -0.096929 -0.096929 -0.096929 -0.096929 -0.096929 -0.096929 -0.096929 -0.096929 -0.096929 -0.096929 -0.096929 -0.096929 -0.096929 -0.096929 -0.096929 -0.096929 -0.096929 -0.096929
-0.053075 -0.053075 -0.053075 -0.053075 -0.053075 -0.053075 -0.053075 -0.053075 -0.053075 -0.053075 -0.053075 -0.053075 -0.053075 -0.053075 -0.053075 -0.053075 -0.053075 -0.053075 -0.053075 -0.053075 -0.053075 -0.053075 -0.053075 -0.053075 -0.053075
-0.10791 -0.10791 -0.10791 -0.10791 -0.10791 -0.10791 -0.10791 -0.10791 -0.10791 -0.10791 -0.10791 -0.10791 -0.10791 -0.10791 -0.10791 -0.10791 -0.10791 -0.10791 -0.10791 -0.10791 -0.10791 -0.10791 -0.10791 -0.10791 -0.10791
-0.25158 -0.25158 -0.25158 -0.25158 -0.25158 -0.25158 -0.25158 -0.25158 -0.25158 -0.25158 -0.25158 -0.25158 -0.25158 -0.25158 -0.25158 -0.25158 -0.25158 -0.25158 -0.25158 -0.25158 -0.25158 -0.25158 -0.25158 -0.25158 -0.25158
-0.27796 -0.27796 -0.27796 -0.27796 -0.27796 -0.27796 -0.27796 -0.27796 -0.27796 -0.27796 -0.27796 -0.27796 -0.27796 -0.27796 -0.27796 -0.27796 -0.27796 -0.27796 -0.27796 -0.27796 -0.27796 -0.27796 -0.27796 -0.27796 -0.27796
0.78281 0.78281 0.78281 0.78281 0.78281 0.78281 0.78281 0.78281 0.78281 0.78281 0.78281 0.78281 0.78281 0.78281 0.78281 0.78281 0.78281 0.78281 0.78281 0.78281 0.78281 0.78281 0.78281 0.78281 0.78281
-4.3638 -4.3638 -4.3638 -4.3638 -4.3638 -4.3638 -4.3638 -4.3638 -4.3638 -4.3638 -4.3638 -4.3638 -4.3638 -4.3638 -4.3638 -4.3638 -4.3638 -4.3638 -4.3638 -4.3638 -4.3638 -4.3638 -4.3638 -4.3638 -4.3638
-5.0565 -5.0565 -5.0565 -5.0565 -5.0565 -5.0565 -5.0565 -5.0565 -5.0565 -5.0565 -5.0565 -5.0565 -5.0565 -5.0565 -5.0565 -5.0565 -5.0565 -5.0565 -5.0565 -5.0565 -5.0565 -5.0565 -5.0565 -5.0565 -5.0565
0.35022 0.35022 0.35022 0.35022 0.35022 0.35022 0.35022 0.35022 0.35022 0.35022 0.35022 0.35022 0.35022 0.35022 0.35022 0.35022 0.35022 0.35022 0.35022 0.35022 0.35022 0.35022 0.35022 0.35022 0.35022
-0.36138 -0.36138 -0.36138 -0.36138 -0.36138 -0.36138 -0.36138 -0.36138 -0.36138 -0.36138 -0.36138 -0.36138 -0.36138 -0.36138 -0.36138 -0.36138 -0.36138 -0.36138 -0.36138 -0.36138 -0.36138 -0.36138 -0.36138 -0.36138 -0.36138
-0.1538 -0.1538 -0.1538 -0.1538 -0.1538 -0.1538 -0.1538 -0.1538 -0.1538 -0.1538 -0.1538 -0.1538 -0.1538 -0.1538 -0.1538 -0.1538 -0.1538 -0.1538 -0.1538 -0.1538 -0.1538 -0.1538 -0.1538 -0.1538 -0.1538
-0.10733 -0.10733 -0.10733 -0.10733 -0.10733 -0.10733 -0.10733 -0.10733 -0.10733 -0.10733 -0.10733 -0.10733 -0.10733 -0.10733 -0.10733 -0.10733 -0.10733 -0.10733 -0.10733 -0.10733 -0.10733 -0.10733 -0.10733 -0.10733 -0.10733
-0.057457 -0.057457 -0.057457 -0.057457 -0.057457 -0.057457 -0.057457 -0.057457 -0.057457 -0.057457 -0.057457 -0.057457 -0.057457 -0.057457 -0.057457 -0.057457 -0.057457 -0.057457 -0.057457 -0.057457 -0.057457 -0.057457 -0.057457 -0.057457 -0.057457
0.019031 0.019031 0.019031 0.019031 0.019031 0.019031 0.019031 0.019031 0.019031 0.019031 0.019031 0.019031 0.019031 0.019031 0.019031 0.019031 0.019031 0.019031 0.019031 0.019031 0.019031 0.019031 0.019031 0.019031 0.019031
0.1121 0.1121 0.1121 0.1121 0.1121 0.1121 0.1121 0.1121 0.1121 0.1121 0.1121 0.1121 0.1121 0.1121 0.1121 0.1121 0.1121 0.1121 0.1121 0.1121 0.1121 0.1121 0.1121 0.1121 0.1121
1.1333 1.1333 1.1333 1.1333 1.1333 1.1333 1.1333 1.1333 1.1333 1.1333 1.1333 1.1333 1.1333 1.1333 1.1333 1.1333 1.1333 1.1333 1.1333 1.1333 1.1333 1.1333 1.1333 1.1333 1.1333
2.4451 2.4451 2.4451 2.4451 2.4451 2.4451 2.4451 2.4451 2.4451 2.4451 2.4451 2.4451 2.4451 2.4451 2.4451 2.4451 2.4451 2.4451 2.4451 2.4451 2.4451 2.4451 2.4451 2.4451 2.4451
6.0695 6.0695 6.0695 6.0695 6.0695 6.0695 6.0695 6.0695 6.0695 6.0695 6.0695 6.0695 6.0695 6.0695 6.0695 6.0695 6.0695 6.0695 6.0695 6.0695 6.0695 6.0695 6.0695 6.0695 6.0695
-7.573 -7.573 -7.573 -7.573 -7.573 -7.573 -7.573 -7.573 -7.573 -7.573 -7.573 -7.573 -7.573 -7.573 -7.573 -7.573 -7.573 -7.573 -7.573 -7.573 -7.573 -7.573 -7.573 -7.573 -7.573
3.7278 3.7278 3.7278 3.7278 3.7278 3.7278 3.7278 3.7278 3.7278 3.7278 3.7278 3.7278 3.7278 3.7278 3.7278 3.7278 3.7278 3.7278 3.7278 3.7278 3.7278 3.7278 3.7278 3.7278 3.7278
-0.72215 -0.72215 -0.72215 -0.72215 -0.72215 -0.72215 -0.72215 -0.72215 -0.72215 -0.72215 -0.72215 -0.72215 -0.72215 -0.72215 -0.72215 -0.72215 -0.72215 -0.72215 -0.72215 -0.72215 -0.72215 -0.72215 -0.72215 -0.72215 -0.72215
-0.044071 -0.044071 -0.044071 -0.044071 -0.044071 -0.044071 -0.044071 -0.044071 -0.044071 -0.044071 -0.044071 -0.044071 -0.044071 -0.044071 -0.044071 -0.044071 -0.044071 -0.044071 -0.044071 -0.044071 -0.044071 -0.044071 -0.044071 -0.044071 -0.044071
-0.050668 -0.050668 -0.050668 -0.050668 -0.050668 -0.050668 -0.050668 -0.050668 -0.050668 -0.050668 -0.050668 -0.050668 -0.050668 -0.050668 -0.050668 -0.050668 -0.050668 -0.050668 -0.050668 -0.050668 -0.050668 -0.050668 -0.050668 -0.050668 -0.050668
-0.030545 -0.030545 -0.030545 -0.030545 -0.030545 -0.030545 -0.030545 -0.030545 -0.030545 -0.030545 -0.030545 -0.030545 -0.030545 -0.030545 -0.030545 -0.030545 -0.030545 -0.030545 -0.030545 -0.030545 -0.030545 -0.030545 -0.030545 -0.030545 -0.030545
-0.05864 -0.05864 -0.05864 -0.05864 -0.05864 -0.05864 -0.05864 -0.05864 -0.05864 -0.05864 -0.05864 -0.05864 -0.05864 -0.05864 -0.05864 -0.05864 -0.05864 -0.05864 -0.05864 -0.05864 -0.05864 -0.05864 -0.05864 -0.05864 -0.05864
-0.15202 -0.15202 -0.15202 -0.15202 -0.15202 -0.15202 -0.15202 -0.15202 -0.15202 -0.15202 -0.15202 -0.15202 -0.15202 -0.15202 -0.15202 -0.15202 -0.15202 -0.15202 -0.15202 -0.15202 -0.15202 -0.15202 -0.15202 -0.15202 -0.15202
-0.24668 -0.24668 -0.24668 -0.24668 -0.24668 -0.24668 -0.24668 -0.24668 -0.24668 -0.24668 -0.24668 -0.24668 -0.24668 -0.24668 -0.24668 -0.24668 -0.24668 -0.24668 -0.24668 -0.24668 -0.24668 -0.24668 -0.24668 -0.24668 -0.24668
-1.2906 -1.2906 -1.2906 -1.2906 -1.2906 -1.2906 -1.2906 -1.2906 -1.2906 -1.2906 -1.2906 -1.2906 -1.2906 -1.2906 -1.2906 -1.2906 -1.2906 -1.2906 -1.2906 -1.2906 -1.2906 -1.2906 -1.2906 -1.2906 -1.2906
-5.7631 -5.7631 -5.7631 -5.7631 -5.7631 -5.7631 -5.7631 -5.7631 -5.7631 -5.7631 -5.7631 -5.7631 -5.7631 -5.7631 -5.7631 -5.7631 -5.7631 -5.7631 -5.7631 -5.7631 -5.7631 -5.7631 -5.7631 -5.7631 -5.7631
-2.3284 -2.3284 -2.3284 -2.3284 -2.3284 -2.3284 -2.3284 -2.3284 -2.3284 -2.3284 -2.3284 -2.3284 -2.3284 -2.3284 -2.3284 -2.3284 -2.3284 -2.3284 -2.3284 -2.3284 -2.3284 -2.3284 -2.3284 -2.3284 -2.3284
3.7593 3.7593 3.7593 3.7593 3.7593 3.7593 3.7593 3.7593 3.7593 3.7593 3.7593 3.7593 3.7593 3.7593 3.7593 3.7593 3.7593 3.7593 3.7593 3.7593 3.7593 3.7593 3.7593 3.7593 3.7593
-0.48165 -0.48165 -0.48165 -0.48165 -0.48165 -0.48165 -0.48165 -0.48165 -0.48165 -0.48165 -0.48165 -0.48165 -0.48165 -0.48165 -0.48165 -0.48165 -0.48165 -0.48165 -0.48165 -0.48165 -0.48165 -0.48165 -0.48165 -0.48165 -0.48165
-0.062391 -0.062391 -0.062391 -0.062391 -0.062391 -0.062391 -0.062391 -0.062391 -0.062391 -0.062391 -0.062391 -0.062391 -0.062391 -0.062391 -0.062391 -0.062391 -0.062391 -0.062391 -0.062391 -0.062391 -0.062391 -0.062391 -0.062391 -0.062391 -0.062391
-0.058664 -0.058664 -0.058664 -0.058664 -0.058664 -0.058664 -0.058664 -0.058664 -0.058664 -0.058664 -0.058664 -0.058664 -0.058664 -0.058664 -0.058664 -0.058664 -0.058664 -0.058664 -0.058664 -0.058664 -0.058664 -0.058664 -0.058664 -0.058664 -0.058664
-0.03382 -0.03382 -0.03382 -0.03382 -0.03382 -0.03382 -0.03382 -0.03382 -0.03382 -0.03382 -0.03382 -0.03382 -0.03382 -0.03382 -0.03382 -0.03382 -0.03382 -0.03382 -0.03382 -0.03382 -0.03382 -0.03382 -0.03382 -0.03382 -0.03382
0 0 0 0 0 0 0 0 0 0 0 0 0 0 0 0 0 0 0 0 0 0 0 0 0
0 0 0 0 0 0 0 0 0 0 0 0 0 0 0 0 0 0 0 0 0 0 0 0 0
0 0 0 0 0 0 0 0 0 0 0 0 0 0 0 0 0 0 0 0 0 0 0 0 0
0 0 0 0 0 0 0 0 0 0 0 0 0 0 0 0 0 0 0 0 0 0 0 0 0
0 0 0 0 0 0 0 0 0 0 0 0 0 0 0 0 0 0 0 0 0 0 0 0 0
0 0 0 0 0 0 0 0 0 0 0 0 0 0 0 0 0 0 0 0 0 0 0 0 0
0 0 0 0 0 0 0 0 0 0 0 0 0 0 0 0 0 0 0 0 0 0 0 0 0
0 0 0 0 0 0 0 0 0 0 0 0 0 0 0 0 0 0 0 0 0 0 0 0 0
0 0 0 0 0 0 0 0 0 0 0 0 0 0 0 0 0 0 0 0 0 0 0 0 0
0 0 0 0 0 0 0 0 0 0 0 0 0 0 0 0 0 0 0 0 0 0 0 0 0
0 0 0 0 0 0 0 0 0 0 0 0 0 0 0 0 0 0 0 0 0 0 0 0 0
0 0 0 0 0 0 0 0 0 0 0 0 0 0 0 0 0 0 0 0 0 0 0 0 0
0 0 0 0 0 0 0 0 0 0 0 0 0 0 0 0 0 0 0 0 0 0 0 0 0
0 0 0 0 0 0 0 0 0 0 0 0 0 0 0 0 0 0 0 0 0 0 0 0 0
0 0 0 0 0 0 0 0 0 0 0 0 0 0 0 0 0 0 0 0 0 0 0 0 0
0 0 0 0 0 0 0 0 0 0 0 0 0 0 0 0 0 0 0 0 0 0 0 0 0
-0 -0 -0 -0 -0 -0 -0 -0 -0 -0 -0 -0 -0 -0 -0 -0 -0 -0 -0 -0 -0 -0 -0 -0 -0
0 0 0 0 0 0 0 0 0 0 0 0 0 0 0 0 0 0 0 0 0 0 0 0 0
0 0 0 0 0 0 0 0 0 0 0 0 0 0 0 0 0 0 0 0 0 0 0 0 0
0 0 0 0 0 0 0 0 0 0 0 0 0 0 0 0 0 0 0 0 0 0 0 0 0
0 0 0 0 0 0 0 0 0 0 0 0 0 0 0 0 0 0 0 0 0 0 0 0 0
0 0 0 0 0 0 0 0 0 0 0 0 0 0 0 0 0 0 0 0 0 0 0 0 0
-0.0060876 -0.0060876 -0.0060876 -0.0060876 -0.0060876 -0.0060876 -0.0060876 -0.0060876 -0.0060876 -0.0060876 -0.0060876 -0.0060876 -0.0060876 -0.0060876 -0.0060876 -0.0060876 -0.0060876 -0.0060876 -0.0060876 -0.0060876 -0.0060876 -0.0060876 -0.0060876 -0.0060876 -0.0060876
-0.027625 -0.027625 -0.027625 -0.027625 -0.027625 -0.027625 -0.027625 -0.027625 -0.027625 -0.027625 -0.027625 -0.027625 -0.027625 -0.027625 -0.027625 -0.027625 -0.027625 -0.027625 -0.027625 -0.027625 -0.027625 -0.027625 -0.027625 -0.027625 -0.027625
0.010871 0.010871 0.010871 0.010871 0.010871 0.010871 0.010871 0.010871 0.010871 0.010871 0.010871 0.010871 0.010871 0.010871 0.010871 0.010871 0.010871 0.010871 0.010871 0.010871 0.010871 0.010871 0.010871 0.010871 0.010871
0.14339 0.14339 0.14339 0.14339 0.14339 0.14339 0.14339 0.14339 0.14339 0.14339 0.14339 0.14339 0.14339 0.14339 0.14339 0.14339 0.14339 0.14339 0.14339 0.14339 0.14339 0.14339 0.14339 0.14339 0.14339
-1.0549 -1.0549 -1.0549 -1.0549 -1.0549 -1.0549 -1.0549 -1.0549 -1.0549 -1.0549 -1.0549 -1.0549 -1.0549 -1.0549 -1.0549 -1.0549 -1.0549 -1.0549 -1.0549 -1.0549 -1.0549 -1.0549 -1.0549 -1.0549 -1.0549
0.78251 0.78251 0.78251 0.78251 0.78251 0.78251 0.78251 0.78251 0.78251 0.78251 0.78251 0.78251 0.78251 0.78251 0.78251 0.78251 0.78251 0.78251 0.78251 0.78251 0.78251 0.78251 0.78251 0.78251 0.78251
-0.7498 -0.7498 -0.7498 -0.7498 -0.7498 -0.7498 -0.7498 -0.7498 -0.7498 -0.7498 -0.7498 -0.7498 -0.7498 -0.7498 -0.7498 -0.7498 -0.7498 -0.7498 -0.7498 -0.7498 -0.7498 -0.7498 -0.7498 -0.7498 -0.7498
0.06809 0.06809 0.06809 0.06809 0.06809 0.06809 0.06809 0.06809 0.06809 0.06809 0.06809 0.06809 0.06809 0.06809 0.06809 0.06809 0.06809 0.06809 0.06809 0.06809 0.06809 0.06809 0.06809 0.06809 0.06809
-0.018057 -0.018057 -0.018057 -0.018057 -0.018057 -0.018057 -0.018057 -0.018057 -0.018057 -0.018057 -0.018057 -0.018057 -0.018057 -0.018057 -0.018057 -0.018057 -0.018057 -0.018057 -0.018057 -0.018057 -0.018057 -0.018057 -0.018057 -0.018057 -0.018057
-0.0095605 -0.0095605 -0.0095605 -0.0095605 -0.0095605 -0.0095605 -0.0095605 -0.0095605 -0.0095605 -0.0095605 -0.0095605 -0.0095605 -0.0095605 -0.0095605 -0.0095605 -0.0095605 -0.0095605 -0.0095605 -0.0095605 -0.0095605 -0.0095605 -0.0095605 -0.0095605 -0.0095605 -0.0095605
-0.004658 -0.004658 -0.004658 -0.004658 -0.004658 -0.004658 -0.004658 -0.004658 -0.004658 -0.004658 -0.004658 -0.004658 -0.004658 -0.004658 -0.004658 -0.004658 -0.004658 -0.004658 -0.004658 -0.004658 -0.004658 -0.004658 -0.004658 -0.004658 -0.004658
-0.003051 -0.003051 -0.003051 -0.003051 -0.003051 -0.003051 -0.003051 -0.003051 -0.003051 -0.003051 -0.003051 -0.003051 -0.003051 -0.003051 -0.003051 -0.003051 -0.003051 -0.003051 -0.003051 -0.003051 -0.003051 -0.003051 -0.003051 -0.003051 -0.003051
-0.017149 -0.017149 -0.017149 -0.017149 -0.017149 -0.017149 -0.017149 -0.017149 -0.017149 -0.017149 -0.017149 -0.017149 -0.017149 -0.017149 -0.017149 -0.017149 -0.017149 -0.017149 -0.017149 -0.017149 -0.017149 -0.017149 -0.017149 -0.017149 -0.017149
0.062152 0.062152 0.062152 0.062152 0.062152 0.062152 0.062152 0.062152 0.062152 0.062152 0.062152 0.062152 0.062152 0.062152 0.062152 0.062152 0.062152 0.062152 0.062152 0.062152 0.062152 0.062152 0.062152 0.062152 0.062152
0.87694 0.87694 0.87694 0.87694 0.87694 0.87694 0.87694 0.87694 0.87694 0.87694 0.87694 0.87694 0.87694 0.87694 0.87694 0.87694 0.87694 0.87694 0.87694 0.87694 0.87694 0.87694 0.87694 0.87694 0.87694
0.032863 0.032863 0.032863 0.032863 0.032863 0.032863 0.032863 0.032863 0.032863 0.032863 0.032863 0.032863 0.032863 0.032863 0.032863 0.032863 0.032863 0.032863 0.032863 0.032863 0.032863 0.032863 0.032863 0.032863 0.032863
-0.78756 -0.78756 -0.78756 -0.78756 -0.78756 -0.78756 -0.78756 -0.78756 -0.78756 -0.78756 -0.78756 -0.78756 -0.78756 -0.78756 -0.78756 -0.78756 -0.78756 -0.78756 -0.78756 -0.78756 -0.78756 -0.78756 -0.78756 -0.78756 -0.78756
-0.52487 -0.52487 -0.52487 -0.52487 -0.52487 -0.52487 -0.52487 -0.52487 -0.52487 -0.52487 -0.52487 -0.52487 -0.52487 -0.52487 -0.52487 -0.52487 -0.52487 -0.52487 -0.52487 -0.52487 -0.52487 -0.52487 -0.52487 -0.52487 -0.52487
0.003146 0.003146 0.003146 0.003146 0.003146 0.003146 0.003146 0.003146 0.003146 0.003146 0.003146 0.003146 0.003146 0.003146 0.003146 0.003146 0.003146 0.003146 0.003146 0.003146 0.003146 0.003146 0.003146 0.003146 0.003146
-0.020644 -0.020644 -0.020644 -0.020644 -0.020644 -0.020644 -0.020644 -0.020644 -0.020644 -0.020644 -0.020644 -0.020644 -0.020644 -0.020644 -0.020644 -0.020644 -0.020644 -0.020644 -0.020644 -0.020644 -0.020644 -0.020644 -0.020644 -0.020644 -0.020644
-0.011478 -0.011478 -0.011478 -0.011478 -0.011478 -0.011478 -0.011478 -0.011478 -0.011478 -0.011478 -0.011478 -0.011478 -0.011478 -0.011478 -0.011478 -0.011478 -0.011478 -0.011478 -0.011478 -0.011478 -0.011478 -0.011478 -0.011478 -0.011478 -0.011478
-0.0054148 -0.0054148 -0.0054148 -0.0054148 -0.0054148 -0.0054148 -0.0054148 -0.0054148 -0.0054148 -0.0054148 -0.0054148 -0.0054148 -0.0054148 -0.0054148 -0.0054148 -0.0054148 -0.0054148 -0.0054148 -0.0054148 -0.0054148 -0.0054148 -0.0054148 -0.0054148 -0.0054148 -0.0054148
0 0 0 0 0 0 0 0 0 0 0 0 0 0 0 0 0 0 0 0 0 0 0 0 0
0 0 0 0 0 0 0 0 0 0 0 0 0 0 0 0 0 0 0 0 0 0 0 0 0
0 0 0 0 0 0 0 0 0 0 0 0 0 0 0 0 0 0 0 0 0 0 0 0 0
0 0 0 0 0 0 0 0 0 0 0 0 0 0 0 0 0 0 0 0 0 0 0 0 0
0 0 0 0 0 0 0 0 0 0 0 0 0 0 0 0 0 0 0 0 0 0 0 0 0
0 0 0 0 0 0 0 0 0 0 0 0 0 0 0 0 0 0 0 0 0 0 0 0 0
0 0 0 0 0 0 0 0 0 0 0 0 0 0 0 0 0 0 0 0 0 0 0 0 0
0 0 0 0 0 0 0 0 0 0 0 0 0 0 0 0 0 0 0 0 0 0 0 0 0
0 0 0 0 0 0 0 0 0 0 0 0 0 0 0 0 0 0 0 0 0 0 0 0 0
0 0 0 0 0 0 0 0 0 0 0 0 0 0 0 0 0 0 0 0 0 0 0 0 0
0 0 0 0 0 0 0 0 0 0 0 0 0 0 0 0 0 0 0 0 0 0 0 0 0
0 0 0 0 0 0 0 0 0 0 0 0 0 0 0 0 0 0 0 0 0 0 0 0 0
0 0 0 0 0 0 0 0 0 0 0 0 0 0 0 0 0 0 0 0 0 0 0 0 0
0 0 0 0 0 0 0 0 0 0 0 0 0 0 0 0 0 0 0 0 0 0 0 0 0
0 0 0 0 0 0 0 0 0 0 0 0 0 0 0 0 0 0 0 0 0 0 0 0 0
0 0 0 0 0 0 0 0 0 0 0 0 0 0 0 0 0 0 0 0 0 0 0 0 0
-0 -0 -0 -0 -0 -0 -0 -0 -0 -0 -0 -0 -0 -0 -0 -0 -0 -0 -0 -0 -0 -0 -0 -0 -0
0 0 0 0 0 0 0 0 0 0 0 0 0 0 0 0 0 0 0 0 0 0 0 0 0
0 0 0 0 0 0 0 0 0 0 0 0 0 0 0 0 0 0 0 0 0 0 0 0 0
0 0 0 0 0 0 0 0 0 0 0 0 0 0 0 0 0 0 0 0 0 0 0 0 0
0 0 0 0 0 0 0 0 0 0 0 0 0 0 0 0 0 0 0 0 0 0 0 0 0
0 0 0 0 0 0 0 0 0 0 0 0 0 0 0 0 0 0 0 0 0 0 0 0 0
0 0 0 0 0 0 0 0 0 0 0 0 0 0 0 0 0 0 0 0 0 0 0 0 0
0 0 0 0 0 0 0 0 0 0 0 0 0 0 0 0 0 0 0 0 0 0 0 0 0
0 0 0 0 0 0 0 0 0 0 0 0 0 0 0 0 0 0 0 0 0 0 0 0 0
0 0 0 0 0 0 0 0 0 0 0 0 0 0 0 0 0 0 0 0 0 0 0 0 0
0 0 0 0 0 0 0 0 0 0 0 0 0 0 0 0 0 0 0 0 0 0 0 0 0
0 0 0 0 0 0 0 0 0 0 0 0 0 0 0 0 0 0 0 0 0 0 0 0 0
0 0 0 0 0 0 0 0 0 0 0 0 0 0 0 0 0 0 0 0 0 0 0 0 0
0 0 0 0 0 0 0 0 0 0 0 0 0 0 0 0 0 0 0 0 0 0 0 0 0
0 0 0 0 0 0 0 0 0 0 0 0 0 0 0 0 0 0 0 0 0 0 0 0 0
0 0 0 0 0 0 0 0 0 0 0 0 0 0 0 0 0 0 0 0 0 0 0 0 0
0 0 0 0 0 0 0 0 0 0 0 0 0 0 0 0 0 0 0 0 0 0 0 0 0
0 0 0 0 0 0 0 0 0 0 0 0 0 0 0 0 0 0 0 0 0 0 0 0 0
0 0 0 0 0 0 0 0 0 0 0 0 0 0 0 0 0 0 0 0 0 0 0 0 0
0 0 0 0 0 0 0 0 0 0 0 0 0 0 0 0 0 0 0 0 0 0 0 0 0
0 0 0 0 0 0 0 0 0 0 0 0 0 0 0 0 0 0 0 0 0 0 0 0 0
0 0 0 0 0 0 0 0 0 0 0 0 0 0 0 0 0 0 0 0 0 0 0 0 0
-0 -0 -0 -0 -0 -0 -0 -0 -0 -0 -0 -0 -0 -0 -0 -0 -0 -0 -0 -0 -0 -0 -0 -0 -0
0 0 0 0 0 0 0 0 0 0 0 0 0 0 0 0 0 0 0 0 0 0 0 0 0
0 0 0 0 0 0 0 0 0 0 0 0 0 0 0 0 0 0 0 0 0 0 0 0 0
0 0 0 0 0 0 0 0 0 0 0 0 0 0 0 0 0 0 0 0 0 0 0 0 0
0 0 0 0 0 0 0 0 0 0 0 0 0 0 0 0 0 0 0 0 0 0 0 0 0
0 0 0 0 0 0 0 0 0 0 0 0 0 0 0 0 0 0 0 0 0 0 0 0 0
0 0 0 0 0 0 0 0 0 0 0 0 0 0 0 0 0 0 0 0 0 0 0 0 0
0 0 0 0 0 0 0 0 0 0 0 0 0 0 0 0 0 0 0 0 0 0 0 0 0
0 0 0 0 0 0 0 0 0 0 0 0 0 0 0 0 0 0 0 0 0 0 0 0 0
0 0 0 0 0 0 0 0 0 0 0 0 0 0 0 0 0 0 0 0 0 0 0 0 0
0 0 0 0 0 0 0 0 0 0 0 0 0 0 0 0 0 0 0 0 0 0 0 0 0
0 0 0 0 0 0 0 0 0 0 0 0 0 0 0 0 0 0 0 0 0 0 0 0 0
0 0 0 0 0 0 0 0 0 0 0 0 0 0 0 0 0 0 0 0 0 0 0 0 0
0 0 0 0 0 0 0 0 0 0 0 0 0 0 0 0 0 0 0 0 0 0 0 0 0
0 0 0 0 0 0 0 0 0 0 0 0 0 0 0 0 0 0 0 0 0 0 0 0 0
0 0 0 0 0 0 0 0 0 0 0 0 0 0 0 0 0 0 0 0 0 0 0 0 0
0 0 0 0 0 0 0 0 0 0 0 0 0 0 0 0 0 0 0 0 0 0 0 0 0
0 0 0 0 0 0 0 0 0 0 0 0 0 0 0 0 0 0 0 0 0 0 0 0 0
0 0 0 0 0 0 0 0 0 0 0 0 0 0 0 0 0 0 0 0 0 0 0 0 0
0 0 0 0 0 0 0 0 0 0 0 0 0 0 0 0 0 0 0 0 0 0 0 0 0
0 0 0 0 0 0 0 0 0 0 0 0 0 0 0 0 0 0 0 0 0 0 0 0 0
0 0 0 0 0 0 0 0 0 0 0 0 0 0 0 0 0 0 0 0 0 0 0 0 0
-0 -0 -0 -0 -0 -0 -0 -0 -0 -0 -0 -0 -0 -0 -0 -0 -0 -0 -0 -0 -0 -0 -0 -0 -0
0 0 0 0 0 0 0 0 0 0 0 0 0 0 0 0 0 0 0 0 0 0 0 0 0
0 0 0 0 0 0 0 0 0 0 0 0 0 0 0 0 0 0 0 0 0 0 0 0 0
0 0 0 0 0 0 0 0 0 0 0 0 0 0 0 0 0 0 0 0 0 0 0 0 0
0 0 0 0 0 0 0 0 0 0 0 0 0 0 0 0 0 0 0 0 0 0 0 0 0
0 0 0 0 0 0 0 0 0 0 0 0 0 0 0 0 0 0 0 0 0 0 0 0 0
1 2 3 4 5 6 7 8 9 10 11 12 13 14 15 16 17 18 19 20 21 22 23 24 25
