-0.011359 -0.011359 -0.011359 -0.011359 -0.011359 -0.011359 -0.011359 -0.011359 -0.011359 -0.011359 -0.011359 -0.011359 -0.011359 -0.011359 -0.011359 -0.011359 -0.011359 -0.011359 -0.011359 -0.011359 -0.011359 -0.011359 -0.011359 -0.011359 -0.011359
0.01313 0.01313 0.01313 0.01313 0.01313 0.01313 0.01313 0.01313 0.01313 0.01313 0.01313 0.01313 0.01313 0.01313 0.01313 0.01313 0.01313 0.01313 0.01313 0.01313 0.01313 0.01313 0.01313 0.01313 0.01313
0.30003 0.30003 0.30003 0.30003 0.30003 0.30003 0.30003 0.30003 0.30003 0.30003 0.30003 0.30003 0.30003 0.30003 0.30003 0.30003 0.30003 0.30003 0.30003 0.30003 0.30003 0.30003 0.30003 0.30003 0.30003
2.9391 2.9391 2.9391 2.9391 2.9391 2.9391 2.9391 2.9391 2.9391 2.9391 2.9391 2.9391 2.9391 2.9391 2.9391 2.9391 2.9391 2.9391 2.9391 2.9391 2.9391 2.9391 2.9391 2.9391 2.9391
1.876 1.876 1.876 1.876 1.876 1.876 1.876 1.876 1.876 1.876 1.876 1.876 1.876 1.876 1.876 1.876 1.876 1.876 1.876 1.876 1.876 1.876 1.876 1.876 1.876
2.9381 2.9381 2.9381 2.9381 2.9381 2.9381 2.9381 2.9381 2.9381 2.9381 2.9381 2.9381 2.9381 2.9381 2.9381 2.9381 2.9381 2.9381 2.9381 2.9381 2.9381 2.9381 2.9381 2.9381 2.9381
0.29176 0.29176 0.29176 0.29176 0.29176 0.29176 0.29176 0.29176 0.29176 0.29176 0.29176 0.29176 0.29176 0.29176 0.29176 0.29176 0.29176 0.29176 0.29176 0.29176 0.29176 0.29176 0.29176 0.29176 0.29176
0.013025 0.013025 0.013025 0.013025 0.013025 0.013025 0.013025 0.013025 0.013025 0.013025 0.013025 0.013025 0.013025 0.013025 0.013025 0.013025 0.013025 0.013025 0.013025 0.013025 0.013025 0.013025 0.013025 0.013025 0.013025
-0.0089257 -0.0089257 -0.0089257 -0.0089257 -0.0089257 -0.0089257 -0.0089257 -0.0089257 -0.0089257 -0.0089257 -0.0089257 -0.0089257 -0.0089257 -0.0089257 -0.0089257 -0.0089257 -0.0089257 -0.0089257 -0.0089257 -0.0089257 -0.0089257 -0.0089257 -0.0089257 -0.0089257 -0.0089257
-0.010815 -0.010815 -0.010815 -0.010815 -0.010815 -0.010815 -0.010815 -0.010815 -0.010815 -0.010815 -0.010815 -0.010815 -0.010815 -0.010815 -0.010815 -0.010815 -0.010815 -0.010815 -0.010815 -0.010815 -0.010815 -0.010815 -0.010815 -0.010815 -0.010815
-0.0089504 -0.0089504 -0.0089504 -0.0089504 -0.0089504 -0.0089504 -0.0089504 -0.0089504 -0.0089504 -0.0089504 -0.0089504 -0.0089504 -0.0089504 -0.0089504 -0.0089504 -0.0089504 -0.0089504 -0.0089504 -0.0089504 -0.0089504 -0.0089504 -0.0089504 -0.0089504 -0.0089504 -0.0089504
-0.046355 -0.046355 -0.046355 -0.046355 -0.046355 -0.046355 -0.046355 -0.046355 -0.046355 -0.046355 -0.046355 -0.046355 -0.046355 -0.046355 -0.046355 -0.046355 -0.046355 -0.046355 -0.046355 -0.046355 -0.046355 -0.046355 -0.046355 -0.046355 -0.046355
-0.11238 -0.11238 -0.11238 -0.11238 -0.11238 -0.11238 -0.11238 -0.11238 -0.11238 -0.11238 -0.11238 -0.11238 -0.11238 -0.11238 -0.11238 -0.11238 -0.11238 -0.11238 -0.11238 -0.11238 -0.11238 -0.11238 -0.11238 -0.11238 -0.11238
-0.40521 -0.40521 -0.40521 -0.40521 -0.40521 -0.40521 -0.40521 -0.40521 -0.40521 -0.40521 -0.40521 -0.40521 -0.40521 -0.40521 -0.40521 -0.40521 -0.40521 -0.40521 -0.40521 -0.40521 -0.40521 -0.40521 -0.40521 -0.40521 -0.40521
-1.9505 -1.9505 -1.9505 -1.9505 -1.9505 -1.9505 -1.9505 -1.9505 -1.9505 -1.9505 -1.9505 -1.9505 -1.9505 -1.9505 -1.9505 -1.9505 -1.9505 -1.9505 -1.9505 -1.9505 -1.9505 -1.9505 -1.9505 -1.9505 -1.9505
-1.3162 -1.3162 -1.3162 -1.3162 -1.3162 -1.3162 -1.3162 -1.3162 -1.3162 -1.3162 -1.3162 -1.3162 -1.3162 -1.3162 -1.3162 -1.3162 -1.3162 -1.3162 -1.3162 -1.3162 -1.3162 -1.3162 -1.3162 -1.3162 -1.3162
-1.95 -1.95 -1.95 -1.95 -1.95 -1.95 -1.95 -1.95 -1.95 -1.95 -1.95 -1.95 -1.95 -1.95 -1.95 -1.95 -1.95 -1.95 -1.95 -1.95 -1.95 -1.95 -1.95 -1.95 -1.95
-0.39377 -0.39377 -0.39377 -0.39377 -0.39377 -0.39377 -0.39377 -0.39377 -0.39377 -0.39377 -0.39377 -0.39377 -0.39377 -0.39377 -0.39377 -0.39377 -0.39377 -0.39377 -0.39377 -0.39377 -0.39377 -0.39377 -0.39377 -0.39377 -0.39377
-0.11196 -0.11196 -0.11196 -0.11196 -0.11196 -0.11196 -0.11196 -0.11196 -0.11196 -0.11196 -0.11196 -0.11196 -0.11196 -0.11196 -0.11196 -0.11196 -0.11196 -0.11196 -0.11196 -0.11196 -0.11196 -0.11196 -0.11196 -0.11196 -0.11196
-0.046844 -0.046844 -0.046844 -0.046844 -0.046844 -0.046844 -0.046844 -0.046844 -0.046844 -0.046844 -0.046844 -0.046844 -0.046844 -0.046844 -0.046844 -0.046844 -0.046844 -0.046844 -0.046844 -0.046844 -0.046844 -0.046844 -0.046844 -0.046844 -0.046844
-0.030012 -0.030012 -0.030012 -0.030012 -0.030012 -0.030012 -0.030012 -0.030012 -0.030012 -0.030012 -0.030012 -0.030012 -0.030012 -0.030012 -0.030012 -0.030012 -0.030012 -0.030012 -0.030012 -0.030012 -0.030012 -0.030012 -0.030012 -0.030012 -0.030012
-0.01444 -0.01444 -0.01444 -0.01444 -0.01444 -0.01444 -0.01444 -0.01444 -0.01444 -0.01444 -0.01444 -0.01444 -0.01444 -0.01444 -0.01444 -0.01444 -0.01444 -0.01444 -0.01444 -0.01444 -0.01444 -0.01444 -0.01444 -0.01444 -0.01444
0.92528 0.92528 0.92528 0.92528 0.92528 0.92528 0.92528 0.92528 0.92528 0.92528 0.92528 0.92528 0.92528 0.92528 0.92528 0.92528 0.92528 0.92528 0.92528 0.92528 0.92528 0.92528 0.92528 0.92528 0.92528
-0.011231 -0.011231 -0.011231 -0.011231 -0.011231 -0.011231 -0.011231 -0.011231 -0.011231 -0.011231 -0.011231 -0.011231 -0.011231 -0.011231 -0.011231 -0.011231 -0.011231 -0.011231 -0.011231 -0.011231 -0.011231 -0.011231 -0.011231 -0.011231 -0.011231
8.3922e-05 8.3922e-05 8.3922e-05 8.3922e-05 8.3922e-05 8.3922e-05 8.3922e-05 8.3922e-05 8.3922e-05 8.3922e-05 8.3922e-05 8.3922e-05 8.3922e-05 8.3922e-05 8.3922e-05 8.3922e-05 8.3922e-05 8.3922e-05 8.3922e-05 8.3922e-05 8.3922e-05 8.3922e-05 8.3922e-05 8.3922e-05 8.3922e-05
0.16779 0.16779 0.16779 0.16779 0.16779 0.16779 0.16779 0.16779 0.16779 0.16779 0.16779 0.16779 0.16779 0.16779 0.16779 0.16779 0.16779 0.16779 0.16779 0.16779 0.16779 0.16779 0.16779 0.16779 0.16779
1.7791 1.7791 1.7791 1.7791 1.7791 1.7791 1.7791 1.7791 1.7791 1.7791 1.7791 1.7791 1.7791 1.7791 1.7791 1.7791 1.7791 1.7791 1.7791 1.7791 1.7791 1.7791 1.7791 1.7791 1.7791
1.116 1.116 1.116 1.116 1.116 1.116 1.116 1.116 1.116 1.116 1.116 1.116 1.116 1.116 1.116 1.116 1.116 1.116 1.116 1.116 1.116 1.116 1.116 1.116 1.116
1.7754 1.7754 1.7754 1.7754 1.7754 1.7754 1.7754 1.7754 1.7754 1.7754 1.7754 1.7754 1.7754 1.7754 1.7754 1.7754 1.7754 1.7754 1.7754 1.7754 1.7754 1.7754 1.7754 1.7754 1.7754
0.16195 0.16195 0.16195 0.16195 0.16195 0.16195 0.16195 0.16195 0.16195 0.16195 0.16195 0.16195 0.16195 0.16195 0.16195 0.16195 0.16195 0.16195 0.16195 0.16195 0.16195 0.16195 0.16195 0.16195 0.16195
-5.0087e-05 -5.0087e-05 -5.0087e-05 -5.0087e-05 -5.0087e-05 -5.0087e-05 -5.0087e-05 -5.0087e-05 -5.0087e-05 -5.0087e-05 -5.0087e-05 -5.0087e-05 -5.0087e-05 -5.0087e-05 -5.0087e-05 -5.0087e-05 -5.0087e-05 -5.0087e-05 -5.0087e-05 -5.0087e-05 -5.0087e-05 -5.0087e-05 -5.0087e-05 -5.0087e-05 -5.0087e-05
-0.0097072 -0.0097072 -0.0097072 -0.0097072 -0.0097072 -0.0097072 -0.0097072 -0.0097072 -0.0097072 -0.0097072 -0.0097072 -0.0097072 -0.0097072 -0.0097072 -0.0097072 -0.0097072 -0.0097072 -0.0097072 -0.0097072 -0.0097072 -0.0097072 -0.0097072 -0.0097072 -0.0097072 -0.0097072
-0.0095039 -0.0095039 -0.0095039 -0.0095039 -0.0095039 -0.0095039 -0.0095039 -0.0095039 -0.0095039 -0.0095039 -0.0095039 -0.0095039 -0.0095039 -0.0095039 -0.0095039 -0.0095039 -0.0095039 -0.0095039 -0.0095039 -0.0095039 -0.0095039 -0.0095039 -0.0095039 -0.0095039 -0.0095039
-0.0071398 -0.0071398 -0.0071398 -0.0071398 -0.0071398 -0.0071398 -0.0071398 -0.0071398 -0.0071398 -0.0071398 -0.0071398 -0.0071398 -0.0071398 -0.0071398 -0.0071398 -0.0071398 -0.0071398 -0.0071398 -0.0071398 -0.0071398 -0.0071398 -0.0071398 -0.0071398 -0.0071398 -0.0071398
-0.033001 -0.033001 -0.033001 -0.033001 -0.033001 -0.033001 -0.033001 -0.033001 -0.033001 -0.033001 -0.033001 -0.033001 -0.033001 -0.033001 -0.033001 -0.033001 -0.033001 -0.033001 -0.033001 -0.033001 -0.033001 -0.033001 -0.033001 -0.033001 -0.033001
-0.07849 -0.07849 -0.07849 -0.07849 -0.07849 -0.07849 -0.07849 -0.07849 -0.07849 -0.07849 -0.07849 -0.07849 -0.07849 -0.07849 -0.07849 -0.07849 -0.07849 -0.07849 -0.07849 -0.07849 -0.07849 -0.07849 -0.07849 -0.07849 -0.07849
-0.27718 -0.27718 -0.27718 -0.27718 -0.27718 -0.27718 -0.27718 -0.27718 -0.27718 -0.27718 -0.27718 -0.27718 -0.27718 -0.27718 -0.27718 -0.27718 -0.27718 -0.27718 -0.27718 -0.27718 -0.27718 -0.27718 -0.27718 -0.27718 -0.27718
-1.3126 -1.3126 -1.3126 -1.3126 -1.3126 -1.3126 -1.3126 -1.3126 -1.3126 -1.3126 -1.3126 -1.3126 -1.3126 -1.3126 -1.3126 -1.3126 -1.3126 -1.3126 -1.3126 -1.3126 -1.3126 -1.3126 -1.3126 -1.3126 -1.3126
-0.88328 -0.88328 -0.88328 -0.88328 -0.88328 -0.88328 -0.88328 -0.88328 -0.88328 -0.88328 -0.88328 -0.88328 -0.88328 -0.88328 -0.88328 -0.88328 -0.88328 -0.88328 -0.88328 -0.88328 -0.88328 -0.88328 -0.88328 -0.88328 -0.88328
-1.3127 -1.3127 -1.3127 -1.3127 -1.3127 -1.3127 -1.3127 -1.3127 -1.3127 -1.3127 -1.3127 -1.3127 -1.3127 -1.3127 -1.3127 -1.3127 -1.3127 -1.3127 -1.3127 -1.3127 -1.3127 -1.3127 -1.3127 -1.3127 -1.3127
-0.26943 -0.26943 -0.26943 -0.26943 -0.26943 -0.26943 -0.26943 -0.26943 -0.26943 -0.26943 -0.26943 -0.26943 -0.26943 -0.26943 -0.26943 -0.26943 -0.26943 -0.26943 -0.26943 -0.26943 -0.26943 -0.26943 -0.26943 -0.26943 -0.26943
-0.078259 -0.078259 -0.078259 -0.078259 -0.078259 -0.078259 -0.078259 -0.078259 -0.078259 -0.078259 -0.078259 -0.078259 -0.078259 -0.078259 -0.078259 -0.078259 -0.078259 -0.078259 -0.078259 -0.078259 -0.078259 -0.078259 -0.078259 -0.078259 -0.078259
-0.033346 -0.033346 -0.033346 -0.033346 -0.033346 -0.033346 -0.033346 -0.033346 -0.033346 -0.033346 -0.033346 -0.033346 -0.033346 -0.033346 -0.033346 -0.033346 -0.033346 -0.033346 -0.033346 -0.033346 -0.033346 -0.033346 -0.033346 -0.033346 -0.033346
-0.021603 -0.021603 -0.021603 -0.021603 -0.021603 -0.021603 -0.021603 -0.021603 -0.021603 -0.021603 -0.021603 -0.021603 -0.021603 -0.021603 -0.021603 -0.021603 -0.021603 -0.021603 -0.021603 -0.021603 -0.021603 -0.021603 -0.021603 -0.021603 -0.021603
-0.010555 -0.010555 -0.010555 -0.010555 -0.010555 -0.010555 -0.010555 -0.010555 -0.010555 -0.010555 -0.010555 -0.010555 -0.010555 -0.010555 -0.010555 -0.010555 -0.010555 -0.010555 -0.010555 -0.010555 -0.010555 -0.010555 -0.010555 -0.010555 -0.010555
1.5783 1.5783 1.5783 1.5783 1.5783 1.5783 1.5783 1.5783 1.5783 1.5783 1.5783 1.5783 1.5783 1.5783 1.5783 1.5783 1.5783 1.5783 1.5783 1.5783 1.5783 1.5783 1.5783 1.5783 1.5783
0.056444 0.056444 0.056444 0.056444 0.056444 0.056444 0.056444 0.056444 0.056444 0.056444 0.056444 0.056444 0.056444 0.056444 0.056444 0.056444 0.056444 0.056444 0.056444 0.056444 0.056444 0.056444 0.056444 0.056444 0.056444
0.19515 0.19515 0.19515 0.19515 0.19515 0.19515 0.19515 0.19515 0.19515 0.19515 0.19515 0.19515 0.19515 0.19515 0.19515 0.19515 0.19515 0.19515 0.19515 0.19515 0.19515 0.19515 0.19515 0.19515 0.19515
1.0945 1.0945 1.0945 1.0945 1.0945 1.0945 1.0945 1.0945 1.0945 1.0945 1.0945 1.0945 1.0945 1.0945 1.0945 1.0945 1.0945 1.0945 1.0945 1.0945 1.0945 1.0945 1.0945 1.0945 1.0945
5.7291 5.7291 5.7291 5.7291 5.7291 5.7291 5.7291 5.7291 5.7291 5.7291 5.7291 5.7291 5.7291 5.7291 5.7291 5.7291 5.7291 5.7291 5.7291 5.7291 5.7291 5.7291 5.7291 5.7291 5.7291
-0.033801 -0.033801 -0.033801 -0.033801 -0.033801 -0.033801 -0.033801 -0.033801 -0.033801 -0.033801 -0.033801 -0.033801 -0.033801 -0.033801 -0.033801 -0.033801 -0.033801 -0.033801 -0.033801 -0.033801 -0.033801 -0.033801 -0.033801 -0.033801 -0.033801
-5.698 -5.698 -5.698 -5.698 -5.698 -5.698 -5.698 -5.698 -5.698 -5.698 -5.698 -5.698 -5.698 -5.698 -5.698 -5.698 -5.698 -5.698 -5.698 -5.698 -5.698 -5.698 -5.698 -5.698 -5.698
-1.0794 -1.0794 -1.0794 -1.0794 -1.0794 -1.0794 -1.0794 -1.0794 -1.0794 -1.0794 -1.0794 -1.0794 -1.0794 -1.0794 -1.0794 -1.0794 -1.0794 -1.0794 -1.0794 -1.0794 -1.0794 -1.0794 -1.0794 -1.0794 -1.0794
-0.19145 -0.19145 -0.19145 -0.19145 -0.19145 -0.19145 -0.19145 -0.19145 -0.19145 -0.19145 -0.19145 -0.19145 -0.19145 -0.19145 -0.19145 -0.19145 -0.19145 -0.19145 -0.19145 -0.19145 -0.19145 -0.19145 -0.19145 -0.19145 -0.19145
-0.056087 -0.056087 -0.056087 -0.056087 -0.056087 -0.056087 -0.056087 -0.056087 -0.056087 -0.056087 -0.056087 -0.056087 -0.056087 -0.056087 -0.056087 -0.056087 -0.056087 -0.056087 -0.056087 -0.056087 -0.056087 -0.056087 -0.056087 -0.056087 -0.056087
-0.026826 -0.026826 -0.026826 -0.026826 -0.026826 -0.026826 -0.026826 -0.026826 -0.026826 -0.026826 -0.026826 -0.026826 -0.026826 -0.026826 -0.026826 -0.026826 -0.026826 -0.026826 -0.026826 -0.026826 -0.026826 -0.026826 -0.026826 -0.026826 -0.026826
-0.009892 -0.009892 -0.009892 -0.009892 -0.009892 -0.009892 -0.009892 -0.009892 -0.009892 -0.009892 -0.009892 -0.009892 -0.009892 -0.009892 -0.009892 -0.009892 -0.009892 -0.009892 -0.009892 -0.009892 -0.009892 -0.009892 -0.009892 -0.009892 -0.009892
0.03073 0.03073 0.03073 0.03073 0.03073 0.03073 0.03073 0.03073 0.03073 0.03073 0.03073 0.03073 0.03073 0.03073 0.03073 0.03073 0.03073 0.03073 0.03073 0.03073 0.03073 0.03073 0.03073 0.03073 0.03073
0.091821 0.091821 0.091821 0.091821 0.091821 0.091821 0.091821 0.091821 0.091821 0.091821 0.091821 0.091821 0.091821 0.091821 0.091821 0.091821 0.091821 0.091821 0.091821 0.091821 0.091821 0.091821 0.091821 0.091821 0.091821
0.34245 0.34245 0.34245 0.34245 0.34245 0.34245 0.34245 0.34245 0.34245 0.34245 0.34245 0.34245 0.34245 0.34245 0.34245 0.34245 0.34245 0.34245 0.34245 0.34245 0.34245 0.34245 0.34245 0.34245 0.34245
0.86813 0.86813 0.86813 0.86813 0.86813 0.86813 0.86813 0.86813 0.86813 0.86813 0.86813 0.86813 0.86813 0.86813 0.86813 0.86813 0.86813 0.86813 0.86813 0.86813 0.86813 0.86813 0.86813 0.86813 0.86813
0.0018944 0.0018944 0.0018944 0.0018944 0.0018944 0.0018944 0.0018944 0.0018944 0.0018944 0.0018944 0.0018944 0.0018944 0.0018944 0.0018944 0.0018944 0.0018944 0.0018944 0.0018944 0.0018944 0.0018944 0.0018944 0.0018944 0.0018944 0.0018944 0.0018944
-0.88871 -0.88871 -0.88871 -0.88871 -0.88871 -0.88871 -0.88871 -0.88871 -0.88871 -0.88871 -0.88871 -0.88871 -0.88871 -0.88871 -0.88871 -0.88871 -0.88871 -0.88871 -0.88871 -0.88871 -0.88871 -0.88871 -0.88871 -0.88871 -0.88871
-0.35272 -0.35272 -0.35272 -0.35272 -0.35272 -0.35272 -0.35272 -0.35272 -0.35272 -0.35272 -0.35272 -0.35272 -0.35272 -0.35272 -0.35272 -0.35272 -0.35272 -0.35272 -0.35272 -0.35272 -0.35272 -0.35272 -0.35272 -0.35272 -0.35272
-0.08939 -0.08939 -0.08939 -0.08939 -0.08939 -0.08939 -0.08939 -0.08939 -0.08939 -0.08939 -0.08939 -0.08939 -0.08939 -0.08939 -0.08939 -0.08939 -0.08939 -0.08939 -0.08939 -0.08939 -0.08939 -0.08939 -0.08939 -0.08939 -0.08939
-0.034481 -0.034481 -0.034481 -0.034481 -0.034481 -0.034481 -0.034481 -0.034481 -0.034481 -0.034481 -0.034481 -0.034481 -0.034481 -0.034481 -0.034481 -0.034481 -0.034481 -0.034481 -0.034481 -0.034481 -0.034481 -0.034481 -0.034481 -0.034481 -0.034481
-0.015685 -0.015685 -0.015685 -0.015685 -0.015685 -0.015685 -0.015685 -0.015685 -0.015685 -0.015685 -0.015685 -0.015685 -0.015685 -0.015685 -0.015685 -0.015685 -0.015685 -0.015685 -0.015685 -0.015685 -0.015685 -0.015685 -0.015685 -0.015685 -0.015685
-0.0082485 -0.0082485 -0.0082485 -0.0082485 -0.0082485 -0.0082485 -0.0082485 -0.0082485 -0.0082485 -0.0082485 -0.0082485 -0.0082485 -0.0082485 -0.0082485 -0.0082485 -0.0082485 -0.0082485 -0.0082485 -0.0082485 -0.0082485 -0.0082485 -0.0082485 -0.0082485 -0.0082485 -0.0082485
-0.0013189 -0.0013189 -0.0013189 -0.0013189 -0.0013189 -0.0013189 -0.0013189 -0.0013189 -0.0013189 -0.0013189 -0.0013189 -0.0013189 -0.0013189 -0.0013189 -0.0013189 -0.0013189 -0.0013189 -0.0013189 -0.0013189 -0.0013189 -0.0013189 -0.0013189 -0.0013189 -0.0013189 -0.0013189
0 0 0 0 0 0 0 0 0 0 0 0 0 0 0 0 0 0 0 0 0 0 0 0 0
0 0 0 0 0 0 0 0 0 0 0 0 0 0 0 0 0 0 0 0 0 0 0 0 0
0 0 0 0 0 0 0 0 0 0 0 0 0 0 0 0 0 0 0 0 0 0 0 0 0
-0 -0 -0 -0 -0 -0 -0 -0 -0 -0 -0 -0 -0 -0 -0 -0 -0 -0 -0 -0 -0 -0 -0 -0 -0
-0 -0 -0 -0 -0 -0 -0 -0 -0 -0 -0 -0 -0 -0 -0 -0 -0 -0 -0 -0 -0 -0 -0 -0 -0
0 0 0 0 0 0 0 0 0 0 0 0 0 0 0 0 0 0 0 0 0 0 0 0 0
0 0 0 0 0 0 0 0 0 0 0 0 0 0 0 0 0 0 0 0 0 0 0 0 0
0 0 0 0 0 0 0 0 0 0 0 0 0 0 0 0 0 0 0 0 0 0 0 0 0
0 0 0 0 0 0 0 0 0 0 0 0 0 0 0 0 0 0 0 0 0 0 0 0 0
0 0 0 0 0 0 0 0 0 0 0 0 0 0 0 0 0 0 0 0 0 0 0 0 0
0 0 0 0 0 0 0 0 0 0 0 0 0 0 0 0 0 0 0 0 0 0 0 0 0
0 0 0 0 0 0 0 0 0 0 0 0 0 0 0 0 0 0 0 0 0 0 0 0 0
0 0 0 0 0 0 0 0 0 0 0 0 0 0 0 0 0 0 0 0 0 0 0 0 0
0 0 0 0 0 0 0 0 0 0 0 0 0 0 0 0 0 0 0 0 0 0 0 0 0
0 0 0 0 0 0 0 0 0 0 0 0 0 0 0 0 0 0 0 0 0 0 0 0 0
0 0 0 0 0 0 0 0 0 0 0 0 0 0 0 0 0 0 0 0 0 0 0 0 0
0 0 0 0 0 0 0 0 0 0 0 0 0 0 0 0 0 0 0 0 0 0 0 0 0
0 0 0 0 0 0 0 0 0 0 0 0 0 0 0 0 0 0 0 0 0 0 0 0 0
0 0 0 0 0 0 0 0 0 0 0 0 0 0 0 0 0 0 0 0 0 0 0 0 0
0 0 0 0 0 0 0 0 0 0 0 0 0 0 0 0 0 0 0 0 0 0 0 0 0
0 0 0 0 0 0 0 0 0 0 0 0 0 0 0 0 0 0 0 0 0 0 0 0 0
0 0 0 0 0 0 0 0 0 0 0 0 0 0 0 0 0 0 0 0 0 0 0 0 0
0 0 0 0 0 0 0 0 0 0 0 0 0 0 0 0 0 0 0 0 0 0 0 0 0
0.013103 0.013103 0.013103 0.013103 0.013103 0.013103 0.013103 0.013103 0.013103 0.013103 0.013103 0.013103 0.013103 0.013103 0.013103 0.013103 0.013103 0.013103 0.013103 0.013103 0.013103 0.013103 0.013103 0.013103 0.013103
0.075565 0.075565 0.075565 0.075565 0.075565 0.075565 0.075565 0.075565 0.075565 0.075565 0.075565 0.075565 0.075565 0.075565 0.075565 0.075565 0.075565 0.075565 0.075565 0.075565 0.075565 0.075565 0.075565 0.075565 0.075565
0.60444 0.60444 0.60444 0.60444 0.60444 0.60444 0.60444 0.60444 0.60444 0.60444 0.60444 0.60444 0.60444 0.60444 0.60444 0.60444 0.60444 0.60444 0.60444 0.60444 0.60444 0.60444 0.60444 0.60444 0.60444
1.2448 1.2448 1.2448 1.2448 1.2448 1.2448 1.2448 1.2448 1.2448 1.2448 1.2448 1.2448 1.2448 1.2448 1.2448 1.2448 1.2448 1.2448 1.2448 1.2448 1.2448 1.2448 1.2448 1.2448 1.2448
-2.7714 -2.7714 -2.7714 -2.7714 -2.7714 -2.7714 -2.7714 -2.7714 -2.7714 -2.7714 -2.7714 -2.7714 -2.7714 -2.7714 -2.7714 -2.7714 -2.7714 -2.7714 -2.7714 -2.7714 -2.7714 -2.7714 -2.7714 -2.7714 -2.7714
1.239 1.239 1.239 1.239 1.239 1.239 1.239 1.239 1.239 1.239 1.239 1.239 1.239 1.239 1.239 1.239 1.239 1.239 1.239 1.239 1.239 1.239 1.239 1.239 1.239
0.59807 0.59807 0.59807 0.59807 0.59807 0.59807 0.59807 0.59807 0.59807 0.59807 0.59807 0.59807 0.59807 0.59807 0.59807 0.59807 0.59807 0.59807 0.59807 0.59807 0.59807 0.59807 0.59807 0.59807 0.59807
0.074601 0.074601 0.074601 0.074601 0.074601 0.074601 0.074601 0.074601 0.074601 0.074601 0.074601 0.074601 0.074601 0.074601 0.074601 0.074601 0.074601 0.074601 0.074601 0.074601 0.074601 0.074601 0.074601 0.074601 0.074601
0.022979 0.022979 0.022979 0.022979 0.022979 0.022979 0.022979 0.022979 0.022979 0.022979 0.022979 0.022979 0.022979 0.022979 0.022979 0.022979 0.022979 0.022979 0.022979 0.022979 0.022979 0.022979 0.022979 0.022979 0.022979
0.0048953 0.0048953 0.0048953 0.0048953 0.0048953 0.0048953 0.0048953 0.0048953 0.0048953 0.0048953 0.0048953 0.0048953 0.0048953 0.0048953 0.0048953 0.0048953 0.0048953 0.0048953 0.0048953 0.0048953 0.0048953 0.0048953 0.0048953 0.0048953 0.0048953
-0.00013383 -0.00013383 -0.00013383 -0.00013383 -0.00013383 -0.00013383 -0.00013383 -0.00013383 -0.00013383 -0.00013383 -0.00013383 -0.00013383 -0.00013383 -0.00013383 -0.00013383 -0.00013383 -0.00013383 -0.00013383 -0.00013383 -0.00013383 -0.00013383 -0.00013383 -0.00013383 -0.00013383 -0.00013383
0.0031819 0.0031819 0.0031819 0.0031819 0.0031819 0.0031819 0.0031819 0.0031819 0.0031819 0.0031819 0.0031819 0.0031819 0.0031819 0.0031819 0.0031819 0.0031819 0.0031819 0.0031819 0.0031819 0.0031819 0.0031819 0.0031819 0.0031819 0.0031819 0.0031819
0.0098633 0.0098633 0.0098633 0.0098633 0.0098633 0.0098633 0.0098633 0.0098633 0.0098633 0.0098633 0.0098633 0.0098633 0.0098633 0.0098633 0.0098633 0.0098633 0.0098633 0.0098633 0.0098633 0.0098633 0.0098633 0.0098633 0.0098633 0.0098633 0.0098633
0.073449 0.073449 0.073449 0.073449 0.073449 0.073449 0.073449 0.073449 0.073449 0.073449 0.073449 0.073449 0.073449 0.073449 0.073449 0.073449 0.073449 0.073449 0.073449 0.073449 0.073449 0.073449 0.073449 0.073449 0.073449
-0.29983 -0.29983 -0.29983 -0.29983 -0.29983 -0.29983 -0.29983 -0.29983 -0.29983 -0.29983 -0.29983 -0.29983 -0.29983 -0.29983 -0.29983 -0.29983 -0.29983 -0.29983 -0.29983 -0.29983 -0.29983 -0.29983 -0.29983 -0.29983 -0.29983
-0.46432 -0.46432 -0.46432 -0.46432 -0.46432 -0.46432 -0.46432 -0.46432 -0.46432 -0.46432 -0.46432 -0.46432 -0.46432 -0.46432 -0.46432 -0.46432 -0.46432 -0.46432 -0.46432 -0.46432 -0.46432 -0.46432 -0.46432 -0.46432 -0.46432
-0.29468 -0.29468 -0.29468 -0.29468 -0.29468 -0.29468 -0.29468 -0.29468 -0.29468 -0.29468 -0.29468 -0.29468 -0.29468 -0.29468 -0.29468 -0.29468 -0.29468 -0.29468 -0.29468 -0.29468 -0.29468 -0.29468 -0.29468 -0.29468 -0.29468
0.074387 0.074387 0.074387 0.074387 0.074387 0.074387 0.074387 0.074387 0.074387 0.074387 0.074387 0.074387 0.074387 0.074387 0.074387 0.074387 0.074387 0.074387 0.074387 0.074387 0.074387 0.074387 0.074387 0.074387 0.074387
0.012501 0.012501 0.012501 0.012501 0.012501 0.012501 0.012501 0.012501 0.012501 0.012501 0.012501 0.012501 0.012501 0.012501 0.012501 0.012501 0.012501 0.012501 0.012501 0.012501 0.012501 0.012501 0.012501 0.012501 0.012501
0.00097861 0.00097861 0.00097861 0.00097861 0.00097861 0.00097861 0.00097861 0.00097861 0.00097861 0.00097861 0.00097861 0.00097861 0.00097861 0.00097861 0.00097861 0.00097861 0.00097861 0.00097861 0.00097861 0.00097861 0.00097861 0.00097861 0.00097861 0.00097861 0.00097861
-0.0026405 -0.0026405 -0.0026405 -0.0026405 -0.0026405 -0.0026405 -0.0026405 -0.0026405 -0.0026405 -0.0026405 -0.0026405 -0.0026405 -0.0026405 -0.0026405 -0.0026405 -0.0026405 -0.0026405 -0.0026405 -0.0026405 -0.0026405 -0.0026405 -0.0026405 -0.0026405 -0.0026405 -0.0026405
-0.00081297 -0.00081297 -0.00081297 -0.00081297 -0.00081297 -0.00081297 -0.00081297 -0.00081297 -0.00081297 -0.00081297 -0.00081297 -0.00081297 -0.00081297 -0.00081297 -0.00081297 -0.00081297 -0.00081297 -0.00081297 -0.00081297 -0.00081297 -0.00081297 -0.00081297 -0.00081297 -0.00081297 -0.00081297
0.1068 0.1068 0.1068 0.1068 0.1068 0.1068 0.1068 0.1068 0.1068 0.1068 0.1068 0.1068 0.1068 0.1068 0.1068 0.1068 0.1068 0.1068 0.1068 0.1068 0.1068 0.1068 0.1068 0.1068 0.1068
0 0 0 0 0 0 0 0 0 0 0 0 0 0 0 0 0 0 0 0 0 0 0 0 0
0 0 0 0 0 0 0 0 0 0 0 0 0 0 0 0 0 0 0 0 0 0 0 0 0
0 0 0 0 0 0 0 0 0 0 0 0 0 0 0 0 0 0 0 0 0 0 0 0 0
-0 -0 -0 -0 -0 -0 -0 -0 -0 -0 -0 -0 -0 -0 -0 -0 -0 -0 -0 -0 -0 -0 -0 -0 -0
-0 -0 -0 -0 -0 -0 -0 -0 -0 -0 -0 -0 -0 -0 -0 -0 -0 -0 -0 -0 -0 -0 -0 -0 -0
0 0 0 0 0 0 0 0 0 0 0 0 0 0 0 0 0 0 0 0 0 0 0 0 0
0 0 0 0 0 0 0 0 0 0 0 0 0 0 0 0 0 0 0 0 0 0 0 0 0
0 0 0 0 0 0 0 0 0 0 0 0 0 0 0 0 0 0 0 0 0 0 0 0 0
0 0 0 0 0 0 0 0 0 0 0 0 0 0 0 0 0 0 0 0 0 0 0 0 0
0 0 0 0 0 0 0 0 0 0 0 0 0 0 0 0 0 0 0 0 0 0 0 0 0
0 0 0 0 0 0 0 0 0 0 0 0 0 0 0 0 0 0 0 0 0 0 0 0 0
0 0 0 0 0 0 0 0 0 0 0 0 0 0 0 0 0 0 0 0 0 0 0 0 0
0 0 0 0 0 0 0 0 0 0 0 0 0 0 0 0 0 0 0 0 0 0 0 0 0
0 0 0 0 0 0 0 0 0 0 0 0 0 0 0 0 0 0 0 0 0 0 0 0 0
0 0 0 0 0 0 0 0 0 0 0 0 0 0 0 0 0 0 0 0 0 0 0 0 0
0 0 0 0 0 0 0 0 0 0 0 0 0 0 0 0 0 0 0 0 0 0 0 0 0
0 0 0 0 0 0 0 0 0 0 0 0 0 0 0 0 0 0 0 0 0 0 0 0 0
0 0 0 0 0 0 0 0 0 0 0 0 0 0 0 0 0 0 0 0 0 0 0 0 0
0 0 0 0 0 0 0 0 0 0 0 0 0 0 0 0 0 0 0 0 0 0 0 0 0
0 0 0 0 0 0 0 0 0 0 0 0 0 0 0 0 0 0 0 0 0 0 0 0 0
0 0 0 0 0 0 0 0 0 0 0 0 0 0 0 0 0 0 0 0 0 0 0 0 0
0 0 0 0 0 0 0 0 0 0 0 0 0 0 0 0 0 0 0 0 0 0 0 0 0
0 0 0 0 0 0 0 0 0 0 0 0 0 0 0 0 0 0 0 0 0 0 0 0 0
0 0 0 0 0 0 0 0 0 0 0 0 0 0 0 0 0 0 0 0 0 0 0 0 0
0 0 0 0 0 0 0 0 0 0 0 0 0 0 0 0 0 0 0 0 0 0 0 0 0
0 0 0 0 0 0 0 0 0 0 0 0 0 0 0 0 0 0 0 0 0 0 0 0 0
-0 -0 -0 -0 -0 -0 -0 -0 -0 -0 -0 -0 -0 -0 -0 -0 -0 -0 -0 -0 -0 -0 -0 -0 -0
-0 -0 -0 -0 -0 -0 -0 -0 -0 -0 -0 -0 -0 -0 -0 -0 -0 -0 -0 -0 -0 -0 -0 -0 -0
0 0 0 0 0 0 0 0 0 0 0 0 0 0 0 0 0 0 0 0 0 0 0 0 0
0 0 0 0 0 0 0 0 0 0 0 0 0 0 0 0 0 0 0 0 0 0 0 0 0
0 0 0 0 0 0 0 0 0 0 0 0 0 0 0 0 0 0 0 0 0 0 0 0 0
0 0 0 0 0 0 0 0 0 0 0 0 0 0 0 0 0 0 0 0 0 0 0 0 0
0 0 0 0 0 0 0 0 0 0 0 0 0 0 0 0 0 0 0 0 0 0 0 0 0
0 0 0 0 0 0 0 0 0 0 0 0 0 0 0 0 0 0 0 0 0 0 0 0 0
0 0 0 0 0 0 0 0 0 0 0 0 0 0 0 0 0 0 0 0 0 0 0 0 0
0 0 0 0 0 0 0 0 0 0 0 0 0 0 0 0 0 0 0 0 0 0 0 0 0
0 0 0 0 0 0 0 0 0 0 0 0 0 0 0 0 0 0 0 0 0 0 0 0 0
0 0 0 0 0 0 0 0 0 0 0 0 0 0 0 0 0 0 0 0 0 0 0 0 0
0 0 0 0 0 0 0 0 0 0 0 0 0 0 0 0 0 0 0 0 0 0 0 0 0
0 0 0 0 0 0 0 0 0 0 0 0 0 0 0 0 0 0 0 0 0 0 0 0 0
0 0 0 0 0 0 0 0 0 0 0 0 0 0 0 0 0 0 0 0 0 0 0 0 0
0 0 0 0 0 0 0 0 0 0 0 0 0 0 0 0 0 0 0 0 0 0 0 0 0
0 0 0 0 0 0 0 0 0 0 0 0 0 0 0 0 0 0 0 0 0 0 0 0 0
0 0 0 0 0 0 0 0 0 0 0 0 0 0 0 0 0 0 0 0 0 0 0 0 0
0 0 0 0 0 0 0 0 0 0 0 0 0 0 0 0 0 0 0 0 0 0 0 0 0
0 0 0 0 0 0 0 0 0 0 0 0 0 0 0 0 0 0 0 0 0 0 0 0 0
0 0 0 0 0 0 0 0 0 0 0 0 0 0 0 0 0 0 0 0 0 0 0 0 0
0 0 0 0 0 0 0 0 0 0 0 0 0 0 0 0 0 0 0 0 0 0 0 0 0
0 0 0 0 0 0 0 0 0 0 0 0 0 0 0 0 0 0 0 0 0 0 0 0 0
-0 -0 -0 -0 -0 -0 -0 -0 -0 -0 -0 -0 -0 -0 -0 -0 -0 -0 -0 -0 -0 -0 -0 -0 -0
-0 -0 -0 -0 -0 -0 -0 -0 -0 -0 -0 -0 -0 -0 -0 -0 -0 -0 -0 -0 -0 -0 -0 -0 -0
0 0 0 0 0 0 0 0 0 0 0 0 0 0 0 0 0 0 0 0 0 0 0 0 0
0 0 0 0 0 0 0 0 0 0 0 0 0 0 0 0 0 0 0 0 0 0 0 0 0
0 0 0 0 0 0 0 0 0 0 0 0 0 0 0 0 0 0 0 0 0 0 0 0 0
0 0 0 0 0 0 0 0 0 0 0 0 0 0 0 0 0 0 0 0 0 0 0 0 0
0 0 0 0 0 0 0 0 0 0 0 0 0 0 0 0 0 0 0 0 0 0 0 0 0
0 0 0 0 0 0 0 0 0 0 0 0 0 0 0 0 0 0 0 0 0 0 0 0 0
0 0 0 0 0 0 0 0 0 0 0 0 0 0 0 0 0 0 0 0 0 0 0 0 0
0 0 0 0 0 0 0 0 0 0 0 0 0 0 0 0 0 0 0 0 0 0 0 0 0
0 0 0 0 0 0 0 0 0 0 0 0 0 0 0 0 0 0 0 0 0 0 0 0 0
0 0 0 0 0 0 0 0 0 0 0 0 0 0 0 0 0 0 0 0 0 0 0 0 0
0 0 0 0 0 0 0 0 0 0 0 0 0 0 0 0 0 0 0 0 0 0 0 0 0
0 0 0 0 0 0 0 0 0 0 0 0 0 0 0 0 0 0 0 0 0 0 0 0 0
0 0 0 0 0 0 0 0 0 0 0 0 0 0 0 0 0 0 0 0 0 0 0 0 0
0 0 0 0 0 0 0 0 0 0 0 0 0 0 0 0 0 0 0 0 0 0 0 0 0
0 0 0 0 0 0 0 0 0 0 0 0 0 0 0 0 0 0 0 0 0 0 0 0 0
0 0 0 0 0 0 0 0 0 0 0 0 0 0 0 0 0 0 0 0 0 0 0 0 0
0 0 0 0 0 0 0 0 0 0 0 0 0 0 0 0 0 0 0 0 0 0 0 0 0
0 0 0 0 0 0 0 0 0 0 0 0 0 0 0 0 0 0 0 0 0 0 0 0 0
1 2 3 4 5 6 7 8 9 10 11 12 13 14 15 16 17 18 19 20 21 22 23 24 25
