-0.010118 -0.010118 -0.010118 -0.010118 -0.010118 -0.010118 -0.010118 -0.010118 -0.010118 -0.010118 -0.010118 -0.010118 -0.010118 -0.010118 -0.010118 -0.010118 -0.010118 -0.010118 -0.010118 -0.010118 -0.010118 -0.010118 -0.010118 -0.010118 -0.010118
-0.010531 -0.010531 -0.010531 -0.010531 -0.010531 -0.010531 -0.010531 -0.010531 -0.010531 -0.010531 -0.010531 -0.010531 -0.010531 -0.010531 -0.010531 -0.010531 -0.010531 -0.010531 -0.010531 -0.010531 -0.010531 -0.010531 -0.010531 -0.010531 -0.010531
-0.0086686 -0.0086686 -0.0086686 -0.0086686 -0.0086686 -0.0086686 -0.0086686 -0.0086686 -0.0086686 -0.0086686 -0.0086686 -0.0086686 -0.0086686 -0.0086686 -0.0086686 -0.0086686 -0.0086686 -0.0086686 -0.0086686 -0.0086686 -0.0086686 -0.0086686 -0.0086686 -0.0086686 -0.0086686
-0.020726 -0.020726 -0.020726 -0.020726 -0.020726 -0.020726 -0.020726 -0.020726 -0.020726 -0.020726 -0.020726 -0.020726 -0.020726 -0.020726 -0.020726 -0.020726 -0.020726 -0.020726 -0.020726 -0.020726 -0.020726 -0.020726 -0.020726 -0.020726 -0.020726
-5.5511e-17 -5.5511e-17 -5.5511e-17 -5.5511e-17 -5.5511e-17 -5.5511e-17 -5.5511e-17 -5.5511e-17 -5.5511e-17 -5.5511e-17 -5.5511e-17 -5.5511e-17 -5.5511e-17 -5.5511e-17 -5.5511e-17 -5.5511e-17 -5.5511e-17 -5.5511e-17 -5.5511e-17 -5.5511e-17 -5.5511e-17 -5.5511e-17 -5.5511e-17 -5.5511e-17 -5.5511e-17
-0.042909 -0.042909 -0.042909 -0.042909 -0.042909 -0.042909 -0.042909 -0.042909 -0.042909 -0.042909 -0.042909 -0.042909 -0.042909 -0.042909 -0.042909 -0.042909 -0.042909 -0.042909 -0.042909 -0.042909 -0.042909 -0.042909 -0.042909 -0.042909 -0.042909
-0.059206 -0.059206 -0.059206 -0.059206 -0.059206 -0.059206 -0.059206 -0.059206 -0.059206 -0.059206 -0.059206 -0.059206 -0.059206 -0.059206 -0.059206 -0.059206 -0.059206 -0.059206 -0.059206 -0.059206 -0.059206 -0.059206 -0.059206 -0.059206 -0.059206
-0.028214 -0.028214 -0.028214 -0.028214 -0.028214 -0.028214 -0.028214 -0.028214 -0.028214 -0.028214 -0.028214 -0.028214 -0.028214 -0.028214 -0.028214 -0.028214 -0.028214 -0.028214 -0.028214 -0.028214 -0.028214 -0.028214 -0.028214 -0.028214 -0.028214
0.67534 0.67534 0.67534 0.67534 0.67534 0.67534 0.67534 0.67534 0.67534 0.67534 0.67534 0.67534 0.67534 0.67534 0.67534 0.67534 0.67534 0.67534 0.67534 0.67534 0.67534 0.67534 0.67534 0.67534 0.67534
1.004 1.004 1.004 1.004 1.004 1.004 1.004 1.004 1.004 1.004 1.004 1.004 1.004 1.004 1.004 1.004 1.004 1.004 1.004 1.004 1.004 1.004 1.004 1.004 1.004
0.5864 0.5864 0.5864 0.5864 0.5864 0.5864 0.5864 0.5864 0.5864 0.5864 0.5864 0.5864 0.5864 0.5864 0.5864 0.5864 0.5864 0.5864 0.5864 0.5864 0.5864 0.5864 0.5864 0.5864 0.5864
-0.010702 -0.010702 -0.010702 -0.010702 -0.010702 -0.010702 -0.010702 -0.010702 -0.010702 -0.010702 -0.010702 -0.010702 -0.010702 -0.010702 -0.010702 -0.010702 -0.010702 -0.010702 -0.010702 -0.010702 -0.010702 -0.010702 -0.010702 -0.010702 -0.010702
-0.011275 -0.011275 -0.011275 -0.011275 -0.011275 -0.011275 -0.011275 -0.011275 -0.011275 -0.011275 -0.011275 -0.011275 -0.011275 -0.011275 -0.011275 -0.011275 -0.011275 -0.011275 -0.011275 -0.011275 -0.011275 -0.011275 -0.011275 -0.011275 -0.011275
-0.0096861 -0.0096861 -0.0096861 -0.0096861 -0.0096861 -0.0096861 -0.0096861 -0.0096861 -0.0096861 -0.0096861 -0.0096861 -0.0096861 -0.0096861 -0.0096861 -0.0096861 -0.0096861 -0.0096861 -0.0096861 -0.0096861 -0.0096861 -0.0096861 -0.0096861 -0.0096861 -0.0096861 -0.0096861
-0.02496 -0.02496 -0.02496 -0.02496 -0.02496 -0.02496 -0.02496 -0.02496 -0.02496 -0.02496 -0.02496 -0.02496 -0.02496 -0.02496 -0.02496 -0.02496 -0.02496 -0.02496 -0.02496 -0.02496 -0.02496 -0.02496 -0.02496 -0.02496 -0.02496
-0.077464 -0.077464 -0.077464 -0.077464 -0.077464 -0.077464 -0.077464 -0.077464 -0.077464 -0.077464 -0.077464 -0.077464 -0.077464 -0.077464 -0.077464 -0.077464 -0.077464 -0.077464 -0.077464 -0.077464 -0.077464 -0.077464 -0.077464 -0.077464 -0.077464
-0.077464 -0.077464 -0.077464 -0.077464 -0.077464 -0.077464 -0.077464 -0.077464 -0.077464 -0.077464 -0.077464 -0.077464 -0.077464 -0.077464 -0.077464 -0.077464 -0.077464 -0.077464 -0.077464 -0.077464 -0.077464 -0.077464 -0.077464 -0.077464 -0.077464
-0.099176 -0.099176 -0.099176 -0.099176 -0.099176 -0.099176 -0.099176 -0.099176 -0.099176 -0.099176 -0.099176 -0.099176 -0.099176 -0.099176 -0.099176 -0.099176 -0.099176 -0.099176 -0.099176 -0.099176 -0.099176 -0.099176 -0.099176 -0.099176 -0.099176
-0.20452 -0.20452 -0.20452 -0.20452 -0.20452 -0.20452 -0.20452 -0.20452 -0.20452 -0.20452 -0.20452 -0.20452 -0.20452 -0.20452 -0.20452 -0.20452 -0.20452 -0.20452 -0.20452 -0.20452 -0.20452 -0.20452 -0.20452 -0.20452 -0.20452
-0.64972 -0.64972 -0.64972 -0.64972 -0.64972 -0.64972 -0.64972 -0.64972 -0.64972 -0.64972 -0.64972 -0.64972 -0.64972 -0.64972 -0.64972 -0.64972 -0.64972 -0.64972 -0.64972 -0.64972 -0.64972 -0.64972 -0.64972 -0.64972 -0.64972
-2.6771 -2.6771 -2.6771 -2.6771 -2.6771 -2.6771 -2.6771 -2.6771 -2.6771 -2.6771 -2.6771 -2.6771 -2.6771 -2.6771 -2.6771 -2.6771 -2.6771 -2.6771 -2.6771 -2.6771 -2.6771 -2.6771 -2.6771 -2.6771 -2.6771
-0.62548 -0.62548 -0.62548 -0.62548 -0.62548 -0.62548 -0.62548 -0.62548 -0.62548 -0.62548 -0.62548 -0.62548 -0.62548 -0.62548 -0.62548 -0.62548 -0.62548 -0.62548 -0.62548 -0.62548 -0.62548 -0.62548 -0.62548 -0.62548 -0.62548
-0.017945 -0.017945 -0.017945 -0.017945 -0.017945 -0.017945 -0.017945 -0.017945 -0.017945 -0.017945 -0.017945 -0.017945 -0.017945 -0.017945 -0.017945 -0.017945 -0.017945 -0.017945 -0.017945 -0.017945 -0.017945 -0.017945 -0.017945 -0.017945 -0.017945
-0.018919 -0.018919 -0.018919 -0.018919 -0.018919 -0.018919 -0.018919 -0.018919 -0.018919 -0.018919 -0.018919 -0.018919 -0.018919 -0.018919 -0.018919 -0.018919 -0.018919 -0.018919 -0.018919 -0.018919 -0.018919 -0.018919 -0.018919 -0.018919 -0.018919
-0.016605 -0.016605 -0.016605 -0.016605 -0.016605 -0.016605 -0.016605 -0.016605 -0.016605 -0.016605 -0.016605 -0.016605 -0.016605 -0.016605 -0.016605 -0.016605 -0.016605 -0.016605 -0.016605 -0.016605 -0.016605 -0.016605 -0.016605 -0.016605 -0.016605
-0.042409 -0.042409 -0.042409 -0.042409 -0.042409 -0.042409 -0.042409 -0.042409 -0.042409 -0.042409 -0.042409 -0.042409 -0.042409 -0.042409 -0.042409 -0.042409 -0.042409 -0.042409 -0.042409 -0.042409 -0.042409 -0.042409 -0.042409 -0.042409 -0.042409
1.5959e-16 1.5959e-16 1.5959e-16 1.5959e-16 1.5959e-16 1.5959e-16 1.5959e-16 1.5959e-16 1.5959e-16 1.5959e-16 1.5959e-16 1.5959e-16 1.5959e-16 1.5959e-16 1.5959e-16 1.5959e-16 1.5959e-16 1.5959e-16 1.5959e-16 1.5959e-16 1.5959e-16 1.5959e-16 1.5959e-16 1.5959e-16 1.5959e-16
-0.099067 -0.099067 -0.099067 -0.099067 -0.099067 -0.099067 -0.099067 -0.099067 -0.099067 -0.099067 -0.099067 -0.099067 -0.099067 -0.099067 -0.099067 -0.099067 -0.099067 -0.099067 -0.099067 -0.099067 -0.099067 -0.099067 -0.099067 -0.099067 -0.099067
-0.18626 -0.18626 -0.18626 -0.18626 -0.18626 -0.18626 -0.18626 -0.18626 -0.18626 -0.18626 -0.18626 -0.18626 -0.18626 -0.18626 -0.18626 -0.18626 -0.18626 -0.18626 -0.18626 -0.18626 -0.18626 -0.18626 -0.18626 -0.18626 -0.18626
-0.4096 -0.4096 -0.4096 -0.4096 -0.4096 -0.4096 -0.4096 -0.4096 -0.4096 -0.4096 -0.4096 -0.4096 -0.4096 -0.4096 -0.4096 -0.4096 -0.4096 -0.4096 -0.4096 -0.4096 -0.4096 -0.4096 -0.4096 -0.4096 -0.4096
-0.96945 -0.96945 -0.96945 -0.96945 -0.96945 -0.96945 -0.96945 -0.96945 -0.96945 -0.96945 -0.96945 -0.96945 -0.96945 -0.96945 -0.96945 -0.96945 -0.96945 -0.96945 -0.96945 -0.96945 -0.96945 -0.96945 -0.96945 -0.96945 -0.96945
-0.44209 -0.44209 -0.44209 -0.44209 -0.44209 -0.44209 -0.44209 -0.44209 -0.44209 -0.44209 -0.44209 -0.44209 -0.44209 -0.44209 -0.44209 -0.44209 -0.44209 -0.44209 -0.44209 -0.44209 -0.44209 -0.44209 -0.44209 -0.44209 -0.44209
-0.93963 -0.93963 -0.93963 -0.93963 -0.93963 -0.93963 -0.93963 -0.93963 -0.93963 -0.93963 -0.93963 -0.93963 -0.93963 -0.93963 -0.93963 -0.93963 -0.93963 -0.93963 -0.93963 -0.93963 -0.93963 -0.93963 -0.93963 -0.93963 -0.93963
-0.017782 -0.017782 -0.017782 -0.017782 -0.017782 -0.017782 -0.017782 -0.017782 -0.017782 -0.017782 -0.017782 -0.017782 -0.017782 -0.017782 -0.017782 -0.017782 -0.017782 -0.017782 -0.017782 -0.017782 -0.017782 -0.017782 -0.017782 -0.017782 -0.017782
-0.01872 -0.01872 -0.01872 -0.01872 -0.01872 -0.01872 -0.01872 -0.01872 -0.01872 -0.01872 -0.01872 -0.01872 -0.01872 -0.01872 -0.01872 -0.01872 -0.01872 -0.01872 -0.01872 -0.01872 -0.01872 -0.01872 -0.01872 -0.01872 -0.01872
-0.016586 -0.016586 -0.016586 -0.016586 -0.016586 -0.016586 -0.016586 -0.016586 -0.016586 -0.016586 -0.016586 -0.016586 -0.016586 -0.016586 -0.016586 -0.016586 -0.016586 -0.016586 -0.016586 -0.016586 -0.016586 -0.016586 -0.016586 -0.016586 -0.016586
-0.043315 -0.043315 -0.043315 -0.043315 -0.043315 -0.043315 -0.043315 -0.043315 -0.043315 -0.043315 -0.043315 -0.043315 -0.043315 -0.043315 -0.043315 -0.043315 -0.043315 -0.043315 -0.043315 -0.043315 -0.043315 -0.043315 -0.043315 -0.043315 -0.043315
-0.13587 -0.13587 -0.13587 -0.13587 -0.13587 -0.13587 -0.13587 -0.13587 -0.13587 -0.13587 -0.13587 -0.13587 -0.13587 -0.13587 -0.13587 -0.13587 -0.13587 -0.13587 -0.13587 -0.13587 -0.13587 -0.13587 -0.13587 -0.13587 -0.13587
-0.13587 -0.13587 -0.13587 -0.13587 -0.13587 -0.13587 -0.13587 -0.13587 -0.13587 -0.13587 -0.13587 -0.13587 -0.13587 -0.13587 -0.13587 -0.13587 -0.13587 -0.13587 -0.13587 -0.13587 -0.13587 -0.13587 -0.13587 -0.13587 -0.13587
-0.18221 -0.18221 -0.18221 -0.18221 -0.18221 -0.18221 -0.18221 -0.18221 -0.18221 -0.18221 -0.18221 -0.18221 -0.18221 -0.18221 -0.18221 -0.18221 -0.18221 -0.18221 -0.18221 -0.18221 -0.18221 -0.18221 -0.18221 -0.18221 -0.18221
-0.38367 -0.38367 -0.38367 -0.38367 -0.38367 -0.38367 -0.38367 -0.38367 -0.38367 -0.38367 -0.38367 -0.38367 -0.38367 -0.38367 -0.38367 -0.38367 -0.38367 -0.38367 -0.38367 -0.38367 -0.38367 -0.38367 -0.38367 -0.38367 -0.38367
-0.95184 -0.95184 -0.95184 -0.95184 -0.95184 -0.95184 -0.95184 -0.95184 -0.95184 -0.95184 -0.95184 -0.95184 -0.95184 -0.95184 -0.95184 -0.95184 -0.95184 -0.95184 -0.95184 -0.95184 -0.95184 -0.95184 -0.95184 -0.95184 -0.95184
-2.5174 -2.5174 -2.5174 -2.5174 -2.5174 -2.5174 -2.5174 -2.5174 -2.5174 -2.5174 -2.5174 -2.5174 -2.5174 -2.5174 -2.5174 -2.5174 -2.5174 -2.5174 -2.5174 -2.5174 -2.5174 -2.5174 -2.5174 -2.5174 -2.5174
-0.98178 -0.98178 -0.98178 -0.98178 -0.98178 -0.98178 -0.98178 -0.98178 -0.98178 -0.98178 -0.98178 -0.98178 -0.98178 -0.98178 -0.98178 -0.98178 -0.98178 -0.98178 -0.98178 -0.98178 -0.98178 -0.98178 -0.98178 -0.98178 -0.98178
0.014002 0.014002 0.014002 0.014002 0.014002 0.014002 0.014002 0.014002 0.014002 0.014002 0.014002 0.014002 0.014002 0.014002 0.014002 0.014002 0.014002 0.014002 0.014002 0.014002 0.014002 0.014002 0.014002 0.014002 0.014002
0.015962 0.015962 0.015962 0.015962 0.015962 0.015962 0.015962 0.015962 0.015962 0.015962 0.015962 0.015962 0.015962 0.015962 0.015962 0.015962 0.015962 0.015962 0.015962 0.015962 0.015962 0.015962 0.015962 0.015962 0.015962
0.013291 0.013291 0.013291 0.013291 0.013291 0.013291 0.013291 0.013291 0.013291 0.013291 0.013291 0.013291 0.013291 0.013291 0.013291 0.013291 0.013291 0.013291 0.013291 0.013291 0.013291 0.013291 0.013291 0.013291 0.013291
0.056135 0.056135 0.056135 0.056135 0.056135 0.056135 0.056135 0.056135 0.056135 0.056135 0.056135 0.056135 0.056135 0.056135 0.056135 0.056135 0.056135 0.056135 0.056135 0.056135 0.056135 0.056135 0.056135 0.056135 0.056135
8.8818e-16 8.8818e-16 8.8818e-16 8.8818e-16 8.8818e-16 8.8818e-16 8.8818e-16 8.8818e-16 8.8818e-16 8.8818e-16 8.8818e-16 8.8818e-16 8.8818e-16 8.8818e-16 8.8818e-16 8.8818e-16 8.8818e-16 8.8818e-16 8.8818e-16 8.8818e-16 8.8818e-16 8.8818e-16 8.8818e-16 8.8818e-16 8.8818e-16
0.16802 0.16802 0.16802 0.16802 0.16802 0.16802 0.16802 0.16802 0.16802 0.16802 0.16802 0.16802 0.16802 0.16802 0.16802 0.16802 0.16802 0.16802 0.16802 0.16802 0.16802 0.16802 0.16802 0.16802 0.16802
0.41586 0.41586 0.41586 0.41586 0.41586 0.41586 0.41586 0.41586 0.41586 0.41586 0.41586 0.41586 0.41586 0.41586 0.41586 0.41586 0.41586 0.41586 0.41586 0.41586 0.41586 0.41586 0.41586 0.41586 0.41586
1.3354 1.3354 1.3354 1.3354 1.3354 1.3354 1.3354 1.3354 1.3354 1.3354 1.3354 1.3354 1.3354 1.3354 1.3354 1.3354 1.3354 1.3354 1.3354 1.3354 1.3354 1.3354 1.3354 1.3354 1.3354
5.9157 5.9157 5.9157 5.9157 5.9157 5.9157 5.9157 5.9157 5.9157 5.9157 5.9157 5.9157 5.9157 5.9157 5.9157 5.9157 5.9157 5.9157 5.9157 5.9157 5.9157 5.9157 5.9157 5.9157 5.9157
-0.055261 -0.055261 -0.055261 -0.055261 -0.055261 -0.055261 -0.055261 -0.055261 -0.055261 -0.055261 -0.055261 -0.055261 -0.055261 -0.055261 -0.055261 -0.055261 -0.055261 -0.055261 -0.055261 -0.055261 -0.055261 -0.055261 -0.055261 -0.055261 -0.055261
-6.2737 -6.2737 -6.2737 -6.2737 -6.2737 -6.2737 -6.2737 -6.2737 -6.2737 -6.2737 -6.2737 -6.2737 -6.2737 -6.2737 -6.2737 -6.2737 -6.2737 -6.2737 -6.2737 -6.2737 -6.2737 -6.2737 -6.2737 -6.2737 -6.2737
0.013098 0.013098 0.013098 0.013098 0.013098 0.013098 0.013098 0.013098 0.013098 0.013098 0.013098 0.013098 0.013098 0.013098 0.013098 0.013098 0.013098 0.013098 0.013098 0.013098 0.013098 0.013098 0.013098 0.013098 0.013098
0.014603 0.014603 0.014603 0.014603 0.014603 0.014603 0.014603 0.014603 0.014603 0.014603 0.014603 0.014603 0.014603 0.014603 0.014603 0.014603 0.014603 0.014603 0.014603 0.014603 0.014603 0.014603 0.014603 0.014603 0.014603
0.013257 0.013257 0.013257 0.013257 0.013257 0.013257 0.013257 0.013257 0.013257 0.013257 0.013257 0.013257 0.013257 0.013257 0.013257 0.013257 0.013257 0.013257 0.013257 0.013257 0.013257 0.013257 0.013257 0.013257 0.013257
0.049178 0.049178 0.049178 0.049178 0.049178 0.049178 0.049178 0.049178 0.049178 0.049178 0.049178 0.049178 0.049178 0.049178 0.049178 0.049178 0.049178 0.049178 0.049178 0.049178 0.049178 0.049178 0.049178 0.049178 0.049178
0.18248 0.18248 0.18248 0.18248 0.18248 0.18248 0.18248 0.18248 0.18248 0.18248 0.18248 0.18248 0.18248 0.18248 0.18248 0.18248 0.18248 0.18248 0.18248 0.18248 0.18248 0.18248 0.18248 0.18248 0.18248
0.18248 0.18248 0.18248 0.18248 0.18248 0.18248 0.18248 0.18248 0.18248 0.18248 0.18248 0.18248 0.18248 0.18248 0.18248 0.18248 0.18248 0.18248 0.18248 0.18248 0.18248 0.18248 0.18248 0.18248 0.18248
0.29966 0.29966 0.29966 0.29966 0.29966 0.29966 0.29966 0.29966 0.29966 0.29966 0.29966 0.29966 0.29966 0.29966 0.29966 0.29966 0.29966 0.29966 0.29966 0.29966 0.29966 0.29966 0.29966 0.29966 0.29966
0.78504 0.78504 0.78504 0.78504 0.78504 0.78504 0.78504 0.78504 0.78504 0.78504 0.78504 0.78504 0.78504 0.78504 0.78504 0.78504 0.78504 0.78504 0.78504 0.78504 0.78504 0.78504 0.78504 0.78504 0.78504
1.9584 1.9584 1.9584 1.9584 1.9584 1.9584 1.9584 1.9584 1.9584 1.9584 1.9584 1.9584 1.9584 1.9584 1.9584 1.9584 1.9584 1.9584 1.9584 1.9584 1.9584 1.9584 1.9584 1.9584 1.9584
0.16842 0.16842 0.16842 0.16842 0.16842 0.16842 0.16842 0.16842 0.16842 0.16842 0.16842 0.16842 0.16842 0.16842 0.16842 0.16842 0.16842 0.16842 0.16842 0.16842 0.16842 0.16842 0.16842 0.16842 0.16842
-2.1843 -2.1843 -2.1843 -2.1843 -2.1843 -2.1843 -2.1843 -2.1843 -2.1843 -2.1843 -2.1843 -2.1843 -2.1843 -2.1843 -2.1843 -2.1843 -2.1843 -2.1843 -2.1843 -2.1843 -2.1843 -2.1843 -2.1843 -2.1843 -2.1843
0 0 0 0 0 0 0 0 0 0 0 0 0 0 0 0 0 0 0 0 0 0 0 0 0
0 0 0 0 0 0 0 0 0 0 0 0 0 0 0 0 0 0 0 0 0 0 0 0 0
0 0 0 0 0 0 0 0 0 0 0 0 0 0 0 0 0 0 0 0 0 0 0 0 0
0 0 0 0 0 0 0 0 0 0 0 0 0 0 0 0 0 0 0 0 0 0 0 0 0
0 0 0 0 0 0 0 0 0 0 0 0 0 0 0 0 0 0 0 0 0 0 0 0 0
0 0 0 0 0 0 0 0 0 0 0 0 0 0 0 0 0 0 0 0 0 0 0 0 0
0 0 0 0 0 0 0 0 0 0 0 0 0 0 0 0 0 0 0 0 0 0 0 0 0
0 0 0 0 0 0 0 0 0 0 0 0 0 0 0 0 0 0 0 0 0 0 0 0 0
0 0 0 0 0 0 0 0 0 0 0 0 0 0 0 0 0 0 0 0 0 0 0 0 0
-0 -0 -0 -0 -0 -0 -0 -0 -0 -0 -0 -0 -0 -0 -0 -0 -0 -0 -0 -0 -0 -0 -0 -0 -0
-0 -0 -0 -0 -0 -0 -0 -0 -0 -0 -0 -0 -0 -0 -0 -0 -0 -0 -0 -0 -0 -0 -0 -0 -0
0 0 0 0 0 0 0 0 0 0 0 0 0 0 0 0 0 0 0 0 0 0 0 0 0
0 0 0 0 0 0 0 0 0 0 0 0 0 0 0 0 0 0 0 0 0 0 0 0 0
0 0 0 0 0 0 0 0 0 0 0 0 0 0 0 0 0 0 0 0 0 0 0 0 0
0 0 0 0 0 0 0 0 0 0 0 0 0 0 0 0 0 0 0 0 0 0 0 0 0
0 0 0 0 0 0 0 0 0 0 0 0 0 0 0 0 0 0 0 0 0 0 0 0 0
0 0 0 0 0 0 0 0 0 0 0 0 0 0 0 0 0 0 0 0 0 0 0 0 0
0 0 0 0 0 0 0 0 0 0 0 0 0 0 0 0 0 0 0 0 0 0 0 0 0
0 0 0 0 0 0 0 0 0 0 0 0 0 0 0 0 0 0 0 0 0 0 0 0 0
0 0 0 0 0 0 0 0 0 0 0 0 0 0 0 0 0 0 0 0 0 0 0 0 0
0 0 0 0 0 0 0 0 0 0 0 0 0 0 0 0 0 0 0 0 0 0 0 0 0
0 0 0 0 0 0 0 0 0 0 0 0 0 0 0 0 0 0 0 0 0 0 0 0 0
0.00060806 0.00060806 0.00060806 0.00060806 0.00060806 0.00060806 0.00060806 0.00060806 0.00060806 0.00060806 0.00060806 0.00060806 0.00060806 0.00060806 0.00060806 0.00060806 0.00060806 0.00060806 0.00060806 0.00060806 0.00060806 0.00060806 0.00060806 0.00060806 0.00060806
0.00079201 0.00079201 0.00079201 0.00079201 0.00079201 0.00079201 0.00079201 0.00079201 0.00079201 0.00079201 0.00079201 0.00079201 0.00079201 0.00079201 0.00079201 0.00079201 0.00079201 0.00079201 0.00079201 0.00079201 0.00079201 0.00079201 0.00079201 0.00079201 0.00079201
0.0015557 0.0015557 0.0015557 0.0015557 0.0015557 0.0015557 0.0015557 0.0015557 0.0015557 0.0015557 0.0015557 0.0015557 0.0015557 0.0015557 0.0015557 0.0015557 0.0015557 0.0015557 0.0015557 0.0015557 0.0015557 0.0015557 0.0015557 0.0015557 0.0015557
0.005243 0.005243 0.005243 0.005243 0.005243 0.005243 0.005243 0.005243 0.005243 0.005243 0.005243 0.005243 0.005243 0.005243 0.005243 0.005243 0.005243 0.005243 0.005243 0.005243 0.005243 0.005243 0.005243 0.005243 0.005243
-9.7145e-17 -9.7145e-17 -9.7145e-17 -9.7145e-17 -9.7145e-17 -9.7145e-17 -9.7145e-17 -9.7145e-17 -9.7145e-17 -9.7145e-17 -9.7145e-17 -9.7145e-17 -9.7145e-17 -9.7145e-17 -9.7145e-17 -9.7145e-17 -9.7145e-17 -9.7145e-17 -9.7145e-17 -9.7145e-17 -9.7145e-17 -9.7145e-17 -9.7145e-17 -9.7145e-17 -9.7145e-17
0.019119 0.019119 0.019119 0.019119 0.019119 0.019119 0.019119 0.019119 0.019119 0.019119 0.019119 0.019119 0.019119 0.019119 0.019119 0.019119 0.019119 0.019119 0.019119 0.019119 0.019119 0.019119 0.019119 0.019119 0.019119
0.06307 0.06307 0.06307 0.06307 0.06307 0.06307 0.06307 0.06307 0.06307 0.06307 0.06307 0.06307 0.06307 0.06307 0.06307 0.06307 0.06307 0.06307 0.06307 0.06307 0.06307 0.06307 0.06307 0.06307 0.06307
0.27172 0.27172 0.27172 0.27172 0.27172 0.27172 0.27172 0.27172 0.27172 0.27172 0.27172 0.27172 0.27172 0.27172 0.27172 0.27172 0.27172 0.27172 0.27172 0.27172 0.27172 0.27172 0.27172 0.27172 0.27172
1.5281 1.5281 1.5281 1.5281 1.5281 1.5281 1.5281 1.5281 1.5281 1.5281 1.5281 1.5281 1.5281 1.5281 1.5281 1.5281 1.5281 1.5281 1.5281 1.5281 1.5281 1.5281 1.5281 1.5281 1.5281
-0.62087 -0.62087 -0.62087 -0.62087 -0.62087 -0.62087 -0.62087 -0.62087 -0.62087 -0.62087 -0.62087 -0.62087 -0.62087 -0.62087 -0.62087 -0.62087 -0.62087 -0.62087 -0.62087 -0.62087 -0.62087 -0.62087 -0.62087 -0.62087 -0.62087
1.7501 1.7501 1.7501 1.7501 1.7501 1.7501 1.7501 1.7501 1.7501 1.7501 1.7501 1.7501 1.7501 1.7501 1.7501 1.7501 1.7501 1.7501 1.7501 1.7501 1.7501 1.7501 1.7501 1.7501 1.7501
6.2054e-05 6.2054e-05 6.2054e-05 6.2054e-05 6.2054e-05 6.2054e-05 6.2054e-05 6.2054e-05 6.2054e-05 6.2054e-05 6.2054e-05 6.2054e-05 6.2054e-05 6.2054e-05 6.2054e-05 6.2054e-05 6.2054e-05 6.2054e-05 6.2054e-05 6.2054e-05 6.2054e-05 6.2054e-05 6.2054e-05 6.2054e-05 6.2054e-05
9.4781e-05 9.4781e-05 9.4781e-05 9.4781e-05 9.4781e-05 9.4781e-05 9.4781e-05 9.4781e-05 9.4781e-05 9.4781e-05 9.4781e-05 9.4781e-05 9.4781e-05 9.4781e-05 9.4781e-05 9.4781e-05 9.4781e-05 9.4781e-05 9.4781e-05 9.4781e-05 9.4781e-05 9.4781e-05 9.4781e-05 9.4781e-05 9.4781e-05
0.00062167 0.00062167 0.00062167 0.00062167 0.00062167 0.00062167 0.00062167 0.00062167 0.00062167 0.00062167 0.00062167 0.00062167 0.00062167 0.00062167 0.00062167 0.00062167 0.00062167 0.00062167 0.00062167 0.00062167 0.00062167 0.00062167 0.00062167 0.00062167 0.00062167
0.0021795 0.0021795 0.0021795 0.0021795 0.0021795 0.0021795 0.0021795 0.0021795 0.0021795 0.0021795 0.0021795 0.0021795 0.0021795 0.0021795 0.0021795 0.0021795 0.0021795 0.0021795 0.0021795 0.0021795 0.0021795 0.0021795 0.0021795 0.0021795 0.0021795
0.0082575 0.0082575 0.0082575 0.0082575 0.0082575 0.0082575 0.0082575 0.0082575 0.0082575 0.0082575 0.0082575 0.0082575 0.0082575 0.0082575 0.0082575 0.0082575 0.0082575 0.0082575 0.0082575 0.0082575 0.0082575 0.0082575 0.0082575 0.0082575 0.0082575
0.0082575 0.0082575 0.0082575 0.0082575 0.0082575 0.0082575 0.0082575 0.0082575 0.0082575 0.0082575 0.0082575 0.0082575 0.0082575 0.0082575 0.0082575 0.0082575 0.0082575 0.0082575 0.0082575 0.0082575 0.0082575 0.0082575 0.0082575 0.0082575 0.0082575
0.021069 0.021069 0.021069 0.021069 0.021069 0.021069 0.021069 0.021069 0.021069 0.021069 0.021069 0.021069 0.021069 0.021069 0.021069 0.021069 0.021069 0.021069 0.021069 0.021069 0.021069 0.021069 0.021069 0.021069 0.021069
0.05776 0.05776 0.05776 0.05776 0.05776 0.05776 0.05776 0.05776 0.05776 0.05776 0.05776 0.05776 0.05776 0.05776 0.05776 0.05776 0.05776 0.05776 0.05776 0.05776 0.05776 0.05776 0.05776 0.05776 0.05776
-0.01934 -0.01934 -0.01934 -0.01934 -0.01934 -0.01934 -0.01934 -0.01934 -0.01934 -0.01934 -0.01934 -0.01934 -0.01934 -0.01934 -0.01934 -0.01934 -0.01934 -0.01934 -0.01934 -0.01934 -0.01934 -0.01934 -0.01934 -0.01934 -0.01934
-1.2521 -1.2521 -1.2521 -1.2521 -1.2521 -1.2521 -1.2521 -1.2521 -1.2521 -1.2521 -1.2521 -1.2521 -1.2521 -1.2521 -1.2521 -1.2521 -1.2521 -1.2521 -1.2521 -1.2521 -1.2521 -1.2521 -1.2521 -1.2521 -1.2521
0.15984 0.15984 0.15984 0.15984 0.15984 0.15984 0.15984 0.15984 0.15984 0.15984 0.15984 0.15984 0.15984 0.15984 0.15984 0.15984 0.15984 0.15984 0.15984 0.15984 0.15984 0.15984 0.15984 0.15984 0.15984
0 0 0 0 0 0 0 0 0 0 0 0 0 0 0 0 0 0 0 0 0 0 0 0 0
0 0 0 0 0 0 0 0 0 0 0 0 0 0 0 0 0 0 0 0 0 0 0 0 0
0 0 0 0 0 0 0 0 0 0 0 0 0 0 0 0 0 0 0 0 0 0 0 0 0
0 0 0 0 0 0 0 0 0 0 0 0 0 0 0 0 0 0 0 0 0 0 0 0 0
0 0 0 0 0 0 0 0 0 0 0 0 0 0 0 0 0 0 0 0 0 0 0 0 0
0 0 0 0 0 0 0 0 0 0 0 0 0 0 0 0 0 0 0 0 0 0 0 0 0
0 0 0 0 0 0 0 0 0 0 0 0 0 0 0 0 0 0 0 0 0 0 0 0 0
0 0 0 0 0 0 0 0 0 0 0 0 0 0 0 0 0 0 0 0 0 0 0 0 0
0 0 0 0 0 0 0 0 0 0 0 0 0 0 0 0 0 0 0 0 0 0 0 0 0
-0 -0 -0 -0 -0 -0 -0 -0 -0 -0 -0 -0 -0 -0 -0 -0 -0 -0 -0 -0 -0 -0 -0 -0 -0
-0 -0 -0 -0 -0 -0 -0 -0 -0 -0 -0 -0 -0 -0 -0 -0 -0 -0 -0 -0 -0 -0 -0 -0 -0
0 0 0 0 0 0 0 0 0 0 0 0 0 0 0 0 0 0 0 0 0 0 0 0 0
0 0 0 0 0 0 0 0 0 0 0 0 0 0 0 0 0 0 0 0 0 0 0 0 0
0 0 0 0 0 0 0 0 0 0 0 0 0 0 0 0 0 0 0 0 0 0 0 0 0
0 0 0 0 0 0 0 0 0 0 0 0 0 0 0 0 0 0 0 0 0 0 0 0 0
0 0 0 0 0 0 0 0 0 0 0 0 0 0 0 0 0 0 0 0 0 0 0 0 0
0 0 0 0 0 0 0 0 0 0 0 0 0 0 0 0 0 0 0 0 0 0 0 0 0
0 0 0 0 0 0 0 0 0 0 0 0 0 0 0 0 0 0 0 0 0 0 0 0 0
0 0 0 0 0 0 0 0 0 0 0 0 0 0 0 0 0 0 0 0 0 0 0 0 0
0 0 0 0 0 0 0 0 0 0 0 0 0 0 0 0 0 0 0 0 0 0 0 0 0
0 0 0 0 0 0 0 0 0 0 0 0 0 0 0 0 0 0 0 0 0 0 0 0 0
0 0 0 0 0 0 0 0 0 0 0 0 0 0 0 0 0 0 0 0 0 0 0 0 0
0 0 0 0 0 0 0 0 0 0 0 0 0 0 0 0 0 0 0 0 0 0 0 0 0
0 0 0 0 0 0 0 0 0 0 0 0 0 0 0 0 0 0 0 0 0 0 0 0 0
0 0 0 0 0 0 0 0 0 0 0 0 0 0 0 0 0 0 0 0 0 0 0 0 0
0 0 0 0 0 0 0 0 0 0 0 0 0 0 0 0 0 0 0 0 0 0 0 0 0
0 0 0 0 0 0 0 0 0 0 0 0 0 0 0 0 0 0 0 0 0 0 0 0 0
0 0 0 0 0 0 0 0 0 0 0 0 0 0 0 0 0 0 0 0 0 0 0 0 0
0 0 0 0 0 0 0 0 0 0 0 0 0 0 0 0 0 0 0 0 0 0 0 0 0
0 0 0 0 0 0 0 0 0 0 0 0 0 0 0 0 0 0 0 0 0 0 0 0 0
0 0 0 0 0 0 0 0 0 0 0 0 0 0 0 0 0 0 0 0 0 0 0 0 0
-0 -0 -0 -0 -0 -0 -0 -0 -0 -0 -0 -0 -0 -0 -0 -0 -0 -0 -0 -0 -0 -0 -0 -0 -0
-0 -0 -0 -0 -0 -0 -0 -0 -0 -0 -0 -0 -0 -0 -0 -0 -0 -0 -0 -0 -0 -0 -0 -0 -0
0 0 0 0 0 0 0 0 0 0 0 0 0 0 0 0 0 0 0 0 0 0 0 0 0
0 0 0 0 0 0 0 0 0 0 0 0 0 0 0 0 0 0 0 0 0 0 0 0 0
0 0 0 0 0 0 0 0 0 0 0 0 0 0 0 0 0 0 0 0 0 0 0 0 0
0 0 0 0 0 0 0 0 0 0 0 0 0 0 0 0 0 0 0 0 0 0 0 0 0
0 0 0 0 0 0 0 0 0 0 0 0 0 0 0 0 0 0 0 0 0 0 0 0 0
0 0 0 0 0 0 0 0 0 0 0 0 0 0 0 0 0 0 0 0 0 0 0 0 0
0 0 0 0 0 0 0 0 0 0 0 0 0 0 0 0 0 0 0 0 0 0 0 0 0
0 0 0 0 0 0 0 0 0 0 0 0 0 0 0 0 0 0 0 0 0 0 0 0 0
0 0 0 0 0 0 0 0 0 0 0 0 0 0 0 0 0 0 0 0 0 0 0 0 0
0 0 0 0 0 0 0 0 0 0 0 0 0 0 0 0 0 0 0 0 0 0 0 0 0
0 0 0 0 0 0 0 0 0 0 0 0 0 0 0 0 0 0 0 0 0 0 0 0 0
0 0 0 0 0 0 0 0 0 0 0 0 0 0 0 0 0 0 0 0 0 0 0 0 0
0 0 0 0 0 0 0 0 0 0 0 0 0 0 0 0 0 0 0 0 0 0 0 0 0
0 0 0 0 0 0 0 0 0 0 0 0 0 0 0 0 0 0 0 0 0 0 0 0 0
0 0 0 0 0 0 0 0 0 0 0 0 0 0 0 0 0 0 0 0 0 0 0 0 0
0 0 0 0 0 0 0 0 0 0 0 0 0 0 0 0 0 0 0 0 0 0 0 0 0
0 0 0 0 0 0 0 0 0 0 0 0 0 0 0 0 0 0 0 0 0 0 0 0 0
0 0 0 0 0 0 0 0 0 0 0 0 0 0 0 0 0 0 0 0 0 0 0 0 0
0 0 0 0 0 0 0 0 0 0 0 0 0 0 0 0 0 0 0 0 0 0 0 0 0
0 0 0 0 0 0 0 0 0 0 0 0 0 0 0 0 0 0 0 0 0 0 0 0 0
-0 -0 -0 -0 -0 -0 -0 -0 -0 -0 -0 -0 -0 -0 -0 -0 -0 -0 -0 -0 -0 -0 -0 -0 -0
-0 -0 -0 -0 -0 -0 -0 -0 -0 -0 -0 -0 -0 -0 -0 -0 -0 -0 -0 -0 -0 -0 -0 -0 -0
0 0 0 0 0 0 0 0 0 0 0 0 0 0 0 0 0 0 0 0 0 0 0 0 0
0 0 0 0 0 0 0 0 0 0 0 0 0 0 0 0 0 0 0 0 0 0 0 0 0
0 0 0 0 0 0 0 0 0 0 0 0 0 0 0 0 0 0 0 0 0 0 0 0 0
0 0 0 0 0 0 0 0 0 0 0 0 0 0 0 0 0 0 0 0 0 0 0 0 0
0 0 0 0 0 0 0 0 0 0 0 0 0 0 0 0 0 0 0 0 0 0 0 0 0
0 0 0 0 0 0 0 0 0 0 0 0 0 0 0 0 0 0 0 0 0 0 0 0 0
0 0 0 0 0 0 0 0 0 0 0 0 0 0 0 0 0 0 0 0 0 0 0 0 0
0 0 0 0 0 0 0 0 0 0 0 0 0 0 0 0 0 0 0 0 0 0 0 0 0
0 0 0 0 0 0 0 0 0 0 0 0 0 0 0 0 0 0 0 0 0 0 0 0 0
0 0 0 0 0 0 0 0 0 0 0 0 0 0 0 0 0 0 0 0 0 0 0 0 0
0 0 0 0 0 0 0 0 0 0 0 0 0 0 0 0 0 0 0 0 0 0 0 0 0
0 0 0 0 0 0 0 0 0 0 0 0 0 0 0 0 0 0 0 0 0 0 0 0 0
0 0 0 0 0 0 0 0 0 0 0 0 0 0 0 0 0 0 0 0 0 0 0 0 0
0 0 0 0 0 0 0 0 0 0 0 0 0 0 0 0 0 0 0 0 0 0 0 0 0
0 0 0 0 0 0 0 0 0 0 0 0 0 0 0 0 0 0 0 0 0 0 0 0 0
0 0 0 0 0 0 0 0 0 0 0 0 0 0 0 0 0 0 0 0 0 0 0 0 0
0 0 0 0 0 0 0 0 0 0 0 0 0 0 0 0 0 0 0 0 0 0 0 0 0
0 0 0 0 0 0 0 0 0 0 0 0 0 0 0 0 0 0 0 0 0 0 0 0 0
0 0 0 0 0 0 0 0 0 0 0 0 0 0 0 0 0 0 0 0 0 0 0 0 0
0 0 0 0 0 0 0 0 0 0 0 0 0 0 0 0 0 0 0 0 0 0 0 0 0
0 0 0 0 0 0 0 0 0 0 0 0 0 0 0 0 0 0 0 0 0 0 0 0 0
0 0 0 0 0 0 0 0 0 0 0 0 0 0 0 0 0 0 0 0 0 0 0 0 0
0 0 0 0 0 0 0 0 0 0 0 0 0 0 0 0 0 0 0 0 0 0 0 0 0
0 0 0 0 0 0 0 0 0 0 0 0 0 0 0 0 0 0 0 0 0 0 0 0 0
0 0 0 0 0 0 0 0 0 0 0 0 0 0 0 0 0 0 0 0 0 0 0 0 0
0 0 0 0 0 0 0 0 0 0 0 0 0 0 0 0 0 0 0 0 0 0 0 0 0
0 0 0 0 0 0 0 0 0 0 0 0 0 0 0 0 0 0 0 0 0 0 0 0 0
1 2 3 4 5 6 7 8 9 10 11 12 13 14 15 16 17 18 19 20 21 22 23 24 25
