-0.10711 -0.10711 -0.10711 -0.10711 -0.10711 -0.10711 -0.10711 -0.10711 -0.10711 -0.10711 -0.10711 -0.10711 -0.10711 -0.10711 -0.10711 -0.10711 -0.10711 -0.10711 -0.10711 -0.10711 -0.10711 -0.10711 -0.10711 -0.10711 -0.10711
-0.40824 -0.40824 -0.40824 -0.40824 -0.40824 -0.40824 -0.40824 -0.40824 -0.40824 -0.40824 -0.40824 -0.40824 -0.40824 -0.40824 -0.40824 -0.40824 -0.40824 -0.40824 -0.40824 -0.40824 -0.40824 -0.40824 -0.40824 -0.40824 -0.40824
-2.5405 -2.5405 -2.5405 -2.5405 -2.5405 -2.5405 -2.5405 -2.5405 -2.5405 -2.5405 -2.5405 -2.5405 -2.5405 -2.5405 -2.5405 -2.5405 -2.5405 -2.5405 -2.5405 -2.5405 -2.5405 -2.5405 -2.5405 -2.5405 -2.5405
1.91 1.91 1.91 1.91 1.91 1.91 1.91 1.91 1.91 1.91 1.91 1.91 1.91 1.91 1.91 1.91 1.91 1.91 1.91 1.91 1.91 1.91 1.91 1.91 1.91
5.1047e-16 5.1047e-16 5.1047e-16 5.1047e-16 5.1047e-16 5.1047e-16 5.1047e-16 5.1047e-16 5.1047e-16 5.1047e-16 5.1047e-16 5.1047e-16 5.1047e-16 5.1047e-16 5.1047e-16 5.1047e-16 5.1047e-16 5.1047e-16 5.1047e-16 5.1047e-16 5.1047e-16 5.1047e-16 5.1047e-16 5.1047e-16 5.1047e-16
1.9156 1.9156 1.9156 1.9156 1.9156 1.9156 1.9156 1.9156 1.9156 1.9156 1.9156 1.9156 1.9156 1.9156 1.9156 1.9156 1.9156 1.9156 1.9156 1.9156 1.9156 1.9156 1.9156 1.9156 1.9156
-2.5416 -2.5416 -2.5416 -2.5416 -2.5416 -2.5416 -2.5416 -2.5416 -2.5416 -2.5416 -2.5416 -2.5416 -2.5416 -2.5416 -2.5416 -2.5416 -2.5416 -2.5416 -2.5416 -2.5416 -2.5416 -2.5416 -2.5416 -2.5416 -2.5416
-0.41064 -0.41064 -0.41064 -0.41064 -0.41064 -0.41064 -0.41064 -0.41064 -0.41064 -0.41064 -0.41064 -0.41064 -0.41064 -0.41064 -0.41064 -0.41064 -0.41064 -0.41064 -0.41064 -0.41064 -0.41064 -0.41064 -0.41064 -0.41064 -0.41064
-0.11783 -0.11783 -0.11783 -0.11783 -0.11783 -0.11783 -0.11783 -0.11783 -0.11783 -0.11783 -0.11783 -0.11783 -0.11783 -0.11783 -0.11783 -0.11783 -0.11783 -0.11783 -0.11783 -0.11783 -0.11783 -0.11783 -0.11783 -0.11783 -0.11783
-0.04536 -0.04536 -0.04536 -0.04536 -0.04536 -0.04536 -0.04536 -0.04536 -0.04536 -0.04536 -0.04536 -0.04536 -0.04536 -0.04536 -0.04536 -0.04536 -0.04536 -0.04536 -0.04536 -0.04536 -0.04536 -0.04536 -0.04536 -0.04536 -0.04536
-0.022134 -0.022134 -0.022134 -0.022134 -0.022134 -0.022134 -0.022134 -0.022134 -0.022134 -0.022134 -0.022134 -0.022134 -0.022134 -0.022134 -0.022134 -0.022134 -0.022134 -0.022134 -0.022134 -0.022134 -0.022134 -0.022134 -0.022134 -0.022134 -0.022134
-0.13842 -0.13842 -0.13842 -0.13842 -0.13842 -0.13842 -0.13842 -0.13842 -0.13842 -0.13842 -0.13842 -0.13842 -0.13842 -0.13842 -0.13842 -0.13842 -0.13842 -0.13842 -0.13842 -0.13842 -0.13842 -0.13842 -0.13842 -0.13842 -0.13842
-0.40702 -0.40702 -0.40702 -0.40702 -0.40702 -0.40702 -0.40702 -0.40702 -0.40702 -0.40702 -0.40702 -0.40702 -0.40702 -0.40702 -0.40702 -0.40702 -0.40702 -0.40702 -0.40702 -0.40702 -0.40702 -0.40702 -0.40702 -0.40702 -0.40702
-1.6459 -1.6459 -1.6459 -1.6459 -1.6459 -1.6459 -1.6459 -1.6459 -1.6459 -1.6459 -1.6459 -1.6459 -1.6459 -1.6459 -1.6459 -1.6459 -1.6459 -1.6459 -1.6459 -1.6459 -1.6459 -1.6459 -1.6459 -1.6459 -1.6459
-3.5063 -3.5063 -3.5063 -3.5063 -3.5063 -3.5063 -3.5063 -3.5063 -3.5063 -3.5063 -3.5063 -3.5063 -3.5063 -3.5063 -3.5063 -3.5063 -3.5063 -3.5063 -3.5063 -3.5063 -3.5063 -3.5063 -3.5063 -3.5063 -3.5063
-0.92383 -0.92383 -0.92383 -0.92383 -0.92383 -0.92383 -0.92383 -0.92383 -0.92383 -0.92383 -0.92383 -0.92383 -0.92383 -0.92383 -0.92383 -0.92383 -0.92383 -0.92383 -0.92383 -0.92383 -0.92383 -0.92383 -0.92383 -0.92383 -0.92383
-3.5259 -3.5259 -3.5259 -3.5259 -3.5259 -3.5259 -3.5259 -3.5259 -3.5259 -3.5259 -3.5259 -3.5259 -3.5259 -3.5259 -3.5259 -3.5259 -3.5259 -3.5259 -3.5259 -3.5259 -3.5259 -3.5259 -3.5259 -3.5259 -3.5259
-1.621 -1.621 -1.621 -1.621 -1.621 -1.621 -1.621 -1.621 -1.621 -1.621 -1.621 -1.621 -1.621 -1.621 -1.621 -1.621 -1.621 -1.621 -1.621 -1.621 -1.621 -1.621 -1.621 -1.621 -1.621
-0.40841 -0.40841 -0.40841 -0.40841 -0.40841 -0.40841 -0.40841 -0.40841 -0.40841 -0.40841 -0.40841 -0.40841 -0.40841 -0.40841 -0.40841 -0.40841 -0.40841 -0.40841 -0.40841 -0.40841 -0.40841 -0.40841 -0.40841 -0.40841 -0.40841
-0.14724 -0.14724 -0.14724 -0.14724 -0.14724 -0.14724 -0.14724 -0.14724 -0.14724 -0.14724 -0.14724 -0.14724 -0.14724 -0.14724 -0.14724 -0.14724 -0.14724 -0.14724 -0.14724 -0.14724 -0.14724 -0.14724 -0.14724 -0.14724 -0.14724
-0.070897 -0.070897 -0.070897 -0.070897 -0.070897 -0.070897 -0.070897 -0.070897 -0.070897 -0.070897 -0.070897 -0.070897 -0.070897 -0.070897 -0.070897 -0.070897 -0.070897 -0.070897 -0.070897 -0.070897 -0.070897 -0.070897 -0.070897 -0.070897 -0.070897
-0.031831 -0.031831 -0.031831 -0.031831 -0.031831 -0.031831 -0.031831 -0.031831 -0.031831 -0.031831 -0.031831 -0.031831 -0.031831 -0.031831 -0.031831 -0.031831 -0.031831 -0.031831 -0.031831 -0.031831 -0.031831 -0.031831 -0.031831 -0.031831 -0.031831
-0.13547 -0.13547 -0.13547 -0.13547 -0.13547 -0.13547 -0.13547 -0.13547 -0.13547 -0.13547 -0.13547 -0.13547 -0.13547 -0.13547 -0.13547 -0.13547 -0.13547 -0.13547 -0.13547 -0.13547 -0.13547 -0.13547 -0.13547 -0.13547 -0.13547
-0.13515 -0.13515 -0.13515 -0.13515 -0.13515 -0.13515 -0.13515 -0.13515 -0.13515 -0.13515 -0.13515 -0.13515 -0.13515 -0.13515 -0.13515 -0.13515 -0.13515 -0.13515 -0.13515 -0.13515 -0.13515 -0.13515 -0.13515 -0.13515 -0.13515
0.79237 0.79237 0.79237 0.79237 0.79237 0.79237 0.79237 0.79237 0.79237 0.79237 0.79237 0.79237 0.79237 0.79237 0.79237 0.79237 0.79237 0.79237 0.79237 0.79237 0.79237 0.79237 0.79237 0.79237 0.79237
-1.4967 -1.4967 -1.4967 -1.4967 -1.4967 -1.4967 -1.4967 -1.4967 -1.4967 -1.4967 -1.4967 -1.4967 -1.4967 -1.4967 -1.4967 -1.4967 -1.4967 -1.4967 -1.4967 -1.4967 -1.4967 -1.4967 -1.4967 -1.4967 -1.4967
1.5382e-16 1.5382e-16 1.5382e-16 1.5382e-16 1.5382e-16 1.5382e-16 1.5382e-16 1.5382e-16 1.5382e-16 1.5382e-16 1.5382e-16 1.5382e-16 1.5382e-16 1.5382e-16 1.5382e-16 1.5382e-16 1.5382e-16 1.5382e-16 1.5382e-16 1.5382e-16 1.5382e-16 1.5382e-16 1.5382e-16 1.5382e-16 1.5382e-16
-1.4967 -1.4967 -1.4967 -1.4967 -1.4967 -1.4967 -1.4967 -1.4967 -1.4967 -1.4967 -1.4967 -1.4967 -1.4967 -1.4967 -1.4967 -1.4967 -1.4967 -1.4967 -1.4967 -1.4967 -1.4967 -1.4967 -1.4967 -1.4967 -1.4967
0.78551 0.78551 0.78551 0.78551 0.78551 0.78551 0.78551 0.78551 0.78551 0.78551 0.78551 0.78551 0.78551 0.78551 0.78551 0.78551 0.78551 0.78551 0.78551 0.78551 0.78551 0.78551 0.78551 0.78551 0.78551
-0.1299 -0.1299 -0.1299 -0.1299 -0.1299 -0.1299 -0.1299 -0.1299 -0.1299 -0.1299 -0.1299 -0.1299 -0.1299 -0.1299 -0.1299 -0.1299 -0.1299 -0.1299 -0.1299 -0.1299 -0.1299 -0.1299 -0.1299 -0.1299 -0.1299
-0.12937 -0.12937 -0.12937 -0.12937 -0.12937 -0.12937 -0.12937 -0.12937 -0.12937 -0.12937 -0.12937 -0.12937 -0.12937 -0.12937 -0.12937 -0.12937 -0.12937 -0.12937 -0.12937 -0.12937 -0.12937 -0.12937 -0.12937 -0.12937 -0.12937
-0.11027 -0.11027 -0.11027 -0.11027 -0.11027 -0.11027 -0.11027 -0.11027 -0.11027 -0.11027 -0.11027 -0.11027 -0.11027 -0.11027 -0.11027 -0.11027 -0.11027 -0.11027 -0.11027 -0.11027 -0.11027 -0.11027 -0.11027 -0.11027 -0.11027
-0.064947 -0.064947 -0.064947 -0.064947 -0.064947 -0.064947 -0.064947 -0.064947 -0.064947 -0.064947 -0.064947 -0.064947 -0.064947 -0.064947 -0.064947 -0.064947 -0.064947 -0.064947 -0.064947 -0.064947 -0.064947 -0.064947 -0.064947 -0.064947 -0.064947
-0.14993 -0.14993 -0.14993 -0.14993 -0.14993 -0.14993 -0.14993 -0.14993 -0.14993 -0.14993 -0.14993 -0.14993 -0.14993 -0.14993 -0.14993 -0.14993 -0.14993 -0.14993 -0.14993 -0.14993 -0.14993 -0.14993 -0.14993 -0.14993 -0.14993
-0.26132 -0.26132 -0.26132 -0.26132 -0.26132 -0.26132 -0.26132 -0.26132 -0.26132 -0.26132 -0.26132 -0.26132 -0.26132 -0.26132 -0.26132 -0.26132 -0.26132 -0.26132 -0.26132 -0.26132 -0.26132 -0.26132 -0.26132 -0.26132 -0.26132
-0.61883 -0.61883 -0.61883 -0.61883 -0.61883 -0.61883 -0.61883 -0.61883 -0.61883 -0.61883 -0.61883 -0.61883 -0.61883 -0.61883 -0.61883 -0.61883 -0.61883 -0.61883 -0.61883 -0.61883 -0.61883 -0.61883 -0.61883 -0.61883 -0.61883
-4.4013 -4.4013 -4.4013 -4.4013 -4.4013 -4.4013 -4.4013 -4.4013 -4.4013 -4.4013 -4.4013 -4.4013 -4.4013 -4.4013 -4.4013 -4.4013 -4.4013 -4.4013 -4.4013 -4.4013 -4.4013 -4.4013 -4.4013 -4.4013 -4.4013
-3.6022 -3.6022 -3.6022 -3.6022 -3.6022 -3.6022 -3.6022 -3.6022 -3.6022 -3.6022 -3.6022 -3.6022 -3.6022 -3.6022 -3.6022 -3.6022 -3.6022 -3.6022 -3.6022 -3.6022 -3.6022 -3.6022 -3.6022 -3.6022 -3.6022
-4.3906 -4.3906 -4.3906 -4.3906 -4.3906 -4.3906 -4.3906 -4.3906 -4.3906 -4.3906 -4.3906 -4.3906 -4.3906 -4.3906 -4.3906 -4.3906 -4.3906 -4.3906 -4.3906 -4.3906 -4.3906 -4.3906 -4.3906 -4.3906 -4.3906
-0.59655 -0.59655 -0.59655 -0.59655 -0.59655 -0.59655 -0.59655 -0.59655 -0.59655 -0.59655 -0.59655 -0.59655 -0.59655 -0.59655 -0.59655 -0.59655 -0.59655 -0.59655 -0.59655 -0.59655 -0.59655 -0.59655 -0.59655 -0.59655 -0.59655
-0.25934 -0.25934 -0.25934 -0.25934 -0.25934 -0.25934 -0.25934 -0.25934 -0.25934 -0.25934 -0.25934 -0.25934 -0.25934 -0.25934 -0.25934 -0.25934 -0.25934 -0.25934 -0.25934 -0.25934 -0.25934 -0.25934 -0.25934 -0.25934 -0.25934
-0.1454 -0.1454 -0.1454 -0.1454 -0.1454 -0.1454 -0.1454 -0.1454 -0.1454 -0.1454 -0.1454 -0.1454 -0.1454 -0.1454 -0.1454 -0.1454 -0.1454 -0.1454 -0.1454 -0.1454 -0.1454 -0.1454 -0.1454 -0.1454 -0.1454
-0.11419 -0.11419 -0.11419 -0.11419 -0.11419 -0.11419 -0.11419 -0.11419 -0.11419 -0.11419 -0.11419 -0.11419 -0.11419 -0.11419 -0.11419 -0.11419 -0.11419 -0.11419 -0.11419 -0.11419 -0.11419 -0.11419 -0.11419 -0.11419 -0.11419
-0.064156 -0.064156 -0.064156 -0.064156 -0.064156 -0.064156 -0.064156 -0.064156 -0.064156 -0.064156 -0.064156 -0.064156 -0.064156 -0.064156 -0.064156 -0.064156 -0.064156 -0.064156 -0.064156 -0.064156 -0.064156 -0.064156 -0.064156 -0.064156 -0.064156
0.048838 0.048838 0.048838 0.048838 0.048838 0.048838 0.048838 0.048838 0.048838 0.048838 0.048838 0.048838 0.048838 0.048838 0.048838 0.048838 0.048838 0.048838 0.048838 0.048838 0.048838 0.048838 0.048838 0.048838 0.048838
0.18062 0.18062 0.18062 0.18062 0.18062 0.18062 0.18062 0.18062 0.18062 0.18062 0.18062 0.18062 0.18062 0.18062 0.18062 0.18062 0.18062 0.18062 0.18062 0.18062 0.18062 0.18062 0.18062 0.18062 0.18062
1.0024 1.0024 1.0024 1.0024 1.0024 1.0024 1.0024 1.0024 1.0024 1.0024 1.0024 1.0024 1.0024 1.0024 1.0024 1.0024 1.0024 1.0024 1.0024 1.0024 1.0024 1.0024 1.0024 1.0024 1.0024
4.7603 4.7603 4.7603 4.7603 4.7603 4.7603 4.7603 4.7603 4.7603 4.7603 4.7603 4.7603 4.7603 4.7603 4.7603 4.7603 4.7603 4.7603 4.7603 4.7603 4.7603 4.7603 4.7603 4.7603 4.7603
-6.9104e-17 -6.9104e-17 -6.9104e-17 -6.9104e-17 -6.9104e-17 -6.9104e-17 -6.9104e-17 -6.9104e-17 -6.9104e-17 -6.9104e-17 -6.9104e-17 -6.9104e-17 -6.9104e-17 -6.9104e-17 -6.9104e-17 -6.9104e-17 -6.9104e-17 -6.9104e-17 -6.9104e-17 -6.9104e-17 -6.9104e-17 -6.9104e-17 -6.9104e-17 -6.9104e-17 -6.9104e-17
-4.7557 -4.7557 -4.7557 -4.7557 -4.7557 -4.7557 -4.7557 -4.7557 -4.7557 -4.7557 -4.7557 -4.7557 -4.7557 -4.7557 -4.7557 -4.7557 -4.7557 -4.7557 -4.7557 -4.7557 -4.7557 -4.7557 -4.7557 -4.7557 -4.7557
-0.97154 -0.97154 -0.97154 -0.97154 -0.97154 -0.97154 -0.97154 -0.97154 -0.97154 -0.97154 -0.97154 -0.97154 -0.97154 -0.97154 -0.97154 -0.97154 -0.97154 -0.97154 -0.97154 -0.97154 -0.97154 -0.97154 -0.97154 -0.97154 -0.97154
-0.17531 -0.17531 -0.17531 -0.17531 -0.17531 -0.17531 -0.17531 -0.17531 -0.17531 -0.17531 -0.17531 -0.17531 -0.17531 -0.17531 -0.17531 -0.17531 -0.17531 -0.17531 -0.17531 -0.17531 -0.17531 -0.17531 -0.17531 -0.17531 -0.17531
-0.049266 -0.049266 -0.049266 -0.049266 -0.049266 -0.049266 -0.049266 -0.049266 -0.049266 -0.049266 -0.049266 -0.049266 -0.049266 -0.049266 -0.049266 -0.049266 -0.049266 -0.049266 -0.049266 -0.049266 -0.049266 -0.049266 -0.049266 -0.049266 -0.049266
-0.021352 -0.021352 -0.021352 -0.021352 -0.021352 -0.021352 -0.021352 -0.021352 -0.021352 -0.021352 -0.021352 -0.021352 -0.021352 -0.021352 -0.021352 -0.021352 -0.021352 -0.021352 -0.021352 -0.021352 -0.021352 -0.021352 -0.021352 -0.021352 -0.021352
-0.0082017 -0.0082017 -0.0082017 -0.0082017 -0.0082017 -0.0082017 -0.0082017 -0.0082017 -0.0082017 -0.0082017 -0.0082017 -0.0082017 -0.0082017 -0.0082017 -0.0082017 -0.0082017 -0.0082017 -0.0082017 -0.0082017 -0.0082017 -0.0082017 -0.0082017 -0.0082017 -0.0082017 -0.0082017
0.029578 0.029578 0.029578 0.029578 0.029578 0.029578 0.029578 0.029578 0.029578 0.029578 0.029578 0.029578 0.029578 0.029578 0.029578 0.029578 0.029578 0.029578 0.029578 0.029578 0.029578 0.029578 0.029578 0.029578 0.029578
0.090642 0.090642 0.090642 0.090642 0.090642 0.090642 0.090642 0.090642 0.090642 0.090642 0.090642 0.090642 0.090642 0.090642 0.090642 0.090642 0.090642 0.090642 0.090642 0.090642 0.090642 0.090642 0.090642 0.090642 0.090642
0.35688 0.35688 0.35688 0.35688 0.35688 0.35688 0.35688 0.35688 0.35688 0.35688 0.35688 0.35688 0.35688 0.35688 0.35688 0.35688 0.35688 0.35688 0.35688 0.35688 0.35688 0.35688 0.35688 0.35688 0.35688
0.81472 0.81472 0.81472 0.81472 0.81472 0.81472 0.81472 0.81472 0.81472 0.81472 0.81472 0.81472 0.81472 0.81472 0.81472 0.81472 0.81472 0.81472 0.81472 0.81472 0.81472 0.81472 0.81472 0.81472 0.81472
-0.0034629 -0.0034629 -0.0034629 -0.0034629 -0.0034629 -0.0034629 -0.0034629 -0.0034629 -0.0034629 -0.0034629 -0.0034629 -0.0034629 -0.0034629 -0.0034629 -0.0034629 -0.0034629 -0.0034629 -0.0034629 -0.0034629 -0.0034629 -0.0034629 -0.0034629 -0.0034629 -0.0034629 -0.0034629
-0.81803 -0.81803 -0.81803 -0.81803 -0.81803 -0.81803 -0.81803 -0.81803 -0.81803 -0.81803 -0.81803 -0.81803 -0.81803 -0.81803 -0.81803 -0.81803 -0.81803 -0.81803 -0.81803 -0.81803 -0.81803 -0.81803 -0.81803 -0.81803 -0.81803
-0.35303 -0.35303 -0.35303 -0.35303 -0.35303 -0.35303 -0.35303 -0.35303 -0.35303 -0.35303 -0.35303 -0.35303 -0.35303 -0.35303 -0.35303 -0.35303 -0.35303 -0.35303 -0.35303 -0.35303 -0.35303 -0.35303 -0.35303 -0.35303 -0.35303
-0.08787 -0.08787 -0.08787 -0.08787 -0.08787 -0.08787 -0.08787 -0.08787 -0.08787 -0.08787 -0.08787 -0.08787 -0.08787 -0.08787 -0.08787 -0.08787 -0.08787 -0.08787 -0.08787 -0.08787 -0.08787 -0.08787 -0.08787 -0.08787 -0.08787
-0.029975 -0.029975 -0.029975 -0.029975 -0.029975 -0.029975 -0.029975 -0.029975 -0.029975 -0.029975 -0.029975 -0.029975 -0.029975 -0.029975 -0.029975 -0.029975 -0.029975 -0.029975 -0.029975 -0.029975 -0.029975 -0.029975 -0.029975 -0.029975 -0.029975
-0.01401 -0.01401 -0.01401 -0.01401 -0.01401 -0.01401 -0.01401 -0.01401 -0.01401 -0.01401 -0.01401 -0.01401 -0.01401 -0.01401 -0.01401 -0.01401 -0.01401 -0.01401 -0.01401 -0.01401 -0.01401 -0.01401 -0.01401 -0.01401 -0.01401
-0.0065351 -0.0065351 -0.0065351 -0.0065351 -0.0065351 -0.0065351 -0.0065351 -0.0065351 -0.0065351 -0.0065351 -0.0065351 -0.0065351 -0.0065351 -0.0065351 -0.0065351 -0.0065351 -0.0065351 -0.0065351 -0.0065351 -0.0065351 -0.0065351 -0.0065351 -0.0065351 -0.0065351 -0.0065351
0 0 0 0 0 0 0 0 0 0 0 0 0 0 0 0 0 0 0 0 0 0 0 0 0
0 0 0 0 0 0 0 0 0 0 0 0 0 0 0 0 0 0 0 0 0 0 0 0 0
-0 -0 -0 -0 -0 -0 -0 -0 -0 -0 -0 -0 -0 -0 -0 -0 -0 -0 -0 -0 -0 -0 -0 -0 -0
0 0 0 0 0 0 0 0 0 0 0 0 0 0 0 0 0 0 0 0 0 0 0 0 0
0 0 0 0 0 0 0 0 0 0 0 0 0 0 0 0 0 0 0 0 0 0 0 0 0
-0 -0 -0 -0 -0 -0 -0 -0 -0 -0 -0 -0 -0 -0 -0 -0 -0 -0 -0 -0 -0 -0 -0 -0 -0
0 0 0 0 0 0 0 0 0 0 0 0 0 0 0 0 0 0 0 0 0 0 0 0 0
0 0 0 0 0 0 0 0 0 0 0 0 0 0 0 0 0 0 0 0 0 0 0 0 0
0 0 0 0 0 0 0 0 0 0 0 0 0 0 0 0 0 0 0 0 0 0 0 0 0
0 0 0 0 0 0 0 0 0 0 0 0 0 0 0 0 0 0 0 0 0 0 0 0 0
0 0 0 0 0 0 0 0 0 0 0 0 0 0 0 0 0 0 0 0 0 0 0 0 0
0 0 0 0 0 0 0 0 0 0 0 0 0 0 0 0 0 0 0 0 0 0 0 0 0
0 0 0 0 0 0 0 0 0 0 0 0 0 0 0 0 0 0 0 0 0 0 0 0 0
0 0 0 0 0 0 0 0 0 0 0 0 0 0 0 0 0 0 0 0 0 0 0 0 0
0 0 0 0 0 0 0 0 0 0 0 0 0 0 0 0 0 0 0 0 0 0 0 0 0
0 0 0 0 0 0 0 0 0 0 0 0 0 0 0 0 0 0 0 0 0 0 0 0 0
0 0 0 0 0 0 0 0 0 0 0 0 0 0 0 0 0 0 0 0 0 0 0 0 0
0 0 0 0 0 0 0 0 0 0 0 0 0 0 0 0 0 0 0 0 0 0 0 0 0
0 0 0 0 0 0 0 0 0 0 0 0 0 0 0 0 0 0 0 0 0 0 0 0 0
0 0 0 0 0 0 0 0 0 0 0 0 0 0 0 0 0 0 0 0 0 0 0 0 0
0 0 0 0 0 0 0 0 0 0 0 0 0 0 0 0 0 0 0 0 0 0 0 0 0
0 0 0 0 0 0 0 0 0 0 0 0 0 0 0 0 0 0 0 0 0 0 0 0 0
0.064673 0.064673 0.064673 0.064673 0.064673 0.064673 0.064673 0.064673 0.064673 0.064673 0.064673 0.064673 0.064673 0.064673 0.064673 0.064673 0.064673 0.064673 0.064673 0.064673 0.064673 0.064673 0.064673 0.064673 0.064673
0.84583 0.84583 0.84583 0.84583 0.84583 0.84583 0.84583 0.84583 0.84583 0.84583 0.84583 0.84583 0.84583 0.84583 0.84583 0.84583 0.84583 0.84583 0.84583 0.84583 0.84583 0.84583 0.84583 0.84583 0.84583
7.8204 7.8204 7.8204 7.8204 7.8204 7.8204 7.8204 7.8204 7.8204 7.8204 7.8204 7.8204 7.8204 7.8204 7.8204 7.8204 7.8204 7.8204 7.8204 7.8204 7.8204 7.8204 7.8204 7.8204 7.8204
-1.4054 -1.4054 -1.4054 -1.4054 -1.4054 -1.4054 -1.4054 -1.4054 -1.4054 -1.4054 -1.4054 -1.4054 -1.4054 -1.4054 -1.4054 -1.4054 -1.4054 -1.4054 -1.4054 -1.4054 -1.4054 -1.4054 -1.4054 -1.4054 -1.4054
-2.0083e-15 -2.0083e-15 -2.0083e-15 -2.0083e-15 -2.0083e-15 -2.0083e-15 -2.0083e-15 -2.0083e-15 -2.0083e-15 -2.0083e-15 -2.0083e-15 -2.0083e-15 -2.0083e-15 -2.0083e-15 -2.0083e-15 -2.0083e-15 -2.0083e-15 -2.0083e-15 -2.0083e-15 -2.0083e-15 -2.0083e-15 -2.0083e-15 -2.0083e-15 -2.0083e-15 -2.0083e-15
-1.4205 -1.4205 -1.4205 -1.4205 -1.4205 -1.4205 -1.4205 -1.4205 -1.4205 -1.4205 -1.4205 -1.4205 -1.4205 -1.4205 -1.4205 -1.4205 -1.4205 -1.4205 -1.4205 -1.4205 -1.4205 -1.4205 -1.4205 -1.4205 -1.4205
7.8021 7.8021 7.8021 7.8021 7.8021 7.8021 7.8021 7.8021 7.8021 7.8021 7.8021 7.8021 7.8021 7.8021 7.8021 7.8021 7.8021 7.8021 7.8021 7.8021 7.8021 7.8021 7.8021 7.8021 7.8021
0.85974 0.85974 0.85974 0.85974 0.85974 0.85974 0.85974 0.85974 0.85974 0.85974 0.85974 0.85974 0.85974 0.85974 0.85974 0.85974 0.85974 0.85974 0.85974 0.85974 0.85974 0.85974 0.85974 0.85974 0.85974
0.099938 0.099938 0.099938 0.099938 0.099938 0.099938 0.099938 0.099938 0.099938 0.099938 0.099938 0.099938 0.099938 0.099938 0.099938 0.099938 0.099938 0.099938 0.099938 0.099938 0.099938 0.099938 0.099938 0.099938 0.099938
-0.056137 -0.056137 -0.056137 -0.056137 -0.056137 -0.056137 -0.056137 -0.056137 -0.056137 -0.056137 -0.056137 -0.056137 -0.056137 -0.056137 -0.056137 -0.056137 -0.056137 -0.056137 -0.056137 -0.056137 -0.056137 -0.056137 -0.056137 -0.056137 -0.056137
-0.047728 -0.047728 -0.047728 -0.047728 -0.047728 -0.047728 -0.047728 -0.047728 -0.047728 -0.047728 -0.047728 -0.047728 -0.047728 -0.047728 -0.047728 -0.047728 -0.047728 -0.047728 -0.047728 -0.047728 -0.047728 -0.047728 -0.047728 -0.047728 -0.047728
0.053543 0.053543 0.053543 0.053543 0.053543 0.053543 0.053543 0.053543 0.053543 0.053543 0.053543 0.053543 0.053543 0.053543 0.053543 0.053543 0.053543 0.053543 0.053543 0.053543 0.053543 0.053543 0.053543 0.053543 0.053543
0.4409 0.4409 0.4409 0.4409 0.4409 0.4409 0.4409 0.4409 0.4409 0.4409 0.4409 0.4409 0.4409 0.4409 0.4409 0.4409 0.4409 0.4409 0.4409 0.4409 0.4409 0.4409 0.4409 0.4409 0.4409
2.4432 2.4432 2.4432 2.4432 2.4432 2.4432 2.4432 2.4432 2.4432 2.4432 2.4432 2.4432 2.4432 2.4432 2.4432 2.4432 2.4432 2.4432 2.4432 2.4432 2.4432 2.4432 2.4432 2.4432 2.4432
-0.84309 -0.84309 -0.84309 -0.84309 -0.84309 -0.84309 -0.84309 -0.84309 -0.84309 -0.84309 -0.84309 -0.84309 -0.84309 -0.84309 -0.84309 -0.84309 -0.84309 -0.84309 -0.84309 -0.84309 -0.84309 -0.84309 -0.84309 -0.84309 -0.84309
-4.8873 -4.8873 -4.8873 -4.8873 -4.8873 -4.8873 -4.8873 -4.8873 -4.8873 -4.8873 -4.8873 -4.8873 -4.8873 -4.8873 -4.8873 -4.8873 -4.8873 -4.8873 -4.8873 -4.8873 -4.8873 -4.8873 -4.8873 -4.8873 -4.8873
-0.7828 -0.7828 -0.7828 -0.7828 -0.7828 -0.7828 -0.7828 -0.7828 -0.7828 -0.7828 -0.7828 -0.7828 -0.7828 -0.7828 -0.7828 -0.7828 -0.7828 -0.7828 -0.7828 -0.7828 -0.7828 -0.7828 -0.7828 -0.7828 -0.7828
2.4258 2.4258 2.4258 2.4258 2.4258 2.4258 2.4258 2.4258 2.4258 2.4258 2.4258 2.4258 2.4258 2.4258 2.4258 2.4258 2.4258 2.4258 2.4258 2.4258 2.4258 2.4258 2.4258 2.4258 2.4258
0.447 0.447 0.447 0.447 0.447 0.447 0.447 0.447 0.447 0.447 0.447 0.447 0.447 0.447 0.447 0.447 0.447 0.447 0.447 0.447 0.447 0.447 0.447 0.447 0.447
0.081551 0.081551 0.081551 0.081551 0.081551 0.081551 0.081551 0.081551 0.081551 0.081551 0.081551 0.081551 0.081551 0.081551 0.081551 0.081551 0.081551 0.081551 0.081551 0.081551 0.081551 0.081551 0.081551 0.081551 0.081551
-0.03158 -0.03158 -0.03158 -0.03158 -0.03158 -0.03158 -0.03158 -0.03158 -0.03158 -0.03158 -0.03158 -0.03158 -0.03158 -0.03158 -0.03158 -0.03158 -0.03158 -0.03158 -0.03158 -0.03158 -0.03158 -0.03158 -0.03158 -0.03158 -0.03158
-0.03356 -0.03356 -0.03356 -0.03356 -0.03356 -0.03356 -0.03356 -0.03356 -0.03356 -0.03356 -0.03356 -0.03356 -0.03356 -0.03356 -0.03356 -0.03356 -0.03356 -0.03356 -0.03356 -0.03356 -0.03356 -0.03356 -0.03356 -0.03356 -0.03356
0 0 0 0 0 0 0 0 0 0 0 0 0 0 0 0 0 0 0 0 0 0 0 0 0
0 0 0 0 0 0 0 0 0 0 0 0 0 0 0 0 0 0 0 0 0 0 0 0 0
-0 -0 -0 -0 -0 -0 -0 -0 -0 -0 -0 -0 -0 -0 -0 -0 -0 -0 -0 -0 -0 -0 -0 -0 -0
0 0 0 0 0 0 0 0 0 0 0 0 0 0 0 0 0 0 0 0 0 0 0 0 0
0 0 0 0 0 0 0 0 0 0 0 0 0 0 0 0 0 0 0 0 0 0 0 0 0
-0 -0 -0 -0 -0 -0 -0 -0 -0 -0 -0 -0 -0 -0 -0 -0 -0 -0 -0 -0 -0 -0 -0 -0 -0
0 0 0 0 0 0 0 0 0 0 0 0 0 0 0 0 0 0 0 0 0 0 0 0 0
0 0 0 0 0 0 0 0 0 0 0 0 0 0 0 0 0 0 0 0 0 0 0 0 0
0 0 0 0 0 0 0 0 0 0 0 0 0 0 0 0 0 0 0 0 0 0 0 0 0
0 0 0 0 0 0 0 0 0 0 0 0 0 0 0 0 0 0 0 0 0 0 0 0 0
0 0 0 0 0 0 0 0 0 0 0 0 0 0 0 0 0 0 0 0 0 0 0 0 0
0 0 0 0 0 0 0 0 0 0 0 0 0 0 0 0 0 0 0 0 0 0 0 0 0
0 0 0 0 0 0 0 0 0 0 0 0 0 0 0 0 0 0 0 0 0 0 0 0 0
0 0 0 0 0 0 0 0 0 0 0 0 0 0 0 0 0 0 0 0 0 0 0 0 0
0 0 0 0 0 0 0 0 0 0 0 0 0 0 0 0 0 0 0 0 0 0 0 0 0
0 0 0 0 0 0 0 0 0 0 0 0 0 0 0 0 0 0 0 0 0 0 0 0 0
0 0 0 0 0 0 0 0 0 0 0 0 0 0 0 0 0 0 0 0 0 0 0 0 0
0 0 0 0 0 0 0 0 0 0 0 0 0 0 0 0 0 0 0 0 0 0 0 0 0
0 0 0 0 0 0 0 0 0 0 0 0 0 0 0 0 0 0 0 0 0 0 0 0 0
0 0 0 0 0 0 0 0 0 0 0 0 0 0 0 0 0 0 0 0 0 0 0 0 0
0 0 0 0 0 0 0 0 0 0 0 0 0 0 0 0 0 0 0 0 0 0 0 0 0
0 0 0 0 0 0 0 0 0 0 0 0 0 0 0 0 0 0 0 0 0 0 0 0 0
0 0 0 0 0 0 0 0 0 0 0 0 0 0 0 0 0 0 0 0 0 0 0 0 0
0 0 0 0 0 0 0 0 0 0 0 0 0 0 0 0 0 0 0 0 0 0 0 0 0
-0 -0 -0 -0 -0 -0 -0 -0 -0 -0 -0 -0 -0 -0 -0 -0 -0 -0 -0 -0 -0 -0 -0 -0 -0
0 0 0 0 0 0 0 0 0 0 0 0 0 0 0 0 0 0 0 0 0 0 0 0 0
0 0 0 0 0 0 0 0 0 0 0 0 0 0 0 0 0 0 0 0 0 0 0 0 0
-0 -0 -0 -0 -0 -0 -0 -0 -0 -0 -0 -0 -0 -0 -0 -0 -0 -0 -0 -0 -0 -0 -0 -0 -0
0 0 0 0 0 0 0 0 0 0 0 0 0 0 0 0 0 0 0 0 0 0 0 0 0
0 0 0 0 0 0 0 0 0 0 0 0 0 0 0 0 0 0 0 0 0 0 0 0 0
0 0 0 0 0 0 0 0 0 0 0 0 0 0 0 0 0 0 0 0 0 0 0 0 0
0 0 0 0 0 0 0 0 0 0 0 0 0 0 0 0 0 0 0 0 0 0 0 0 0
0 0 0 0 0 0 0 0 0 0 0 0 0 0 0 0 0 0 0 0 0 0 0 0 0
0 0 0 0 0 0 0 0 0 0 0 0 0 0 0 0 0 0 0 0 0 0 0 0 0
0 0 0 0 0 0 0 0 0 0 0 0 0 0 0 0 0 0 0 0 0 0 0 0 0
0 0 0 0 0 0 0 0 0 0 0 0 0 0 0 0 0 0 0 0 0 0 0 0 0
0 0 0 0 0 0 0 0 0 0 0 0 0 0 0 0 0 0 0 0 0 0 0 0 0
0 0 0 0 0 0 0 0 0 0 0 0 0 0 0 0 0 0 0 0 0 0 0 0 0
0 0 0 0 0 0 0 0 0 0 0 0 0 0 0 0 0 0 0 0 0 0 0 0 0
0 0 0 0 0 0 0 0 0 0 0 0 0 0 0 0 0 0 0 0 0 0 0 0 0
0 0 0 0 0 0 0 0 0 0 0 0 0 0 0 0 0 0 0 0 0 0 0 0 0
0 0 0 0 0 0 0 0 0 0 0 0 0 0 0 0 0 0 0 0 0 0 0 0 0
0 0 0 0 0 0 0 0 0 0 0 0 0 0 0 0 0 0 0 0 0 0 0 0 0
0 0 0 0 0 0 0 0 0 0 0 0 0 0 0 0 0 0 0 0 0 0 0 0 0
0 0 0 0 0 0 0 0 0 0 0 0 0 0 0 0 0 0 0 0 0 0 0 0 0
0 0 0 0 0 0 0 0 0 0 0 0 0 0 0 0 0 0 0 0 0 0 0 0 0
-0 -0 -0 -0 -0 -0 -0 -0 -0 -0 -0 -0 -0 -0 -0 -0 -0 -0 -0 -0 -0 -0 -0 -0 -0
0 0 0 0 0 0 0 0 0 0 0 0 0 0 0 0 0 0 0 0 0 0 0 0 0
0 0 0 0 0 0 0 0 0 0 0 0 0 0 0 0 0 0 0 0 0 0 0 0 0
-0 -0 -0 -0 -0 -0 -0 -0 -0 -0 -0 -0 -0 -0 -0 -0 -0 -0 -0 -0 -0 -0 -0 -0 -0
0 0 0 0 0 0 0 0 0 0 0 0 0 0 0 0 0 0 0 0 0 0 0 0 0
0 0 0 0 0 0 0 0 0 0 0 0 0 0 0 0 0 0 0 0 0 0 0 0 0
0 0 0 0 0 0 0 0 0 0 0 0 0 0 0 0 0 0 0 0 0 0 0 0 0
0 0 0 0 0 0 0 0 0 0 0 0 0 0 0 0 0 0 0 0 0 0 0 0 0
0 0 0 0 0 0 0 0 0 0 0 0 0 0 0 0 0 0 0 0 0 0 0 0 0
0 0 0 0 0 0 0 0 0 0 0 0 0 0 0 0 0 0 0 0 0 0 0 0 0
0 0 0 0 0 0 0 0 0 0 0 0 0 0 0 0 0 0 0 0 0 0 0 0 0
0 0 0 0 0 0 0 0 0 0 0 0 0 0 0 0 0 0 0 0 0 0 0 0 0
0 0 0 0 0 0 0 0 0 0 0 0 0 0 0 0 0 0 0 0 0 0 0 0 0
0 0 0 0 0 0 0 0 0 0 0 0 0 0 0 0 0 0 0 0 0 0 0 0 0
0 0 0 0 0 0 0 0 0 0 0 0 0 0 0 0 0 0 0 0 0 0 0 0 0
0 0 0 0 0 0 0 0 0 0 0 0 0 0 0 0 0 0 0 0 0 0 0 0 0
0 0 0 0 0 0 0 0 0 0 0 0 0 0 0 0 0 0 0 0 0 0 0 0 0
0 0 0 0 0 0 0 0 0 0 0 0 0 0 0 0 0 0 0 0 0 0 0 0 0
0 0 0 0 0 0 0 0 0 0 0 0 0 0 0 0 0 0 0 0 0 0 0 0 0
0 0 0 0 0 0 0 0 0 0 0 0 0 0 0 0 0 0 0 0 0 0 0 0 0
1 2 3 4 5 6 7 8 9 10 11 12 13 14 15 16 17 18 19 20 21 22 23 24 25
