-0.072467 -0.072467 -0.072467 -0.072467 -0.072467 -0.072467 -0.072467 -0.072467 -0.072467 -0.072467 -0.072467 -0.072467 -0.072467 -0.072467 -0.072467 -0.072467 -0.072467 -0.072467 -0.072467 -0.072467 -0.072467 -0.072467 -0.072467 -0.072467 -0.072467
-0.13225 -0.13225 -0.13225 -0.13225 -0.13225 -0.13225 -0.13225 -0.13225 -0.13225 -0.13225 -0.13225 -0.13225 -0.13225 -0.13225 -0.13225 -0.13225 -0.13225 -0.13225 -0.13225 -0.13225 -0.13225 -0.13225 -0.13225 -0.13225 -0.13225
-0.19119 -0.19119 -0.19119 -0.19119 -0.19119 -0.19119 -0.19119 -0.19119 -0.19119 -0.19119 -0.19119 -0.19119 -0.19119 -0.19119 -0.19119 -0.19119 -0.19119 -0.19119 -0.19119 -0.19119 -0.19119 -0.19119 -0.19119 -0.19119 -0.19119
1.1786 1.1786 1.1786 1.1786 1.1786 1.1786 1.1786 1.1786 1.1786 1.1786 1.1786 1.1786 1.1786 1.1786 1.1786 1.1786 1.1786 1.1786 1.1786 1.1786 1.1786 1.1786 1.1786 1.1786 1.1786
0.78345 0.78345 0.78345 0.78345 0.78345 0.78345 0.78345 0.78345 0.78345 0.78345 0.78345 0.78345 0.78345 0.78345 0.78345 0.78345 0.78345 0.78345 0.78345 0.78345 0.78345 0.78345 0.78345 0.78345 0.78345
1.1801 1.1801 1.1801 1.1801 1.1801 1.1801 1.1801 1.1801 1.1801 1.1801 1.1801 1.1801 1.1801 1.1801 1.1801 1.1801 1.1801 1.1801 1.1801 1.1801 1.1801 1.1801 1.1801 1.1801 1.1801
-0.19649 -0.19649 -0.19649 -0.19649 -0.19649 -0.19649 -0.19649 -0.19649 -0.19649 -0.19649 -0.19649 -0.19649 -0.19649 -0.19649 -0.19649 -0.19649 -0.19649 -0.19649 -0.19649 -0.19649 -0.19649 -0.19649 -0.19649 -0.19649 -0.19649
-0.13077 -0.13077 -0.13077 -0.13077 -0.13077 -0.13077 -0.13077 -0.13077 -0.13077 -0.13077 -0.13077 -0.13077 -0.13077 -0.13077 -0.13077 -0.13077 -0.13077 -0.13077 -0.13077 -0.13077 -0.13077 -0.13077 -0.13077 -0.13077 -0.13077
-0.0727 -0.0727 -0.0727 -0.0727 -0.0727 -0.0727 -0.0727 -0.0727 -0.0727 -0.0727 -0.0727 -0.0727 -0.0727 -0.0727 -0.0727 -0.0727 -0.0727 -0.0727 -0.0727 -0.0727 -0.0727 -0.0727 -0.0727 -0.0727 -0.0727
-0.050853 -0.050853 -0.050853 -0.050853 -0.050853 -0.050853 -0.050853 -0.050853 -0.050853 -0.050853 -0.050853 -0.050853 -0.050853 -0.050853 -0.050853 -0.050853 -0.050853 -0.050853 -0.050853 -0.050853 -0.050853 -0.050853 -0.050853 -0.050853 -0.050853
-0.029643 -0.029643 -0.029643 -0.029643 -0.029643 -0.029643 -0.029643 -0.029643 -0.029643 -0.029643 -0.029643 -0.029643 -0.029643 -0.029643 -0.029643 -0.029643 -0.029643 -0.029643 -0.029643 -0.029643 -0.029643 -0.029643 -0.029643 -0.029643 -0.029643
-0.10627 -0.10627 -0.10627 -0.10627 -0.10627 -0.10627 -0.10627 -0.10627 -0.10627 -0.10627 -0.10627 -0.10627 -0.10627 -0.10627 -0.10627 -0.10627 -0.10627 -0.10627 -0.10627 -0.10627 -0.10627 -0.10627 -0.10627 -0.10627 -0.10627
-0.24375 -0.24375 -0.24375 -0.24375 -0.24375 -0.24375 -0.24375 -0.24375 -0.24375 -0.24375 -0.24375 -0.24375 -0.24375 -0.24375 -0.24375 -0.24375 -0.24375 -0.24375 -0.24375 -0.24375 -0.24375 -0.24375 -0.24375 -0.24375 -0.24375
-0.81481 -0.81481 -0.81481 -0.81481 -0.81481 -0.81481 -0.81481 -0.81481 -0.81481 -0.81481 -0.81481 -0.81481 -0.81481 -0.81481 -0.81481 -0.81481 -0.81481 -0.81481 -0.81481 -0.81481 -0.81481 -0.81481 -0.81481 -0.81481 -0.81481
-3.1982 -3.1982 -3.1982 -3.1982 -3.1982 -3.1982 -3.1982 -3.1982 -3.1982 -3.1982 -3.1982 -3.1982 -3.1982 -3.1982 -3.1982 -3.1982 -3.1982 -3.1982 -3.1982 -3.1982 -3.1982 -3.1982 -3.1982 -3.1982 -3.1982
-1.992 -1.992 -1.992 -1.992 -1.992 -1.992 -1.992 -1.992 -1.992 -1.992 -1.992 -1.992 -1.992 -1.992 -1.992 -1.992 -1.992 -1.992 -1.992 -1.992 -1.992 -1.992 -1.992 -1.992 -1.992
-3.2 -3.2 -3.2 -3.2 -3.2 -3.2 -3.2 -3.2 -3.2 -3.2 -3.2 -3.2 -3.2 -3.2 -3.2 -3.2 -3.2 -3.2 -3.2 -3.2 -3.2 -3.2 -3.2 -3.2 -3.2
-0.79949 -0.79949 -0.79949 -0.79949 -0.79949 -0.79949 -0.79949 -0.79949 -0.79949 -0.79949 -0.79949 -0.79949 -0.79949 -0.79949 -0.79949 -0.79949 -0.79949 -0.79949 -0.79949 -0.79949 -0.79949 -0.79949 -0.79949 -0.79949 -0.79949
-0.2439 -0.2439 -0.2439 -0.2439 -0.2439 -0.2439 -0.2439 -0.2439 -0.2439 -0.2439 -0.2439 -0.2439 -0.2439 -0.2439 -0.2439 -0.2439 -0.2439 -0.2439 -0.2439 -0.2439 -0.2439 -0.2439 -0.2439 -0.2439 -0.2439
-0.10625 -0.10625 -0.10625 -0.10625 -0.10625 -0.10625 -0.10625 -0.10625 -0.10625 -0.10625 -0.10625 -0.10625 -0.10625 -0.10625 -0.10625 -0.10625 -0.10625 -0.10625 -0.10625 -0.10625 -0.10625 -0.10625 -0.10625 -0.10625 -0.10625
-0.068221 -0.068221 -0.068221 -0.068221 -0.068221 -0.068221 -0.068221 -0.068221 -0.068221 -0.068221 -0.068221 -0.068221 -0.068221 -0.068221 -0.068221 -0.068221 -0.068221 -0.068221 -0.068221 -0.068221 -0.068221 -0.068221 -0.068221 -0.068221 -0.068221
-0.035246 -0.035246 -0.035246 -0.035246 -0.035246 -0.035246 -0.035246 -0.035246 -0.035246 -0.035246 -0.035246 -0.035246 -0.035246 -0.035246 -0.035246 -0.035246 -0.035246 -0.035246 -0.035246 -0.035246 -0.035246 -0.035246 -0.035246 -0.035246 -0.035246
-0.12521 -0.12521 -0.12521 -0.12521 -0.12521 -0.12521 -0.12521 -0.12521 -0.12521 -0.12521 -0.12521 -0.12521 -0.12521 -0.12521 -0.12521 -0.12521 -0.12521 -0.12521 -0.12521 -0.12521 -0.12521 -0.12521 -0.12521 -0.12521 -0.12521
-0.26296 -0.26296 -0.26296 -0.26296 -0.26296 -0.26296 -0.26296 -0.26296 -0.26296 -0.26296 -0.26296 -0.26296 -0.26296 -0.26296 -0.26296 -0.26296 -0.26296 -0.26296 -0.26296 -0.26296 -0.26296 -0.26296 -0.26296 -0.26296 -0.26296
-0.6839 -0.6839 -0.6839 -0.6839 -0.6839 -0.6839 -0.6839 -0.6839 -0.6839 -0.6839 -0.6839 -0.6839 -0.6839 -0.6839 -0.6839 -0.6839 -0.6839 -0.6839 -0.6839 -0.6839 -0.6839 -0.6839 -0.6839 -0.6839 -0.6839
-0.96717 -0.96717 -0.96717 -0.96717 -0.96717 -0.96717 -0.96717 -0.96717 -0.96717 -0.96717 -0.96717 -0.96717 -0.96717 -0.96717 -0.96717 -0.96717 -0.96717 -0.96717 -0.96717 -0.96717 -0.96717 -0.96717 -0.96717 -0.96717 -0.96717
-0.48017 -0.48017 -0.48017 -0.48017 -0.48017 -0.48017 -0.48017 -0.48017 -0.48017 -0.48017 -0.48017 -0.48017 -0.48017 -0.48017 -0.48017 -0.48017 -0.48017 -0.48017 -0.48017 -0.48017 -0.48017 -0.48017 -0.48017 -0.48017 -0.48017
-0.96509 -0.96509 -0.96509 -0.96509 -0.96509 -0.96509 -0.96509 -0.96509 -0.96509 -0.96509 -0.96509 -0.96509 -0.96509 -0.96509 -0.96509 -0.96509 -0.96509 -0.96509 -0.96509 -0.96509 -0.96509 -0.96509 -0.96509 -0.96509 -0.96509
-0.68708 -0.68708 -0.68708 -0.68708 -0.68708 -0.68708 -0.68708 -0.68708 -0.68708 -0.68708 -0.68708 -0.68708 -0.68708 -0.68708 -0.68708 -0.68708 -0.68708 -0.68708 -0.68708 -0.68708 -0.68708 -0.68708 -0.68708 -0.68708 -0.68708
-0.26079 -0.26079 -0.26079 -0.26079 -0.26079 -0.26079 -0.26079 -0.26079 -0.26079 -0.26079 -0.26079 -0.26079 -0.26079 -0.26079 -0.26079 -0.26079 -0.26079 -0.26079 -0.26079 -0.26079 -0.26079 -0.26079 -0.26079 -0.26079 -0.26079
-0.12615 -0.12615 -0.12615 -0.12615 -0.12615 -0.12615 -0.12615 -0.12615 -0.12615 -0.12615 -0.12615 -0.12615 -0.12615 -0.12615 -0.12615 -0.12615 -0.12615 -0.12615 -0.12615 -0.12615 -0.12615 -0.12615 -0.12615 -0.12615 -0.12615
-0.082843 -0.082843 -0.082843 -0.082843 -0.082843 -0.082843 -0.082843 -0.082843 -0.082843 -0.082843 -0.082843 -0.082843 -0.082843 -0.082843 -0.082843 -0.082843 -0.082843 -0.082843 -0.082843 -0.082843 -0.082843 -0.082843 -0.082843 -0.082843 -0.082843
-0.046231 -0.046231 -0.046231 -0.046231 -0.046231 -0.046231 -0.046231 -0.046231 -0.046231 -0.046231 -0.046231 -0.046231 -0.046231 -0.046231 -0.046231 -0.046231 -0.046231 -0.046231 -0.046231 -0.046231 -0.046231 -0.046231 -0.046231 -0.046231 -0.046231
-0.14447 -0.14447 -0.14447 -0.14447 -0.14447 -0.14447 -0.14447 -0.14447 -0.14447 -0.14447 -0.14447 -0.14447 -0.14447 -0.14447 -0.14447 -0.14447 -0.14447 -0.14447 -0.14447 -0.14447 -0.14447 -0.14447 -0.14447 -0.14447 -0.14447
-0.32369 -0.32369 -0.32369 -0.32369 -0.32369 -0.32369 -0.32369 -0.32369 -0.32369 -0.32369 -0.32369 -0.32369 -0.32369 -0.32369 -0.32369 -0.32369 -0.32369 -0.32369 -0.32369 -0.32369 -0.32369 -0.32369 -0.32369 -0.32369 -0.32369
-1.041 -1.041 -1.041 -1.041 -1.041 -1.041 -1.041 -1.041 -1.041 -1.041 -1.041 -1.041 -1.041 -1.041 -1.041 -1.041 -1.041 -1.041 -1.041 -1.041 -1.041 -1.041 -1.041 -1.041 -1.041
-3.8151 -3.8151 -3.8151 -3.8151 -3.8151 -3.8151 -3.8151 -3.8151 -3.8151 -3.8151 -3.8151 -3.8151 -3.8151 -3.8151 -3.8151 -3.8151 -3.8151 -3.8151 -3.8151 -3.8151 -3.8151 -3.8151 -3.8151 -3.8151 -3.8151
-2.3192 -2.3192 -2.3192 -2.3192 -2.3192 -2.3192 -2.3192 -2.3192 -2.3192 -2.3192 -2.3192 -2.3192 -2.3192 -2.3192 -2.3192 -2.3192 -2.3192 -2.3192 -2.3192 -2.3192 -2.3192 -2.3192 -2.3192 -2.3192 -2.3192
-3.817 -3.817 -3.817 -3.817 -3.817 -3.817 -3.817 -3.817 -3.817 -3.817 -3.817 -3.817 -3.817 -3.817 -3.817 -3.817 -3.817 -3.817 -3.817 -3.817 -3.817 -3.817 -3.817 -3.817 -3.817
-1.0204 -1.0204 -1.0204 -1.0204 -1.0204 -1.0204 -1.0204 -1.0204 -1.0204 -1.0204 -1.0204 -1.0204 -1.0204 -1.0204 -1.0204 -1.0204 -1.0204 -1.0204 -1.0204 -1.0204 -1.0204 -1.0204 -1.0204 -1.0204 -1.0204
-0.32373 -0.32373 -0.32373 -0.32373 -0.32373 -0.32373 -0.32373 -0.32373 -0.32373 -0.32373 -0.32373 -0.32373 -0.32373 -0.32373 -0.32373 -0.32373 -0.32373 -0.32373 -0.32373 -0.32373 -0.32373 -0.32373 -0.32373 -0.32373 -0.32373
-0.14441 -0.14441 -0.14441 -0.14441 -0.14441 -0.14441 -0.14441 -0.14441 -0.14441 -0.14441 -0.14441 -0.14441 -0.14441 -0.14441 -0.14441 -0.14441 -0.14441 -0.14441 -0.14441 -0.14441 -0.14441 -0.14441 -0.14441 -0.14441 -0.14441
-0.094498 -0.094498 -0.094498 -0.094498 -0.094498 -0.094498 -0.094498 -0.094498 -0.094498 -0.094498 -0.094498 -0.094498 -0.094498 -0.094498 -0.094498 -0.094498 -0.094498 -0.094498 -0.094498 -0.094498 -0.094498 -0.094498 -0.094498 -0.094498 -0.094498
-0.049747 -0.049747 -0.049747 -0.049747 -0.049747 -0.049747 -0.049747 -0.049747 -0.049747 -0.049747 -0.049747 -0.049747 -0.049747 -0.049747 -0.049747 -0.049747 -0.049747 -0.049747 -0.049747 -0.049747 -0.049747 -0.049747 -0.049747 -0.049747 -0.049747
0.046218 0.046218 0.046218 0.046218 0.046218 0.046218 0.046218 0.046218 0.046218 0.046218 0.046218 0.046218 0.046218 0.046218 0.046218 0.046218 0.046218 0.046218 0.046218 0.046218 0.046218 0.046218 0.046218 0.046218 0.046218
0.17406 0.17406 0.17406 0.17406 0.17406 0.17406 0.17406 0.17406 0.17406 0.17406 0.17406 0.17406 0.17406 0.17406 0.17406 0.17406 0.17406 0.17406 0.17406 0.17406 0.17406 0.17406 0.17406 0.17406 0.17406
0.95162 0.95162 0.95162 0.95162 0.95162 0.95162 0.95162 0.95162 0.95162 0.95162 0.95162 0.95162 0.95162 0.95162 0.95162 0.95162 0.95162 0.95162 0.95162 0.95162 0.95162 0.95162 0.95162 0.95162 0.95162
4.4429 4.4429 4.4429 4.4429 4.4429 4.4429 4.4429 4.4429 4.4429 4.4429 4.4429 4.4429 4.4429 4.4429 4.4429 4.4429 4.4429 4.4429 4.4429 4.4429 4.4429 4.4429 4.4429 4.4429 4.4429
0.0004517 0.0004517 0.0004517 0.0004517 0.0004517 0.0004517 0.0004517 0.0004517 0.0004517 0.0004517 0.0004517 0.0004517 0.0004517 0.0004517 0.0004517 0.0004517 0.0004517 0.0004517 0.0004517 0.0004517 0.0004517 0.0004517 0.0004517 0.0004517 0.0004517
-4.4344 -4.4344 -4.4344 -4.4344 -4.4344 -4.4344 -4.4344 -4.4344 -4.4344 -4.4344 -4.4344 -4.4344 -4.4344 -4.4344 -4.4344 -4.4344 -4.4344 -4.4344 -4.4344 -4.4344 -4.4344 -4.4344 -4.4344 -4.4344 -4.4344
-0.94858 -0.94858 -0.94858 -0.94858 -0.94858 -0.94858 -0.94858 -0.94858 -0.94858 -0.94858 -0.94858 -0.94858 -0.94858 -0.94858 -0.94858 -0.94858 -0.94858 -0.94858 -0.94858 -0.94858 -0.94858 -0.94858 -0.94858 -0.94858 -0.94858
-0.17204 -0.17204 -0.17204 -0.17204 -0.17204 -0.17204 -0.17204 -0.17204 -0.17204 -0.17204 -0.17204 -0.17204 -0.17204 -0.17204 -0.17204 -0.17204 -0.17204 -0.17204 -0.17204 -0.17204 -0.17204 -0.17204 -0.17204 -0.17204 -0.17204
-0.046801 -0.046801 -0.046801 -0.046801 -0.046801 -0.046801 -0.046801 -0.046801 -0.046801 -0.046801 -0.046801 -0.046801 -0.046801 -0.046801 -0.046801 -0.046801 -0.046801 -0.046801 -0.046801 -0.046801 -0.046801 -0.046801 -0.046801 -0.046801 -0.046801
-0.019636 -0.019636 -0.019636 -0.019636 -0.019636 -0.019636 -0.019636 -0.019636 -0.019636 -0.019636 -0.019636 -0.019636 -0.019636 -0.019636 -0.019636 -0.019636 -0.019636 -0.019636 -0.019636 -0.019636 -0.019636 -0.019636 -0.019636 -0.019636 -0.019636
-0.0073402 -0.0073402 -0.0073402 -0.0073402 -0.0073402 -0.0073402 -0.0073402 -0.0073402 -0.0073402 -0.0073402 -0.0073402 -0.0073402 -0.0073402 -0.0073402 -0.0073402 -0.0073402 -0.0073402 -0.0073402 -0.0073402 -0.0073402 -0.0073402 -0.0073402 -0.0073402 -0.0073402 -0.0073402
0.030781 0.030781 0.030781 0.030781 0.030781 0.030781 0.030781 0.030781 0.030781 0.030781 0.030781 0.030781 0.030781 0.030781 0.030781 0.030781 0.030781 0.030781 0.030781 0.030781 0.030781 0.030781 0.030781 0.030781 0.030781
0.095199 0.095199 0.095199 0.095199 0.095199 0.095199 0.095199 0.095199 0.095199 0.095199 0.095199 0.095199 0.095199 0.095199 0.095199 0.095199 0.095199 0.095199 0.095199 0.095199 0.095199 0.095199 0.095199 0.095199 0.095199
0.36921 0.36921 0.36921 0.36921 0.36921 0.36921 0.36921 0.36921 0.36921 0.36921 0.36921 0.36921 0.36921 0.36921 0.36921 0.36921 0.36921 0.36921 0.36921 0.36921 0.36921 0.36921 0.36921 0.36921 0.36921
0.79706 0.79706 0.79706 0.79706 0.79706 0.79706 0.79706 0.79706 0.79706 0.79706 0.79706 0.79706 0.79706 0.79706 0.79706 0.79706 0.79706 0.79706 0.79706 0.79706 0.79706 0.79706 0.79706 0.79706 0.79706
0.0036556 0.0036556 0.0036556 0.0036556 0.0036556 0.0036556 0.0036556 0.0036556 0.0036556 0.0036556 0.0036556 0.0036556 0.0036556 0.0036556 0.0036556 0.0036556 0.0036556 0.0036556 0.0036556 0.0036556 0.0036556 0.0036556 0.0036556 0.0036556 0.0036556
-0.7974 -0.7974 -0.7974 -0.7974 -0.7974 -0.7974 -0.7974 -0.7974 -0.7974 -0.7974 -0.7974 -0.7974 -0.7974 -0.7974 -0.7974 -0.7974 -0.7974 -0.7974 -0.7974 -0.7974 -0.7974 -0.7974 -0.7974 -0.7974 -0.7974
-0.37278 -0.37278 -0.37278 -0.37278 -0.37278 -0.37278 -0.37278 -0.37278 -0.37278 -0.37278 -0.37278 -0.37278 -0.37278 -0.37278 -0.37278 -0.37278 -0.37278 -0.37278 -0.37278 -0.37278 -0.37278 -0.37278 -0.37278 -0.37278 -0.37278
-0.095061 -0.095061 -0.095061 -0.095061 -0.095061 -0.095061 -0.095061 -0.095061 -0.095061 -0.095061 -0.095061 -0.095061 -0.095061 -0.095061 -0.095061 -0.095061 -0.095061 -0.095061 -0.095061 -0.095061 -0.095061 -0.095061 -0.095061 -0.095061 -0.095061
-0.030184 -0.030184 -0.030184 -0.030184 -0.030184 -0.030184 -0.030184 -0.030184 -0.030184 -0.030184 -0.030184 -0.030184 -0.030184 -0.030184 -0.030184 -0.030184 -0.030184 -0.030184 -0.030184 -0.030184 -0.030184 -0.030184 -0.030184 -0.030184 -0.030184
-0.013919 -0.013919 -0.013919 -0.013919 -0.013919 -0.013919 -0.013919 -0.013919 -0.013919 -0.013919 -0.013919 -0.013919 -0.013919 -0.013919 -0.013919 -0.013919 -0.013919 -0.013919 -0.013919 -0.013919 -0.013919 -0.013919 -0.013919 -0.013919 -0.013919
-0.0061014 -0.0061014 -0.0061014 -0.0061014 -0.0061014 -0.0061014 -0.0061014 -0.0061014 -0.0061014 -0.0061014 -0.0061014 -0.0061014 -0.0061014 -0.0061014 -0.0061014 -0.0061014 -0.0061014 -0.0061014 -0.0061014 -0.0061014 -0.0061014 -0.0061014 -0.0061014 -0.0061014 -0.0061014
0 0 0 0 0 0 0 0 0 0 0 0 0 0 0 0 0 0 0 0 0 0 0 0 0
0 0 0 0 0 0 0 0 0 0 0 0 0 0 0 0 0 0 0 0 0 0 0 0 0
0 0 0 0 0 0 0 0 0 0 0 0 0 0 0 0 0 0 0 0 0 0 0 0 0
-0 -0 -0 -0 -0 -0 -0 -0 -0 -0 -0 -0 -0 -0 -0 -0 -0 -0 -0 -0 -0 -0 -0 -0 -0
-0 -0 -0 -0 -0 -0 -0 -0 -0 -0 -0 -0 -0 -0 -0 -0 -0 -0 -0 -0 -0 -0 -0 -0 -0
0 0 0 0 0 0 0 0 0 0 0 0 0 0 0 0 0 0 0 0 0 0 0 0 0
0 0 0 0 0 0 0 0 0 0 0 0 0 0 0 0 0 0 0 0 0 0 0 0 0
0 0 0 0 0 0 0 0 0 0 0 0 0 0 0 0 0 0 0 0 0 0 0 0 0
0 0 0 0 0 0 0 0 0 0 0 0 0 0 0 0 0 0 0 0 0 0 0 0 0
0 0 0 0 0 0 0 0 0 0 0 0 0 0 0 0 0 0 0 0 0 0 0 0 0
0 0 0 0 0 0 0 0 0 0 0 0 0 0 0 0 0 0 0 0 0 0 0 0 0
0 0 0 0 0 0 0 0 0 0 0 0 0 0 0 0 0 0 0 0 0 0 0 0 0
0 0 0 0 0 0 0 0 0 0 0 0 0 0 0 0 0 0 0 0 0 0 0 0 0
0 0 0 0 0 0 0 0 0 0 0 0 0 0 0 0 0 0 0 0 0 0 0 0 0
0 0 0 0 0 0 0 0 0 0 0 0 0 0 0 0 0 0 0 0 0 0 0 0 0
0 0 0 0 0 0 0 0 0 0 0 0 0 0 0 0 0 0 0 0 0 0 0 0 0
-0 -0 -0 -0 -0 -0 -0 -0 -0 -0 -0 -0 -0 -0 -0 -0 -0 -0 -0 -0 -0 -0 -0 -0 -0
0 0 0 0 0 0 0 0 0 0 0 0 0 0 0 0 0 0 0 0 0 0 0 0 0
0 0 0 0 0 0 0 0 0 0 0 0 0 0 0 0 0 0 0 0 0 0 0 0 0
0 0 0 0 0 0 0 0 0 0 0 0 0 0 0 0 0 0 0 0 0 0 0 0 0
0 0 0 0 0 0 0 0 0 0 0 0 0 0 0 0 0 0 0 0 0 0 0 0 0
0 0 0 0 0 0 0 0 0 0 0 0 0 0 0 0 0 0 0 0 0 0 0 0 0
0.0058811 0.0058811 0.0058811 0.0058811 0.0058811 0.0058811 0.0058811 0.0058811 0.0058811 0.0058811 0.0058811 0.0058811 0.0058811 0.0058811 0.0058811 0.0058811 0.0058811 0.0058811 0.0058811 0.0058811 0.0058811 0.0058811 0.0058811 0.0058811 0.0058811
0.058883 0.058883 0.058883 0.058883 0.058883 0.058883 0.058883 0.058883 0.058883 0.058883 0.058883 0.058883 0.058883 0.058883 0.058883 0.058883 0.058883 0.058883 0.058883 0.058883 0.058883 0.058883 0.058883 0.058883 0.058883
0.49576 0.49576 0.49576 0.49576 0.49576 0.49576 0.49576 0.49576 0.49576 0.49576 0.49576 0.49576 0.49576 0.49576 0.49576 0.49576 0.49576 0.49576 0.49576 0.49576 0.49576 0.49576 0.49576 0.49576 0.49576
0.8405 0.8405 0.8405 0.8405 0.8405 0.8405 0.8405 0.8405 0.8405 0.8405 0.8405 0.8405 0.8405 0.8405 0.8405 0.8405 0.8405 0.8405 0.8405 0.8405 0.8405 0.8405 0.8405 0.8405 0.8405
-2.3659 -2.3659 -2.3659 -2.3659 -2.3659 -2.3659 -2.3659 -2.3659 -2.3659 -2.3659 -2.3659 -2.3659 -2.3659 -2.3659 -2.3659 -2.3659 -2.3659 -2.3659 -2.3659 -2.3659 -2.3659 -2.3659 -2.3659 -2.3659 -2.3659
0.83761 0.83761 0.83761 0.83761 0.83761 0.83761 0.83761 0.83761 0.83761 0.83761 0.83761 0.83761 0.83761 0.83761 0.83761 0.83761 0.83761 0.83761 0.83761 0.83761 0.83761 0.83761 0.83761 0.83761 0.83761
0.49293 0.49293 0.49293 0.49293 0.49293 0.49293 0.49293 0.49293 0.49293 0.49293 0.49293 0.49293 0.49293 0.49293 0.49293 0.49293 0.49293 0.49293 0.49293 0.49293 0.49293 0.49293 0.49293 0.49293 0.49293
0.059464 0.059464 0.059464 0.059464 0.059464 0.059464 0.059464 0.059464 0.059464 0.059464 0.059464 0.059464 0.059464 0.059464 0.059464 0.059464 0.059464 0.059464 0.059464 0.059464 0.059464 0.059464 0.059464 0.059464 0.059464
0.0074398 0.0074398 0.0074398 0.0074398 0.0074398 0.0074398 0.0074398 0.0074398 0.0074398 0.0074398 0.0074398 0.0074398 0.0074398 0.0074398 0.0074398 0.0074398 0.0074398 0.0074398 0.0074398 0.0074398 0.0074398 0.0074398 0.0074398 0.0074398 0.0074398
-0.0024871 -0.0024871 -0.0024871 -0.0024871 -0.0024871 -0.0024871 -0.0024871 -0.0024871 -0.0024871 -0.0024871 -0.0024871 -0.0024871 -0.0024871 -0.0024871 -0.0024871 -0.0024871 -0.0024871 -0.0024871 -0.0024871 -0.0024871 -0.0024871 -0.0024871 -0.0024871 -0.0024871 -0.0024871
-0.0029114 -0.0029114 -0.0029114 -0.0029114 -0.0029114 -0.0029114 -0.0029114 -0.0029114 -0.0029114 -0.0029114 -0.0029114 -0.0029114 -0.0029114 -0.0029114 -0.0029114 -0.0029114 -0.0029114 -0.0029114 -0.0029114 -0.0029114 -0.0029114 -0.0029114 -0.0029114 -0.0029114 -0.0029114
-0.0063926 -0.0063926 -0.0063926 -0.0063926 -0.0063926 -0.0063926 -0.0063926 -0.0063926 -0.0063926 -0.0063926 -0.0063926 -0.0063926 -0.0063926 -0.0063926 -0.0063926 -0.0063926 -0.0063926 -0.0063926 -0.0063926 -0.0063926 -0.0063926 -0.0063926 -0.0063926 -0.0063926 -0.0063926
0.0014996 0.0014996 0.0014996 0.0014996 0.0014996 0.0014996 0.0014996 0.0014996 0.0014996 0.0014996 0.0014996 0.0014996 0.0014996 0.0014996 0.0014996 0.0014996 0.0014996 0.0014996 0.0014996 0.0014996 0.0014996 0.0014996 0.0014996 0.0014996 0.0014996
0.026087 0.026087 0.026087 0.026087 0.026087 0.026087 0.026087 0.026087 0.026087 0.026087 0.026087 0.026087 0.026087 0.026087 0.026087 0.026087 0.026087 0.026087 0.026087 0.026087 0.026087 0.026087 0.026087 0.026087 0.026087
-0.5254 -0.5254 -0.5254 -0.5254 -0.5254 -0.5254 -0.5254 -0.5254 -0.5254 -0.5254 -0.5254 -0.5254 -0.5254 -0.5254 -0.5254 -0.5254 -0.5254 -0.5254 -0.5254 -0.5254 -0.5254 -0.5254 -0.5254 -0.5254 -0.5254
-0.54777 -0.54777 -0.54777 -0.54777 -0.54777 -0.54777 -0.54777 -0.54777 -0.54777 -0.54777 -0.54777 -0.54777 -0.54777 -0.54777 -0.54777 -0.54777 -0.54777 -0.54777 -0.54777 -0.54777 -0.54777 -0.54777 -0.54777 -0.54777 -0.54777
-0.52373 -0.52373 -0.52373 -0.52373 -0.52373 -0.52373 -0.52373 -0.52373 -0.52373 -0.52373 -0.52373 -0.52373 -0.52373 -0.52373 -0.52373 -0.52373 -0.52373 -0.52373 -0.52373 -0.52373 -0.52373 -0.52373 -0.52373 -0.52373 -0.52373
0.028488 0.028488 0.028488 0.028488 0.028488 0.028488 0.028488 0.028488 0.028488 0.028488 0.028488 0.028488 0.028488 0.028488 0.028488 0.028488 0.028488 0.028488 0.028488 0.028488 0.028488 0.028488 0.028488 0.028488 0.028488
0.0014083 0.0014083 0.0014083 0.0014083 0.0014083 0.0014083 0.0014083 0.0014083 0.0014083 0.0014083 0.0014083 0.0014083 0.0014083 0.0014083 0.0014083 0.0014083 0.0014083 0.0014083 0.0014083 0.0014083 0.0014083 0.0014083 0.0014083 0.0014083 0.0014083
-0.0062523 -0.0062523 -0.0062523 -0.0062523 -0.0062523 -0.0062523 -0.0062523 -0.0062523 -0.0062523 -0.0062523 -0.0062523 -0.0062523 -0.0062523 -0.0062523 -0.0062523 -0.0062523 -0.0062523 -0.0062523 -0.0062523 -0.0062523 -0.0062523 -0.0062523 -0.0062523 -0.0062523 -0.0062523
-0.0066958 -0.0066958 -0.0066958 -0.0066958 -0.0066958 -0.0066958 -0.0066958 -0.0066958 -0.0066958 -0.0066958 -0.0066958 -0.0066958 -0.0066958 -0.0066958 -0.0066958 -0.0066958 -0.0066958 -0.0066958 -0.0066958 -0.0066958 -0.0066958 -0.0066958 -0.0066958 -0.0066958 -0.0066958
-0.0040635 -0.0040635 -0.0040635 -0.0040635 -0.0040635 -0.0040635 -0.0040635 -0.0040635 -0.0040635 -0.0040635 -0.0040635 -0.0040635 -0.0040635 -0.0040635 -0.0040635 -0.0040635 -0.0040635 -0.0040635 -0.0040635 -0.0040635 -0.0040635 -0.0040635 -0.0040635 -0.0040635 -0.0040635
0 0 0 0 0 0 0 0 0 0 0 0 0 0 0 0 0 0 0 0 0 0 0 0 0
0 0 0 0 0 0 0 0 0 0 0 0 0 0 0 0 0 0 0 0 0 0 0 0 0
0 0 0 0 0 0 0 0 0 0 0 0 0 0 0 0 0 0 0 0 0 0 0 0 0
-0 -0 -0 -0 -0 -0 -0 -0 -0 -0 -0 -0 -0 -0 -0 -0 -0 -0 -0 -0 -0 -0 -0 -0 -0
-0 -0 -0 -0 -0 -0 -0 -0 -0 -0 -0 -0 -0 -0 -0 -0 -0 -0 -0 -0 -0 -0 -0 -0 -0
0 0 0 0 0 0 0 0 0 0 0 0 0 0 0 0 0 0 0 0 0 0 0 0 0
0 0 0 0 0 0 0 0 0 0 0 0 0 0 0 0 0 0 0 0 0 0 0 0 0
0 0 0 0 0 0 0 0 0 0 0 0 0 0 0 0 0 0 0 0 0 0 0 0 0
0 0 0 0 0 0 0 0 0 0 0 0 0 0 0 0 0 0 0 0 0 0 0 0 0
0 0 0 0 0 0 0 0 0 0 0 0 0 0 0 0 0 0 0 0 0 0 0 0 0
0 0 0 0 0 0 0 0 0 0 0 0 0 0 0 0 0 0 0 0 0 0 0 0 0
0 0 0 0 0 0 0 0 0 0 0 0 0 0 0 0 0 0 0 0 0 0 0 0 0
0 0 0 0 0 0 0 0 0 0 0 0 0 0 0 0 0 0 0 0 0 0 0 0 0
0 0 0 0 0 0 0 0 0 0 0 0 0 0 0 0 0 0 0 0 0 0 0 0 0
0 0 0 0 0 0 0 0 0 0 0 0 0 0 0 0 0 0 0 0 0 0 0 0 0
0 0 0 0 0 0 0 0 0 0 0 0 0 0 0 0 0 0 0 0 0 0 0 0 0
-0 -0 -0 -0 -0 -0 -0 -0 -0 -0 -0 -0 -0 -0 -0 -0 -0 -0 -0 -0 -0 -0 -0 -0 -0
0 0 0 0 0 0 0 0 0 0 0 0 0 0 0 0 0 0 0 0 0 0 0 0 0
0 0 0 0 0 0 0 0 0 0 0 0 0 0 0 0 0 0 0 0 0 0 0 0 0
0 0 0 0 0 0 0 0 0 0 0 0 0 0 0 0 0 0 0 0 0 0 0 0 0
0 0 0 0 0 0 0 0 0 0 0 0 0 0 0 0 0 0 0 0 0 0 0 0 0
0 0 0 0 0 0 0 0 0 0 0 0 0 0 0 0 0 0 0 0 0 0 0 0 0
0 0 0 0 0 0 0 0 0 0 0 0 0 0 0 0 0 0 0 0 0 0 0 0 0
0 0 0 0 0 0 0 0 0 0 0 0 0 0 0 0 0 0 0 0 0 0 0 0 0
0 0 0 0 0 0 0 0 0 0 0 0 0 0 0 0 0 0 0 0 0 0 0 0 0
-0 -0 -0 -0 -0 -0 -0 -0 -0 -0 -0 -0 -0 -0 -0 -0 -0 -0 -0 -0 -0 -0 -0 -0 -0
-0 -0 -0 -0 -0 -0 -0 -0 -0 -0 -0 -0 -0 -0 -0 -0 -0 -0 -0 -0 -0 -0 -0 -0 -0
0 0 0 0 0 0 0 0 0 0 0 0 0 0 0 0 0 0 0 0 0 0 0 0 0
0 0 0 0 0 0 0 0 0 0 0 0 0 0 0 0 0 0 0 0 0 0 0 0 0
0 0 0 0 0 0 0 0 0 0 0 0 0 0 0 0 0 0 0 0 0 0 0 0 0
0 0 0 0 0 0 0 0 0 0 0 0 0 0 0 0 0 0 0 0 0 0 0 0 0
0 0 0 0 0 0 0 0 0 0 0 0 0 0 0 0 0 0 0 0 0 0 0 0 0
0 0 0 0 0 0 0 0 0 0 0 0 0 0 0 0 0 0 0 0 0 0 0 0 0
0 0 0 0 0 0 0 0 0 0 0 0 0 0 0 0 0 0 0 0 0 0 0 0 0
0 0 0 0 0 0 0 0 0 0 0 0 0 0 0 0 0 0 0 0 0 0 0 0 0
0 0 0 0 0 0 0 0 0 0 0 0 0 0 0 0 0 0 0 0 0 0 0 0 0
0 0 0 0 0 0 0 0 0 0 0 0 0 0 0 0 0 0 0 0 0 0 0 0 0
0 0 0 0 0 0 0 0 0 0 0 0 0 0 0 0 0 0 0 0 0 0 0 0 0
-0 -0 -0 -0 -0 -0 -0 -0 -0 -0 -0 -0 -0 -0 -0 -0 -0 -0 -0 -0 -0 -0 -0 -0 -0
0 0 0 0 0 0 0 0 0 0 0 0 0 0 0 0 0 0 0 0 0 0 0 0 0
0 0 0 0 0 0 0 0 0 0 0 0 0 0 0 0 0 0 0 0 0 0 0 0 0
0 0 0 0 0 0 0 0 0 0 0 0 0 0 0 0 0 0 0 0 0 0 0 0 0
0 0 0 0 0 0 0 0 0 0 0 0 0 0 0 0 0 0 0 0 0 0 0 0 0
0 0 0 0 0 0 0 0 0 0 0 0 0 0 0 0 0 0 0 0 0 0 0 0 0
0 0 0 0 0 0 0 0 0 0 0 0 0 0 0 0 0 0 0 0 0 0 0 0 0
0 0 0 0 0 0 0 0 0 0 0 0 0 0 0 0 0 0 0 0 0 0 0 0 0
0 0 0 0 0 0 0 0 0 0 0 0 0 0 0 0 0 0 0 0 0 0 0 0 0
-0 -0 -0 -0 -0 -0 -0 -0 -0 -0 -0 -0 -0 -0 -0 -0 -0 -0 -0 -0 -0 -0 -0 -0 -0
-0 -0 -0 -0 -0 -0 -0 -0 -0 -0 -0 -0 -0 -0 -0 -0 -0 -0 -0 -0 -0 -0 -0 -0 -0
0 0 0 0 0 0 0 0 0 0 0 0 0 0 0 0 0 0 0 0 0 0 0 0 0
0 0 0 0 0 0 0 0 0 0 0 0 0 0 0 0 0 0 0 0 0 0 0 0 0
0 0 0 0 0 0 0 0 0 0 0 0 0 0 0 0 0 0 0 0 0 0 0 0 0
0 0 0 0 0 0 0 0 0 0 0 0 0 0 0 0 0 0 0 0 0 0 0 0 0
0 0 0 0 0 0 0 0 0 0 0 0 0 0 0 0 0 0 0 0 0 0 0 0 0
0 0 0 0 0 0 0 0 0 0 0 0 0 0 0 0 0 0 0 0 0 0 0 0 0
0 0 0 0 0 0 0 0 0 0 0 0 0 0 0 0 0 0 0 0 0 0 0 0 0
0 0 0 0 0 0 0 0 0 0 0 0 0 0 0 0 0 0 0 0 0 0 0 0 0
0 0 0 0 0 0 0 0 0 0 0 0 0 0 0 0 0 0 0 0 0 0 0 0 0
0 0 0 0 0 0 0 0 0 0 0 0 0 0 0 0 0 0 0 0 0 0 0 0 0
0 0 0 0 0 0 0 0 0 0 0 0 0 0 0 0 0 0 0 0 0 0 0 0 0
-0 -0 -0 -0 -0 -0 -0 -0 -0 -0 -0 -0 -0 -0 -0 -0 -0 -0 -0 -0 -0 -0 -0 -0 -0
0 0 0 0 0 0 0 0 0 0 0 0 0 0 0 0 0 0 0 0 0 0 0 0 0
0 0 0 0 0 0 0 0 0 0 0 0 0 0 0 0 0 0 0 0 0 0 0 0 0
0 0 0 0 0 0 0 0 0 0 0 0 0 0 0 0 0 0 0 0 0 0 0 0 0
0 0 0 0 0 0 0 0 0 0 0 0 0 0 0 0 0 0 0 0 0 0 0 0 0
0 0 0 0 0 0 0 0 0 0 0 0 0 0 0 0 0 0 0 0 0 0 0 0 0
1 2 3 4 5 6 7 8 9 10 11 12 13 14 15 16 17 18 19 20 21 22 23 24 25
