-0.065869 -0.065869 -0.065869 -0.065869 -0.065869 -0.065869 -0.065869 -0.065869 -0.065869 -0.065869 -0.065869 -0.065869 -0.065869 -0.065869 -0.065869 -0.065869 -0.065869 -0.065869 -0.065869 -0.065869 -0.065869 -0.065869 -0.065869 -0.065869 -0.065869
-0.058759 -0.058759 -0.058759 -0.058759 -0.058759 -0.058759 -0.058759 -0.058759 -0.058759 -0.058759 -0.058759 -0.058759 -0.058759 -0.058759 -0.058759 -0.058759 -0.058759 -0.058759 -0.058759 -0.058759 -0.058759 -0.058759 -0.058759 -0.058759 -0.058759
0.43919 0.43919 0.43919 0.43919 0.43919 0.43919 0.43919 0.43919 0.43919 0.43919 0.43919 0.43919 0.43919 0.43919 0.43919 0.43919 0.43919 0.43919 0.43919 0.43919 0.43919 0.43919 0.43919 0.43919 0.43919
0.48281 0.48281 0.48281 0.48281 0.48281 0.48281 0.48281 0.48281 0.48281 0.48281 0.48281 0.48281 0.48281 0.48281 0.48281 0.48281 0.48281 0.48281 0.48281 0.48281 0.48281 0.48281 0.48281 0.48281 0.48281
0.48281 0.48281 0.48281 0.48281 0.48281 0.48281 0.48281 0.48281 0.48281 0.48281 0.48281 0.48281 0.48281 0.48281 0.48281 0.48281 0.48281 0.48281 0.48281 0.48281 0.48281 0.48281 0.48281 0.48281 0.48281
1.0789 1.0789 1.0789 1.0789 1.0789 1.0789 1.0789 1.0789 1.0789 1.0789 1.0789 1.0789 1.0789 1.0789 1.0789 1.0789 1.0789 1.0789 1.0789 1.0789 1.0789 1.0789 1.0789 1.0789 1.0789
0.14139 0.14139 0.14139 0.14139 0.14139 0.14139 0.14139 0.14139 0.14139 0.14139 0.14139 0.14139 0.14139 0.14139 0.14139 0.14139 0.14139 0.14139 0.14139 0.14139 0.14139 0.14139 0.14139 0.14139 0.14139
-0.10872 -0.10872 -0.10872 -0.10872 -0.10872 -0.10872 -0.10872 -0.10872 -0.10872 -0.10872 -0.10872 -0.10872 -0.10872 -0.10872 -0.10872 -0.10872 -0.10872 -0.10872 -0.10872 -0.10872 -0.10872 -0.10872 -0.10872 -0.10872 -0.10872
-0.078519 -0.078519 -0.078519 -0.078519 -0.078519 -0.078519 -0.078519 -0.078519 -0.078519 -0.078519 -0.078519 -0.078519 -0.078519 -0.078519 -0.078519 -0.078519 -0.078519 -0.078519 -0.078519 -0.078519 -0.078519 -0.078519 -0.078519 -0.078519 -0.078519
-0.061018 -0.061018 -0.061018 -0.061018 -0.061018 -0.061018 -0.061018 -0.061018 -0.061018 -0.061018 -0.061018 -0.061018 -0.061018 -0.061018 -0.061018 -0.061018 -0.061018 -0.061018 -0.061018 -0.061018 -0.061018 -0.061018 -0.061018 -0.061018 -0.061018
-0.036267 -0.036267 -0.036267 -0.036267 -0.036267 -0.036267 -0.036267 -0.036267 -0.036267 -0.036267 -0.036267 -0.036267 -0.036267 -0.036267 -0.036267 -0.036267 -0.036267 -0.036267 -0.036267 -0.036267 -0.036267 -0.036267 -0.036267 -0.036267 -0.036267
-0.10629 -0.10629 -0.10629 -0.10629 -0.10629 -0.10629 -0.10629 -0.10629 -0.10629 -0.10629 -0.10629 -0.10629 -0.10629 -0.10629 -0.10629 -0.10629 -0.10629 -0.10629 -0.10629 -0.10629 -0.10629 -0.10629 -0.10629 -0.10629 -0.10629
-0.22056 -0.22056 -0.22056 -0.22056 -0.22056 -0.22056 -0.22056 -0.22056 -0.22056 -0.22056 -0.22056 -0.22056 -0.22056 -0.22056 -0.22056 -0.22056 -0.22056 -0.22056 -0.22056 -0.22056 -0.22056 -0.22056 -0.22056 -0.22056 -0.22056
-0.68318 -0.68318 -0.68318 -0.68318 -0.68318 -0.68318 -0.68318 -0.68318 -0.68318 -0.68318 -0.68318 -0.68318 -0.68318 -0.68318 -0.68318 -0.68318 -0.68318 -0.68318 -0.68318 -0.68318 -0.68318 -0.68318 -0.68318 -0.68318 -0.68318
-3.5093 -3.5093 -3.5093 -3.5093 -3.5093 -3.5093 -3.5093 -3.5093 -3.5093 -3.5093 -3.5093 -3.5093 -3.5093 -3.5093 -3.5093 -3.5093 -3.5093 -3.5093 -3.5093 -3.5093 -3.5093 -3.5093 -3.5093 -3.5093 -3.5093
-2.5377 -2.5377 -2.5377 -2.5377 -2.5377 -2.5377 -2.5377 -2.5377 -2.5377 -2.5377 -2.5377 -2.5377 -2.5377 -2.5377 -2.5377 -2.5377 -2.5377 -2.5377 -2.5377 -2.5377 -2.5377 -2.5377 -2.5377 -2.5377 -2.5377
-3.7477 -3.7477 -3.7477 -3.7477 -3.7477 -3.7477 -3.7477 -3.7477 -3.7477 -3.7477 -3.7477 -3.7477 -3.7477 -3.7477 -3.7477 -3.7477 -3.7477 -3.7477 -3.7477 -3.7477 -3.7477 -3.7477 -3.7477 -3.7477 -3.7477
-0.77016 -0.77016 -0.77016 -0.77016 -0.77016 -0.77016 -0.77016 -0.77016 -0.77016 -0.77016 -0.77016 -0.77016 -0.77016 -0.77016 -0.77016 -0.77016 -0.77016 -0.77016 -0.77016 -0.77016 -0.77016 -0.77016 -0.77016 -0.77016 -0.77016
-0.24609 -0.24609 -0.24609 -0.24609 -0.24609 -0.24609 -0.24609 -0.24609 -0.24609 -0.24609 -0.24609 -0.24609 -0.24609 -0.24609 -0.24609 -0.24609 -0.24609 -0.24609 -0.24609 -0.24609 -0.24609 -0.24609 -0.24609 -0.24609 -0.24609
-0.11393 -0.11393 -0.11393 -0.11393 -0.11393 -0.11393 -0.11393 -0.11393 -0.11393 -0.11393 -0.11393 -0.11393 -0.11393 -0.11393 -0.11393 -0.11393 -0.11393 -0.11393 -0.11393 -0.11393 -0.11393 -0.11393 -0.11393 -0.11393 -0.11393
-0.077756 -0.077756 -0.077756 -0.077756 -0.077756 -0.077756 -0.077756 -0.077756 -0.077756 -0.077756 -0.077756 -0.077756 -0.077756 -0.077756 -0.077756 -0.077756 -0.077756 -0.077756 -0.077756 -0.077756 -0.077756 -0.077756 -0.077756 -0.077756 -0.077756
-0.041108 -0.041108 -0.041108 -0.041108 -0.041108 -0.041108 -0.041108 -0.041108 -0.041108 -0.041108 -0.041108 -0.041108 -0.041108 -0.041108 -0.041108 -0.041108 -0.041108 -0.041108 -0.041108 -0.041108 -0.041108 -0.041108 -0.041108 -0.041108 -0.041108
-0.1785 -0.1785 -0.1785 -0.1785 -0.1785 -0.1785 -0.1785 -0.1785 -0.1785 -0.1785 -0.1785 -0.1785 -0.1785 -0.1785 -0.1785 -0.1785 -0.1785 -0.1785 -0.1785 -0.1785 -0.1785 -0.1785 -0.1785 -0.1785 -0.1785
-0.43087 -0.43087 -0.43087 -0.43087 -0.43087 -0.43087 -0.43087 -0.43087 -0.43087 -0.43087 -0.43087 -0.43087 -0.43087 -0.43087 -0.43087 -0.43087 -0.43087 -0.43087 -0.43087 -0.43087 -0.43087 -0.43087 -0.43087 -0.43087 -0.43087
-1.5874 -1.5874 -1.5874 -1.5874 -1.5874 -1.5874 -1.5874 -1.5874 -1.5874 -1.5874 -1.5874 -1.5874 -1.5874 -1.5874 -1.5874 -1.5874 -1.5874 -1.5874 -1.5874 -1.5874 -1.5874 -1.5874 -1.5874 -1.5874 -1.5874
-0.36866 -0.36866 -0.36866 -0.36866 -0.36866 -0.36866 -0.36866 -0.36866 -0.36866 -0.36866 -0.36866 -0.36866 -0.36866 -0.36866 -0.36866 -0.36866 -0.36866 -0.36866 -0.36866 -0.36866 -0.36866 -0.36866 -0.36866 -0.36866 -0.36866
-0.36866 -0.36866 -0.36866 -0.36866 -0.36866 -0.36866 -0.36866 -0.36866 -0.36866 -0.36866 -0.36866 -0.36866 -0.36866 -0.36866 -0.36866 -0.36866 -0.36866 -0.36866 -0.36866 -0.36866 -0.36866 -0.36866 -0.36866 -0.36866 -0.36866
-0.89166 -0.89166 -0.89166 -0.89166 -0.89166 -0.89166 -0.89166 -0.89166 -0.89166 -0.89166 -0.89166 -0.89166 -0.89166 -0.89166 -0.89166 -0.89166 -0.89166 -0.89166 -0.89166 -0.89166 -0.89166 -0.89166 -0.89166 -0.89166 -0.89166
-1.1809 -1.1809 -1.1809 -1.1809 -1.1809 -1.1809 -1.1809 -1.1809 -1.1809 -1.1809 -1.1809 -1.1809 -1.1809 -1.1809 -1.1809 -1.1809 -1.1809 -1.1809 -1.1809 -1.1809 -1.1809 -1.1809 -1.1809 -1.1809 -1.1809
-0.35551 -0.35551 -0.35551 -0.35551 -0.35551 -0.35551 -0.35551 -0.35551 -0.35551 -0.35551 -0.35551 -0.35551 -0.35551 -0.35551 -0.35551 -0.35551 -0.35551 -0.35551 -0.35551 -0.35551 -0.35551 -0.35551 -0.35551 -0.35551 -0.35551
-0.16146 -0.16146 -0.16146 -0.16146 -0.16146 -0.16146 -0.16146 -0.16146 -0.16146 -0.16146 -0.16146 -0.16146 -0.16146 -0.16146 -0.16146 -0.16146 -0.16146 -0.16146 -0.16146 -0.16146 -0.16146 -0.16146 -0.16146 -0.16146 -0.16146
-0.10124 -0.10124 -0.10124 -0.10124 -0.10124 -0.10124 -0.10124 -0.10124 -0.10124 -0.10124 -0.10124 -0.10124 -0.10124 -0.10124 -0.10124 -0.10124 -0.10124 -0.10124 -0.10124 -0.10124 -0.10124 -0.10124 -0.10124 -0.10124 -0.10124
-0.056004 -0.056004 -0.056004 -0.056004 -0.056004 -0.056004 -0.056004 -0.056004 -0.056004 -0.056004 -0.056004 -0.056004 -0.056004 -0.056004 -0.056004 -0.056004 -0.056004 -0.056004 -0.056004 -0.056004 -0.056004 -0.056004 -0.056004 -0.056004 -0.056004
-0.17988 -0.17988 -0.17988 -0.17988 -0.17988 -0.17988 -0.17988 -0.17988 -0.17988 -0.17988 -0.17988 -0.17988 -0.17988 -0.17988 -0.17988 -0.17988 -0.17988 -0.17988 -0.17988 -0.17988 -0.17988 -0.17988 -0.17988 -0.17988 -0.17988
-0.41316 -0.41316 -0.41316 -0.41316 -0.41316 -0.41316 -0.41316 -0.41316 -0.41316 -0.41316 -0.41316 -0.41316 -0.41316 -0.41316 -0.41316 -0.41316 -0.41316 -0.41316 -0.41316 -0.41316 -0.41316 -0.41316 -0.41316 -0.41316 -0.41316
-1.3723 -1.3723 -1.3723 -1.3723 -1.3723 -1.3723 -1.3723 -1.3723 -1.3723 -1.3723 -1.3723 -1.3723 -1.3723 -1.3723 -1.3723 -1.3723 -1.3723 -1.3723 -1.3723 -1.3723 -1.3723 -1.3723 -1.3723 -1.3723 -1.3723
-4.4688 -4.4688 -4.4688 -4.4688 -4.4688 -4.4688 -4.4688 -4.4688 -4.4688 -4.4688 -4.4688 -4.4688 -4.4688 -4.4688 -4.4688 -4.4688 -4.4688 -4.4688 -4.4688 -4.4688 -4.4688 -4.4688 -4.4688 -4.4688 -4.4688
-2.3978 -2.3978 -2.3978 -2.3978 -2.3978 -2.3978 -2.3978 -2.3978 -2.3978 -2.3978 -2.3978 -2.3978 -2.3978 -2.3978 -2.3978 -2.3978 -2.3978 -2.3978 -2.3978 -2.3978 -2.3978 -2.3978 -2.3978 -2.3978 -2.3978
-4.1365 -4.1365 -4.1365 -4.1365 -4.1365 -4.1365 -4.1365 -4.1365 -4.1365 -4.1365 -4.1365 -4.1365 -4.1365 -4.1365 -4.1365 -4.1365 -4.1365 -4.1365 -4.1365 -4.1365 -4.1365 -4.1365 -4.1365 -4.1365 -4.1365
-1.1973 -1.1973 -1.1973 -1.1973 -1.1973 -1.1973 -1.1973 -1.1973 -1.1973 -1.1973 -1.1973 -1.1973 -1.1973 -1.1973 -1.1973 -1.1973 -1.1973 -1.1973 -1.1973 -1.1973 -1.1973 -1.1973 -1.1973 -1.1973 -1.1973
-0.3758 -0.3758 -0.3758 -0.3758 -0.3758 -0.3758 -0.3758 -0.3758 -0.3758 -0.3758 -0.3758 -0.3758 -0.3758 -0.3758 -0.3758 -0.3758 -0.3758 -0.3758 -0.3758 -0.3758 -0.3758 -0.3758 -0.3758 -0.3758 -0.3758
-0.17045 -0.17045 -0.17045 -0.17045 -0.17045 -0.17045 -0.17045 -0.17045 -0.17045 -0.17045 -0.17045 -0.17045 -0.17045 -0.17045 -0.17045 -0.17045 -0.17045 -0.17045 -0.17045 -0.17045 -0.17045 -0.17045 -0.17045 -0.17045 -0.17045
-0.11039 -0.11039 -0.11039 -0.11039 -0.11039 -0.11039 -0.11039 -0.11039 -0.11039 -0.11039 -0.11039 -0.11039 -0.11039 -0.11039 -0.11039 -0.11039 -0.11039 -0.11039 -0.11039 -0.11039 -0.11039 -0.11039 -0.11039 -0.11039 -0.11039
-0.05826 -0.05826 -0.05826 -0.05826 -0.05826 -0.05826 -0.05826 -0.05826 -0.05826 -0.05826 -0.05826 -0.05826 -0.05826 -0.05826 -0.05826 -0.05826 -0.05826 -0.05826 -0.05826 -0.05826 -0.05826 -0.05826 -0.05826 -0.05826 -0.05826
0.38462 0.38462 0.38462 0.38462 0.38462 0.38462 0.38462 0.38462 0.38462 0.38462 0.38462 0.38462 0.38462 0.38462 0.38462 0.38462 0.38462 0.38462 0.38462 0.38462 0.38462 0.38462 0.38462 0.38462 0.38462
1.5267 1.5267 1.5267 1.5267 1.5267 1.5267 1.5267 1.5267 1.5267 1.5267 1.5267 1.5267 1.5267 1.5267 1.5267 1.5267 1.5267 1.5267 1.5267 1.5267 1.5267 1.5267 1.5267 1.5267 1.5267
9.4034 9.4034 9.4034 9.4034 9.4034 9.4034 9.4034 9.4034 9.4034 9.4034 9.4034 9.4034 9.4034 9.4034 9.4034 9.4034 9.4034 9.4034 9.4034 9.4034 9.4034 9.4034 9.4034 9.4034 9.4034
0.99344 0.99344 0.99344 0.99344 0.99344 0.99344 0.99344 0.99344 0.99344 0.99344 0.99344 0.99344 0.99344 0.99344 0.99344 0.99344 0.99344 0.99344 0.99344 0.99344 0.99344 0.99344 0.99344 0.99344 0.99344
0.99344 0.99344 0.99344 0.99344 0.99344 0.99344 0.99344 0.99344 0.99344 0.99344 0.99344 0.99344 0.99344 0.99344 0.99344 0.99344 0.99344 0.99344 0.99344 0.99344 0.99344 0.99344 0.99344 0.99344 0.99344
-5.7421 -5.7421 -5.7421 -5.7421 -5.7421 -5.7421 -5.7421 -5.7421 -5.7421 -5.7421 -5.7421 -5.7421 -5.7421 -5.7421 -5.7421 -5.7421 -5.7421 -5.7421 -5.7421 -5.7421 -5.7421 -5.7421 -5.7421 -5.7421 -5.7421
2.7615 2.7615 2.7615 2.7615 2.7615 2.7615 2.7615 2.7615 2.7615 2.7615 2.7615 2.7615 2.7615 2.7615 2.7615 2.7615 2.7615 2.7615 2.7615 2.7615 2.7615 2.7615 2.7615 2.7615 2.7615
0.33881 0.33881 0.33881 0.33881 0.33881 0.33881 0.33881 0.33881 0.33881 0.33881 0.33881 0.33881 0.33881 0.33881 0.33881 0.33881 0.33881 0.33881 0.33881 0.33881 0.33881 0.33881 0.33881 0.33881 0.33881
0.076574 0.076574 0.076574 0.076574 0.076574 0.076574 0.076574 0.076574 0.076574 0.076574 0.076574 0.076574 0.076574 0.076574 0.076574 0.076574 0.076574 0.076574 0.076574 0.076574 0.076574 0.076574 0.076574 0.076574 0.076574
0.010075 0.010075 0.010075 0.010075 0.010075 0.010075 0.010075 0.010075 0.010075 0.010075 0.010075 0.010075 0.010075 0.010075 0.010075 0.010075 0.010075 0.010075 0.010075 0.010075 0.010075 0.010075 0.010075 0.010075 0.010075
0.0028832 0.0028832 0.0028832 0.0028832 0.0028832 0.0028832 0.0028832 0.0028832 0.0028832 0.0028832 0.0028832 0.0028832 0.0028832 0.0028832 0.0028832 0.0028832 0.0028832 0.0028832 0.0028832 0.0028832 0.0028832 0.0028832 0.0028832 0.0028832 0.0028832
0.21337 0.21337 0.21337 0.21337 0.21337 0.21337 0.21337 0.21337 0.21337 0.21337 0.21337 0.21337 0.21337 0.21337 0.21337 0.21337 0.21337 0.21337 0.21337 0.21337 0.21337 0.21337 0.21337 0.21337 0.21337
0.68 0.68 0.68 0.68 0.68 0.68 0.68 0.68 0.68 0.68 0.68 0.68 0.68 0.68 0.68 0.68 0.68 0.68 0.68 0.68 0.68 0.68 0.68 0.68 0.68
2.7371 2.7371 2.7371 2.7371 2.7371 2.7371 2.7371 2.7371 2.7371 2.7371 2.7371 2.7371 2.7371 2.7371 2.7371 2.7371 2.7371 2.7371 2.7371 2.7371 2.7371 2.7371 2.7371 2.7371 2.7371
2.3264 2.3264 2.3264 2.3264 2.3264 2.3264 2.3264 2.3264 2.3264 2.3264 2.3264 2.3264 2.3264 2.3264 2.3264 2.3264 2.3264 2.3264 2.3264 2.3264 2.3264 2.3264 2.3264 2.3264 2.3264
-2.7186 -2.7186 -2.7186 -2.7186 -2.7186 -2.7186 -2.7186 -2.7186 -2.7186 -2.7186 -2.7186 -2.7186 -2.7186 -2.7186 -2.7186 -2.7186 -2.7186 -2.7186 -2.7186 -2.7186 -2.7186 -2.7186 -2.7186 -2.7186 -2.7186
-3.1175 -3.1175 -3.1175 -3.1175 -3.1175 -3.1175 -3.1175 -3.1175 -3.1175 -3.1175 -3.1175 -3.1175 -3.1175 -3.1175 -3.1175 -3.1175 -3.1175 -3.1175 -3.1175 -3.1175 -3.1175 -3.1175 -3.1175 -3.1175 -3.1175
0.33465 0.33465 0.33465 0.33465 0.33465 0.33465 0.33465 0.33465 0.33465 0.33465 0.33465 0.33465 0.33465 0.33465 0.33465 0.33465 0.33465 0.33465 0.33465 0.33465 0.33465 0.33465 0.33465 0.33465 0.33465
0.083686 0.083686 0.083686 0.083686 0.083686 0.083686 0.083686 0.083686 0.083686 0.083686 0.083686 0.083686 0.083686 0.083686 0.083686 0.083686 0.083686 0.083686 0.083686 0.083686 0.083686 0.083686 0.083686 0.083686 0.083686
0.030178 0.030178 0.030178 0.030178 0.030178 0.030178 0.030178 0.030178 0.030178 0.030178 0.030178 0.030178 0.030178 0.030178 0.030178 0.030178 0.030178 0.030178 0.030178 0.030178 0.030178 0.030178 0.030178 0.030178 0.030178
0.0032404 0.0032404 0.0032404 0.0032404 0.0032404 0.0032404 0.0032404 0.0032404 0.0032404 0.0032404 0.0032404 0.0032404 0.0032404 0.0032404 0.0032404 0.0032404 0.0032404 0.0032404 0.0032404 0.0032404 0.0032404 0.0032404 0.0032404 0.0032404 0.0032404
0.00019409 0.00019409 0.00019409 0.00019409 0.00019409 0.00019409 0.00019409 0.00019409 0.00019409 0.00019409 0.00019409 0.00019409 0.00019409 0.00019409 0.00019409 0.00019409 0.00019409 0.00019409 0.00019409 0.00019409 0.00019409 0.00019409 0.00019409 0.00019409 0.00019409
0 0 0 0 0 0 0 0 0 0 0 0 0 0 0 0 0 0 0 0 0 0 0 0 0
0 0 0 0 0 0 0 0 0 0 0 0 0 0 0 0 0 0 0 0 0 0 0 0 0
-0 -0 -0 -0 -0 -0 -0 -0 -0 -0 -0 -0 -0 -0 -0 -0 -0 -0 -0 -0 -0 -0 -0 -0 -0
-0 -0 -0 -0 -0 -0 -0 -0 -0 -0 -0 -0 -0 -0 -0 -0 -0 -0 -0 -0 -0 -0 -0 -0 -0
0 0 0 0 0 0 0 0 0 0 0 0 0 0 0 0 0 0 0 0 0 0 0 0 0
0 0 0 0 0 0 0 0 0 0 0 0 0 0 0 0 0 0 0 0 0 0 0 0 0
0 0 0 0 0 0 0 0 0 0 0 0 0 0 0 0 0 0 0 0 0 0 0 0 0
0 0 0 0 0 0 0 0 0 0 0 0 0 0 0 0 0 0 0 0 0 0 0 0 0
0 0 0 0 0 0 0 0 0 0 0 0 0 0 0 0 0 0 0 0 0 0 0 0 0
0 0 0 0 0 0 0 0 0 0 0 0 0 0 0 0 0 0 0 0 0 0 0 0 0
0 0 0 0 0 0 0 0 0 0 0 0 0 0 0 0 0 0 0 0 0 0 0 0 0
0 0 0 0 0 0 0 0 0 0 0 0 0 0 0 0 0 0 0 0 0 0 0 0 0
0 0 0 0 0 0 0 0 0 0 0 0 0 0 0 0 0 0 0 0 0 0 0 0 0
0 0 0 0 0 0 0 0 0 0 0 0 0 0 0 0 0 0 0 0 0 0 0 0 0
0 0 0 0 0 0 0 0 0 0 0 0 0 0 0 0 0 0 0 0 0 0 0 0 0
0 0 0 0 0 0 0 0 0 0 0 0 0 0 0 0 0 0 0 0 0 0 0 0 0
-0 -0 -0 -0 -0 -0 -0 -0 -0 -0 -0 -0 -0 -0 -0 -0 -0 -0 -0 -0 -0 -0 -0 -0 -0
0 0 0 0 0 0 0 0 0 0 0 0 0 0 0 0 0 0 0 0 0 0 0 0 0
0 0 0 0 0 0 0 0 0 0 0 0 0 0 0 0 0 0 0 0 0 0 0 0 0
0 0 0 0 0 0 0 0 0 0 0 0 0 0 0 0 0 0 0 0 0 0 0 0 0
0 0 0 0 0 0 0 0 0 0 0 0 0 0 0 0 0 0 0 0 0 0 0 0 0
0 0 0 0 0 0 0 0 0 0 0 0 0 0 0 0 0 0 0 0 0 0 0 0 0
0.26157 0.26157 0.26157 0.26157 0.26157 0.26157 0.26157 0.26157 0.26157 0.26157 0.26157 0.26157 0.26157 0.26157 0.26157 0.26157 0.26157 0.26157 0.26157 0.26157 0.26157 0.26157 0.26157 0.26157 0.26157
1.052 1.052 1.052 1.052 1.052 1.052 1.052 1.052 1.052 1.052 1.052 1.052 1.052 1.052 1.052 1.052 1.052 1.052 1.052 1.052 1.052 1.052 1.052 1.052 1.052
6.5785 6.5785 6.5785 6.5785 6.5785 6.5785 6.5785 6.5785 6.5785 6.5785 6.5785 6.5785 6.5785 6.5785 6.5785 6.5785 6.5785 6.5785 6.5785 6.5785 6.5785 6.5785 6.5785 6.5785 6.5785
-0.55991 -0.55991 -0.55991 -0.55991 -0.55991 -0.55991 -0.55991 -0.55991 -0.55991 -0.55991 -0.55991 -0.55991 -0.55991 -0.55991 -0.55991 -0.55991 -0.55991 -0.55991 -0.55991 -0.55991 -0.55991 -0.55991 -0.55991 -0.55991 -0.55991
-0.55991 -0.55991 -0.55991 -0.55991 -0.55991 -0.55991 -0.55991 -0.55991 -0.55991 -0.55991 -0.55991 -0.55991 -0.55991 -0.55991 -0.55991 -0.55991 -0.55991 -0.55991 -0.55991 -0.55991 -0.55991 -0.55991 -0.55991 -0.55991 -0.55991
0.26701 0.26701 0.26701 0.26701 0.26701 0.26701 0.26701 0.26701 0.26701 0.26701 0.26701 0.26701 0.26701 0.26701 0.26701 0.26701 0.26701 0.26701 0.26701 0.26701 0.26701 0.26701 0.26701 0.26701 0.26701
2.9471 2.9471 2.9471 2.9471 2.9471 2.9471 2.9471 2.9471 2.9471 2.9471 2.9471 2.9471 2.9471 2.9471 2.9471 2.9471 2.9471 2.9471 2.9471 2.9471 2.9471 2.9471 2.9471 2.9471 2.9471
0.40512 0.40512 0.40512 0.40512 0.40512 0.40512 0.40512 0.40512 0.40512 0.40512 0.40512 0.40512 0.40512 0.40512 0.40512 0.40512 0.40512 0.40512 0.40512 0.40512 0.40512 0.40512 0.40512 0.40512 0.40512
0.098184 0.098184 0.098184 0.098184 0.098184 0.098184 0.098184 0.098184 0.098184 0.098184 0.098184 0.098184 0.098184 0.098184 0.098184 0.098184 0.098184 0.098184 0.098184 0.098184 0.098184 0.098184 0.098184 0.098184 0.098184
0.024094 0.024094 0.024094 0.024094 0.024094 0.024094 0.024094 0.024094 0.024094 0.024094 0.024094 0.024094 0.024094 0.024094 0.024094 0.024094 0.024094 0.024094 0.024094 0.024094 0.024094 0.024094 0.024094 0.024094 0.024094
0.007835 0.007835 0.007835 0.007835 0.007835 0.007835 0.007835 0.007835 0.007835 0.007835 0.007835 0.007835 0.007835 0.007835 0.007835 0.007835 0.007835 0.007835 0.007835 0.007835 0.007835 0.007835 0.007835 0.007835 0.007835
0.13105 0.13105 0.13105 0.13105 0.13105 0.13105 0.13105 0.13105 0.13105 0.13105 0.13105 0.13105 0.13105 0.13105 0.13105 0.13105 0.13105 0.13105 0.13105 0.13105 0.13105 0.13105 0.13105 0.13105 0.13105
0.42526 0.42526 0.42526 0.42526 0.42526 0.42526 0.42526 0.42526 0.42526 0.42526 0.42526 0.42526 0.42526 0.42526 0.42526 0.42526 0.42526 0.42526 0.42526 0.42526 0.42526 0.42526 0.42526 0.42526 0.42526
1.7162 1.7162 1.7162 1.7162 1.7162 1.7162 1.7162 1.7162 1.7162 1.7162 1.7162 1.7162 1.7162 1.7162 1.7162 1.7162 1.7162 1.7162 1.7162 1.7162 1.7162 1.7162 1.7162 1.7162 1.7162
0.64095 0.64095 0.64095 0.64095 0.64095 0.64095 0.64095 0.64095 0.64095 0.64095 0.64095 0.64095 0.64095 0.64095 0.64095 0.64095 0.64095 0.64095 0.64095 0.64095 0.64095 0.64095 0.64095 0.64095 0.64095
-2.4252 -2.4252 -2.4252 -2.4252 -2.4252 -2.4252 -2.4252 -2.4252 -2.4252 -2.4252 -2.4252 -2.4252 -2.4252 -2.4252 -2.4252 -2.4252 -2.4252 -2.4252 -2.4252 -2.4252 -2.4252 -2.4252 -2.4252 -2.4252 -2.4252
-2.3232 -2.3232 -2.3232 -2.3232 -2.3232 -2.3232 -2.3232 -2.3232 -2.3232 -2.3232 -2.3232 -2.3232 -2.3232 -2.3232 -2.3232 -2.3232 -2.3232 -2.3232 -2.3232 -2.3232 -2.3232 -2.3232 -2.3232 -2.3232 -2.3232
0.40219 0.40219 0.40219 0.40219 0.40219 0.40219 0.40219 0.40219 0.40219 0.40219 0.40219 0.40219 0.40219 0.40219 0.40219 0.40219 0.40219 0.40219 0.40219 0.40219 0.40219 0.40219 0.40219 0.40219 0.40219
0.10034 0.10034 0.10034 0.10034 0.10034 0.10034 0.10034 0.10034 0.10034 0.10034 0.10034 0.10034 0.10034 0.10034 0.10034 0.10034 0.10034 0.10034 0.10034 0.10034 0.10034 0.10034 0.10034 0.10034 0.10034
0.034744 0.034744 0.034744 0.034744 0.034744 0.034744 0.034744 0.034744 0.034744 0.034744 0.034744 0.034744 0.034744 0.034744 0.034744 0.034744 0.034744 0.034744 0.034744 0.034744 0.034744 0.034744 0.034744 0.034744 0.034744
0.0069616 0.0069616 0.0069616 0.0069616 0.0069616 0.0069616 0.0069616 0.0069616 0.0069616 0.0069616 0.0069616 0.0069616 0.0069616 0.0069616 0.0069616 0.0069616 0.0069616 0.0069616 0.0069616 0.0069616 0.0069616 0.0069616 0.0069616 0.0069616 0.0069616
0.0023791 0.0023791 0.0023791 0.0023791 0.0023791 0.0023791 0.0023791 0.0023791 0.0023791 0.0023791 0.0023791 0.0023791 0.0023791 0.0023791 0.0023791 0.0023791 0.0023791 0.0023791 0.0023791 0.0023791 0.0023791 0.0023791 0.0023791 0.0023791 0.0023791
0 0 0 0 0 0 0 0 0 0 0 0 0 0 0 0 0 0 0 0 0 0 0 0 0
0 0 0 0 0 0 0 0 0 0 0 0 0 0 0 0 0 0 0 0 0 0 0 0 0
-0 -0 -0 -0 -0 -0 -0 -0 -0 -0 -0 -0 -0 -0 -0 -0 -0 -0 -0 -0 -0 -0 -0 -0 -0
-0 -0 -0 -0 -0 -0 -0 -0 -0 -0 -0 -0 -0 -0 -0 -0 -0 -0 -0 -0 -0 -0 -0 -0 -0
0 0 0 0 0 0 0 0 0 0 0 0 0 0 0 0 0 0 0 0 0 0 0 0 0
0 0 0 0 0 0 0 0 0 0 0 0 0 0 0 0 0 0 0 0 0 0 0 0 0
0 0 0 0 0 0 0 0 0 0 0 0 0 0 0 0 0 0 0 0 0 0 0 0 0
0 0 0 0 0 0 0 0 0 0 0 0 0 0 0 0 0 0 0 0 0 0 0 0 0
0 0 0 0 0 0 0 0 0 0 0 0 0 0 0 0 0 0 0 0 0 0 0 0 0
0 0 0 0 0 0 0 0 0 0 0 0 0 0 0 0 0 0 0 0 0 0 0 0 0
0 0 0 0 0 0 0 0 0 0 0 0 0 0 0 0 0 0 0 0 0 0 0 0 0
0 0 0 0 0 0 0 0 0 0 0 0 0 0 0 0 0 0 0 0 0 0 0 0 0
0 0 0 0 0 0 0 0 0 0 0 0 0 0 0 0 0 0 0 0 0 0 0 0 0
0 0 0 0 0 0 0 0 0 0 0 0 0 0 0 0 0 0 0 0 0 0 0 0 0
0 0 0 0 0 0 0 0 0 0 0 0 0 0 0 0 0 0 0 0 0 0 0 0 0
0 0 0 0 0 0 0 0 0 0 0 0 0 0 0 0 0 0 0 0 0 0 0 0 0
-0 -0 -0 -0 -0 -0 -0 -0 -0 -0 -0 -0 -0 -0 -0 -0 -0 -0 -0 -0 -0 -0 -0 -0 -0
0 0 0 0 0 0 0 0 0 0 0 0 0 0 0 0 0 0 0 0 0 0 0 0 0
0 0 0 0 0 0 0 0 0 0 0 0 0 0 0 0 0 0 0 0 0 0 0 0 0
0 0 0 0 0 0 0 0 0 0 0 0 0 0 0 0 0 0 0 0 0 0 0 0 0
0 0 0 0 0 0 0 0 0 0 0 0 0 0 0 0 0 0 0 0 0 0 0 0 0
0 0 0 0 0 0 0 0 0 0 0 0 0 0 0 0 0 0 0 0 0 0 0 0 0
0 0 0 0 0 0 0 0 0 0 0 0 0 0 0 0 0 0 0 0 0 0 0 0 0
0 0 0 0 0 0 0 0 0 0 0 0 0 0 0 0 0 0 0 0 0 0 0 0 0
-0 -0 -0 -0 -0 -0 -0 -0 -0 -0 -0 -0 -0 -0 -0 -0 -0 -0 -0 -0 -0 -0 -0 -0 -0
-0 -0 -0 -0 -0 -0 -0 -0 -0 -0 -0 -0 -0 -0 -0 -0 -0 -0 -0 -0 -0 -0 -0 -0 -0
0 0 0 0 0 0 0 0 0 0 0 0 0 0 0 0 0 0 0 0 0 0 0 0 0
0 0 0 0 0 0 0 0 0 0 0 0 0 0 0 0 0 0 0 0 0 0 0 0 0
0 0 0 0 0 0 0 0 0 0 0 0 0 0 0 0 0 0 0 0 0 0 0 0 0
0 0 0 0 0 0 0 0 0 0 0 0 0 0 0 0 0 0 0 0 0 0 0 0 0
0 0 0 0 0 0 0 0 0 0 0 0 0 0 0 0 0 0 0 0 0 0 0 0 0
0 0 0 0 0 0 0 0 0 0 0 0 0 0 0 0 0 0 0 0 0 0 0 0 0
0 0 0 0 0 0 0 0 0 0 0 0 0 0 0 0 0 0 0 0 0 0 0 0 0
0 0 0 0 0 0 0 0 0 0 0 0 0 0 0 0 0 0 0 0 0 0 0 0 0
0 0 0 0 0 0 0 0 0 0 0 0 0 0 0 0 0 0 0 0 0 0 0 0 0
0 0 0 0 0 0 0 0 0 0 0 0 0 0 0 0 0 0 0 0 0 0 0 0 0
0 0 0 0 0 0 0 0 0 0 0 0 0 0 0 0 0 0 0 0 0 0 0 0 0
0 0 0 0 0 0 0 0 0 0 0 0 0 0 0 0 0 0 0 0 0 0 0 0 0
-0 -0 -0 -0 -0 -0 -0 -0 -0 -0 -0 -0 -0 -0 -0 -0 -0 -0 -0 -0 -0 -0 -0 -0 -0
0 0 0 0 0 0 0 0 0 0 0 0 0 0 0 0 0 0 0 0 0 0 0 0 0
0 0 0 0 0 0 0 0 0 0 0 0 0 0 0 0 0 0 0 0 0 0 0 0 0
0 0 0 0 0 0 0 0 0 0 0 0 0 0 0 0 0 0 0 0 0 0 0 0 0
0 0 0 0 0 0 0 0 0 0 0 0 0 0 0 0 0 0 0 0 0 0 0 0 0
0 0 0 0 0 0 0 0 0 0 0 0 0 0 0 0 0 0 0 0 0 0 0 0 0
0 0 0 0 0 0 0 0 0 0 0 0 0 0 0 0 0 0 0 0 0 0 0 0 0
0 0 0 0 0 0 0 0 0 0 0 0 0 0 0 0 0 0 0 0 0 0 0 0 0
-0 -0 -0 -0 -0 -0 -0 -0 -0 -0 -0 -0 -0 -0 -0 -0 -0 -0 -0 -0 -0 -0 -0 -0 -0
-0 -0 -0 -0 -0 -0 -0 -0 -0 -0 -0 -0 -0 -0 -0 -0 -0 -0 -0 -0 -0 -0 -0 -0 -0
0 0 0 0 0 0 0 0 0 0 0 0 0 0 0 0 0 0 0 0 0 0 0 0 0
0 0 0 0 0 0 0 0 0 0 0 0 0 0 0 0 0 0 0 0 0 0 0 0 0
0 0 0 0 0 0 0 0 0 0 0 0 0 0 0 0 0 0 0 0 0 0 0 0 0
0 0 0 0 0 0 0 0 0 0 0 0 0 0 0 0 0 0 0 0 0 0 0 0 0
0 0 0 0 0 0 0 0 0 0 0 0 0 0 0 0 0 0 0 0 0 0 0 0 0
0 0 0 0 0 0 0 0 0 0 0 0 0 0 0 0 0 0 0 0 0 0 0 0 0
0 0 0 0 0 0 0 0 0 0 0 0 0 0 0 0 0 0 0 0 0 0 0 0 0
0 0 0 0 0 0 0 0 0 0 0 0 0 0 0 0 0 0 0 0 0 0 0 0 0
0 0 0 0 0 0 0 0 0 0 0 0 0 0 0 0 0 0 0 0 0 0 0 0 0
0 0 0 0 0 0 0 0 0 0 0 0 0 0 0 0 0 0 0 0 0 0 0 0 0
0 0 0 0 0 0 0 0 0 0 0 0 0 0 0 0 0 0 0 0 0 0 0 0 0
0 0 0 0 0 0 0 0 0 0 0 0 0 0 0 0 0 0 0 0 0 0 0 0 0
-0 -0 -0 -0 -0 -0 -0 -0 -0 -0 -0 -0 -0 -0 -0 -0 -0 -0 -0 -0 -0 -0 -0 -0 -0
0 0 0 0 0 0 0 0 0 0 0 0 0 0 0 0 0 0 0 0 0 0 0 0 0
0 0 0 0 0 0 0 0 0 0 0 0 0 0 0 0 0 0 0 0 0 0 0 0 0
0 0 0 0 0 0 0 0 0 0 0 0 0 0 0 0 0 0 0 0 0 0 0 0 0
0 0 0 0 0 0 0 0 0 0 0 0 0 0 0 0 0 0 0 0 0 0 0 0 0
0 0 0 0 0 0 0 0 0 0 0 0 0 0 0 0 0 0 0 0 0 0 0 0 0
1 2 3 4 5 6 7 8 9 10 11 12 13 14 15 16 17 18 19 20 21 22 23 24 25
