-0.064637 -0.064637 -0.064637 -0.064637 -0.064637 -0.064637 -0.064637 -0.064637 -0.064637 -0.064637 -0.064637 -0.064637 -0.064637 -0.064637 -0.064637 -0.064637 -0.064637 -0.064637 -0.064637 -0.064637 -0.064637 -0.064637 -0.064637 -0.064637 -0.064637
-0.11493 -0.11493 -0.11493 -0.11493 -0.11493 -0.11493 -0.11493 -0.11493 -0.11493 -0.11493 -0.11493 -0.11493 -0.11493 -0.11493 -0.11493 -0.11493 -0.11493 -0.11493 -0.11493 -0.11493 -0.11493 -0.11493 -0.11493 -0.11493 -0.11493
-0.1518 -0.1518 -0.1518 -0.1518 -0.1518 -0.1518 -0.1518 -0.1518 -0.1518 -0.1518 -0.1518 -0.1518 -0.1518 -0.1518 -0.1518 -0.1518 -0.1518 -0.1518 -0.1518 -0.1518 -0.1518 -0.1518 -0.1518 -0.1518 -0.1518
1.1845 1.1845 1.1845 1.1845 1.1845 1.1845 1.1845 1.1845 1.1845 1.1845 1.1845 1.1845 1.1845 1.1845 1.1845 1.1845 1.1845 1.1845 1.1845 1.1845 1.1845 1.1845 1.1845 1.1845 1.1845
0.80835 0.80835 0.80835 0.80835 0.80835 0.80835 0.80835 0.80835 0.80835 0.80835 0.80835 0.80835 0.80835 0.80835 0.80835 0.80835 0.80835 0.80835 0.80835 0.80835 0.80835 0.80835 0.80835 0.80835 0.80835
1.1859 1.1859 1.1859 1.1859 1.1859 1.1859 1.1859 1.1859 1.1859 1.1859 1.1859 1.1859 1.1859 1.1859 1.1859 1.1859 1.1859 1.1859 1.1859 1.1859 1.1859 1.1859 1.1859 1.1859 1.1859
-0.15677 -0.15677 -0.15677 -0.15677 -0.15677 -0.15677 -0.15677 -0.15677 -0.15677 -0.15677 -0.15677 -0.15677 -0.15677 -0.15677 -0.15677 -0.15677 -0.15677 -0.15677 -0.15677 -0.15677 -0.15677 -0.15677 -0.15677 -0.15677 -0.15677
-0.11358 -0.11358 -0.11358 -0.11358 -0.11358 -0.11358 -0.11358 -0.11358 -0.11358 -0.11358 -0.11358 -0.11358 -0.11358 -0.11358 -0.11358 -0.11358 -0.11358 -0.11358 -0.11358 -0.11358 -0.11358 -0.11358 -0.11358 -0.11358 -0.11358
-0.064824 -0.064824 -0.064824 -0.064824 -0.064824 -0.064824 -0.064824 -0.064824 -0.064824 -0.064824 -0.064824 -0.064824 -0.064824 -0.064824 -0.064824 -0.064824 -0.064824 -0.064824 -0.064824 -0.064824 -0.064824 -0.064824 -0.064824 -0.064824 -0.064824
-0.04601 -0.04601 -0.04601 -0.04601 -0.04601 -0.04601 -0.04601 -0.04601 -0.04601 -0.04601 -0.04601 -0.04601 -0.04601 -0.04601 -0.04601 -0.04601 -0.04601 -0.04601 -0.04601 -0.04601 -0.04601 -0.04601 -0.04601 -0.04601 -0.04601
-0.027178 -0.027178 -0.027178 -0.027178 -0.027178 -0.027178 -0.027178 -0.027178 -0.027178 -0.027178 -0.027178 -0.027178 -0.027178 -0.027178 -0.027178 -0.027178 -0.027178 -0.027178 -0.027178 -0.027178 -0.027178 -0.027178 -0.027178 -0.027178 -0.027178
-0.10555 -0.10555 -0.10555 -0.10555 -0.10555 -0.10555 -0.10555 -0.10555 -0.10555 -0.10555 -0.10555 -0.10555 -0.10555 -0.10555 -0.10555 -0.10555 -0.10555 -0.10555 -0.10555 -0.10555 -0.10555 -0.10555 -0.10555 -0.10555 -0.10555
-0.24315 -0.24315 -0.24315 -0.24315 -0.24315 -0.24315 -0.24315 -0.24315 -0.24315 -0.24315 -0.24315 -0.24315 -0.24315 -0.24315 -0.24315 -0.24315 -0.24315 -0.24315 -0.24315 -0.24315 -0.24315 -0.24315 -0.24315 -0.24315 -0.24315
-0.80158 -0.80158 -0.80158 -0.80158 -0.80158 -0.80158 -0.80158 -0.80158 -0.80158 -0.80158 -0.80158 -0.80158 -0.80158 -0.80158 -0.80158 -0.80158 -0.80158 -0.80158 -0.80158 -0.80158 -0.80158 -0.80158 -0.80158 -0.80158 -0.80158
-3.0547 -3.0547 -3.0547 -3.0547 -3.0547 -3.0547 -3.0547 -3.0547 -3.0547 -3.0547 -3.0547 -3.0547 -3.0547 -3.0547 -3.0547 -3.0547 -3.0547 -3.0547 -3.0547 -3.0547 -3.0547 -3.0547 -3.0547 -3.0547 -3.0547
-1.8862 -1.8862 -1.8862 -1.8862 -1.8862 -1.8862 -1.8862 -1.8862 -1.8862 -1.8862 -1.8862 -1.8862 -1.8862 -1.8862 -1.8862 -1.8862 -1.8862 -1.8862 -1.8862 -1.8862 -1.8862 -1.8862 -1.8862 -1.8862 -1.8862
-3.0563 -3.0563 -3.0563 -3.0563 -3.0563 -3.0563 -3.0563 -3.0563 -3.0563 -3.0563 -3.0563 -3.0563 -3.0563 -3.0563 -3.0563 -3.0563 -3.0563 -3.0563 -3.0563 -3.0563 -3.0563 -3.0563 -3.0563 -3.0563 -3.0563
-0.7876 -0.7876 -0.7876 -0.7876 -0.7876 -0.7876 -0.7876 -0.7876 -0.7876 -0.7876 -0.7876 -0.7876 -0.7876 -0.7876 -0.7876 -0.7876 -0.7876 -0.7876 -0.7876 -0.7876 -0.7876 -0.7876 -0.7876 -0.7876 -0.7876
-0.24325 -0.24325 -0.24325 -0.24325 -0.24325 -0.24325 -0.24325 -0.24325 -0.24325 -0.24325 -0.24325 -0.24325 -0.24325 -0.24325 -0.24325 -0.24325 -0.24325 -0.24325 -0.24325 -0.24325 -0.24325 -0.24325 -0.24325 -0.24325 -0.24325
-0.10552 -0.10552 -0.10552 -0.10552 -0.10552 -0.10552 -0.10552 -0.10552 -0.10552 -0.10552 -0.10552 -0.10552 -0.10552 -0.10552 -0.10552 -0.10552 -0.10552 -0.10552 -0.10552 -0.10552 -0.10552 -0.10552 -0.10552 -0.10552 -0.10552
-0.067202 -0.067202 -0.067202 -0.067202 -0.067202 -0.067202 -0.067202 -0.067202 -0.067202 -0.067202 -0.067202 -0.067202 -0.067202 -0.067202 -0.067202 -0.067202 -0.067202 -0.067202 -0.067202 -0.067202 -0.067202 -0.067202 -0.067202 -0.067202 -0.067202
-0.034398 -0.034398 -0.034398 -0.034398 -0.034398 -0.034398 -0.034398 -0.034398 -0.034398 -0.034398 -0.034398 -0.034398 -0.034398 -0.034398 -0.034398 -0.034398 -0.034398 -0.034398 -0.034398 -0.034398 -0.034398 -0.034398 -0.034398 -0.034398 -0.034398
-0.11571 -0.11571 -0.11571 -0.11571 -0.11571 -0.11571 -0.11571 -0.11571 -0.11571 -0.11571 -0.11571 -0.11571 -0.11571 -0.11571 -0.11571 -0.11571 -0.11571 -0.11571 -0.11571 -0.11571 -0.11571 -0.11571 -0.11571 -0.11571 -0.11571
-0.24142 -0.24142 -0.24142 -0.24142 -0.24142 -0.24142 -0.24142 -0.24142 -0.24142 -0.24142 -0.24142 -0.24142 -0.24142 -0.24142 -0.24142 -0.24142 -0.24142 -0.24142 -0.24142 -0.24142 -0.24142 -0.24142 -0.24142 -0.24142 -0.24142
-0.63797 -0.63797 -0.63797 -0.63797 -0.63797 -0.63797 -0.63797 -0.63797 -0.63797 -0.63797 -0.63797 -0.63797 -0.63797 -0.63797 -0.63797 -0.63797 -0.63797 -0.63797 -0.63797 -0.63797 -0.63797 -0.63797 -0.63797 -0.63797 -0.63797
-0.99615 -0.99615 -0.99615 -0.99615 -0.99615 -0.99615 -0.99615 -0.99615 -0.99615 -0.99615 -0.99615 -0.99615 -0.99615 -0.99615 -0.99615 -0.99615 -0.99615 -0.99615 -0.99615 -0.99615 -0.99615 -0.99615 -0.99615 -0.99615 -0.99615
-0.48492 -0.48492 -0.48492 -0.48492 -0.48492 -0.48492 -0.48492 -0.48492 -0.48492 -0.48492 -0.48492 -0.48492 -0.48492 -0.48492 -0.48492 -0.48492 -0.48492 -0.48492 -0.48492 -0.48492 -0.48492 -0.48492 -0.48492 -0.48492 -0.48492
-0.9942 -0.9942 -0.9942 -0.9942 -0.9942 -0.9942 -0.9942 -0.9942 -0.9942 -0.9942 -0.9942 -0.9942 -0.9942 -0.9942 -0.9942 -0.9942 -0.9942 -0.9942 -0.9942 -0.9942 -0.9942 -0.9942 -0.9942 -0.9942 -0.9942
-0.64083 -0.64083 -0.64083 -0.64083 -0.64083 -0.64083 -0.64083 -0.64083 -0.64083 -0.64083 -0.64083 -0.64083 -0.64083 -0.64083 -0.64083 -0.64083 -0.64083 -0.64083 -0.64083 -0.64083 -0.64083 -0.64083 -0.64083 -0.64083 -0.64083
-0.23938 -0.23938 -0.23938 -0.23938 -0.23938 -0.23938 -0.23938 -0.23938 -0.23938 -0.23938 -0.23938 -0.23938 -0.23938 -0.23938 -0.23938 -0.23938 -0.23938 -0.23938 -0.23938 -0.23938 -0.23938 -0.23938 -0.23938 -0.23938 -0.23938
-0.11663 -0.11663 -0.11663 -0.11663 -0.11663 -0.11663 -0.11663 -0.11663 -0.11663 -0.11663 -0.11663 -0.11663 -0.11663 -0.11663 -0.11663 -0.11663 -0.11663 -0.11663 -0.11663 -0.11663 -0.11663 -0.11663 -0.11663 -0.11663 -0.11663
-0.077166 -0.077166 -0.077166 -0.077166 -0.077166 -0.077166 -0.077166 -0.077166 -0.077166 -0.077166 -0.077166 -0.077166 -0.077166 -0.077166 -0.077166 -0.077166 -0.077166 -0.077166 -0.077166 -0.077166 -0.077166 -0.077166 -0.077166 -0.077166 -0.077166
-0.043483 -0.043483 -0.043483 -0.043483 -0.043483 -0.043483 -0.043483 -0.043483 -0.043483 -0.043483 -0.043483 -0.043483 -0.043483 -0.043483 -0.043483 -0.043483 -0.043483 -0.043483 -0.043483 -0.043483 -0.043483 -0.043483 -0.043483 -0.043483 -0.043483
-0.1464 -0.1464 -0.1464 -0.1464 -0.1464 -0.1464 -0.1464 -0.1464 -0.1464 -0.1464 -0.1464 -0.1464 -0.1464 -0.1464 -0.1464 -0.1464 -0.1464 -0.1464 -0.1464 -0.1464 -0.1464 -0.1464 -0.1464 -0.1464 -0.1464
-0.32999 -0.32999 -0.32999 -0.32999 -0.32999 -0.32999 -0.32999 -0.32999 -0.32999 -0.32999 -0.32999 -0.32999 -0.32999 -0.32999 -0.32999 -0.32999 -0.32999 -0.32999 -0.32999 -0.32999 -0.32999 -0.32999 -0.32999 -0.32999 -0.32999
-1.0486 -1.0486 -1.0486 -1.0486 -1.0486 -1.0486 -1.0486 -1.0486 -1.0486 -1.0486 -1.0486 -1.0486 -1.0486 -1.0486 -1.0486 -1.0486 -1.0486 -1.0486 -1.0486 -1.0486 -1.0486 -1.0486 -1.0486 -1.0486 -1.0486
-3.725 -3.725 -3.725 -3.725 -3.725 -3.725 -3.725 -3.725 -3.725 -3.725 -3.725 -3.725 -3.725 -3.725 -3.725 -3.725 -3.725 -3.725 -3.725 -3.725 -3.725 -3.725 -3.725 -3.725 -3.725
-2.2413 -2.2413 -2.2413 -2.2413 -2.2413 -2.2413 -2.2413 -2.2413 -2.2413 -2.2413 -2.2413 -2.2413 -2.2413 -2.2413 -2.2413 -2.2413 -2.2413 -2.2413 -2.2413 -2.2413 -2.2413 -2.2413 -2.2413 -2.2413 -2.2413
-3.7269 -3.7269 -3.7269 -3.7269 -3.7269 -3.7269 -3.7269 -3.7269 -3.7269 -3.7269 -3.7269 -3.7269 -3.7269 -3.7269 -3.7269 -3.7269 -3.7269 -3.7269 -3.7269 -3.7269 -3.7269 -3.7269 -3.7269 -3.7269 -3.7269
-1.0292 -1.0292 -1.0292 -1.0292 -1.0292 -1.0292 -1.0292 -1.0292 -1.0292 -1.0292 -1.0292 -1.0292 -1.0292 -1.0292 -1.0292 -1.0292 -1.0292 -1.0292 -1.0292 -1.0292 -1.0292 -1.0292 -1.0292 -1.0292 -1.0292
-0.32995 -0.32995 -0.32995 -0.32995 -0.32995 -0.32995 -0.32995 -0.32995 -0.32995 -0.32995 -0.32995 -0.32995 -0.32995 -0.32995 -0.32995 -0.32995 -0.32995 -0.32995 -0.32995 -0.32995 -0.32995 -0.32995 -0.32995 -0.32995 -0.32995
-0.14634 -0.14634 -0.14634 -0.14634 -0.14634 -0.14634 -0.14634 -0.14634 -0.14634 -0.14634 -0.14634 -0.14634 -0.14634 -0.14634 -0.14634 -0.14634 -0.14634 -0.14634 -0.14634 -0.14634 -0.14634 -0.14634 -0.14634 -0.14634 -0.14634
-0.094944 -0.094944 -0.094944 -0.094944 -0.094944 -0.094944 -0.094944 -0.094944 -0.094944 -0.094944 -0.094944 -0.094944 -0.094944 -0.094944 -0.094944 -0.094944 -0.094944 -0.094944 -0.094944 -0.094944 -0.094944 -0.094944 -0.094944 -0.094944 -0.094944
-0.04951 -0.04951 -0.04951 -0.04951 -0.04951 -0.04951 -0.04951 -0.04951 -0.04951 -0.04951 -0.04951 -0.04951 -0.04951 -0.04951 -0.04951 -0.04951 -0.04951 -0.04951 -0.04951 -0.04951 -0.04951 -0.04951 -0.04951 -0.04951 -0.04951
0.043322 0.043322 0.043322 0.043322 0.043322 0.043322 0.043322 0.043322 0.043322 0.043322 0.043322 0.043322 0.043322 0.043322 0.043322 0.043322 0.043322 0.043322 0.043322 0.043322 0.043322 0.043322 0.043322 0.043322 0.043322
0.16554 0.16554 0.16554 0.16554 0.16554 0.16554 0.16554 0.16554 0.16554 0.16554 0.16554 0.16554 0.16554 0.16554 0.16554 0.16554 0.16554 0.16554 0.16554 0.16554 0.16554 0.16554 0.16554 0.16554 0.16554
0.93263 0.93263 0.93263 0.93263 0.93263 0.93263 0.93263 0.93263 0.93263 0.93263 0.93263 0.93263 0.93263 0.93263 0.93263 0.93263 0.93263 0.93263 0.93263 0.93263 0.93263 0.93263 0.93263 0.93263 0.93263
4.4667 4.4667 4.4667 4.4667 4.4667 4.4667 4.4667 4.4667 4.4667 4.4667 4.4667 4.4667 4.4667 4.4667 4.4667 4.4667 4.4667 4.4667 4.4667 4.4667 4.4667 4.4667 4.4667 4.4667 4.4667
0.00034203 0.00034203 0.00034203 0.00034203 0.00034203 0.00034203 0.00034203 0.00034203 0.00034203 0.00034203 0.00034203 0.00034203 0.00034203 0.00034203 0.00034203 0.00034203 0.00034203 0.00034203 0.00034203 0.00034203 0.00034203 0.00034203 0.00034203 0.00034203 0.00034203
-4.4582 -4.4582 -4.4582 -4.4582 -4.4582 -4.4582 -4.4582 -4.4582 -4.4582 -4.4582 -4.4582 -4.4582 -4.4582 -4.4582 -4.4582 -4.4582 -4.4582 -4.4582 -4.4582 -4.4582 -4.4582 -4.4582 -4.4582 -4.4582 -4.4582
-0.9297 -0.9297 -0.9297 -0.9297 -0.9297 -0.9297 -0.9297 -0.9297 -0.9297 -0.9297 -0.9297 -0.9297 -0.9297 -0.9297 -0.9297 -0.9297 -0.9297 -0.9297 -0.9297 -0.9297 -0.9297 -0.9297 -0.9297 -0.9297 -0.9297
-0.16357 -0.16357 -0.16357 -0.16357 -0.16357 -0.16357 -0.16357 -0.16357 -0.16357 -0.16357 -0.16357 -0.16357 -0.16357 -0.16357 -0.16357 -0.16357 -0.16357 -0.16357 -0.16357 -0.16357 -0.16357 -0.16357 -0.16357 -0.16357 -0.16357
-0.043945 -0.043945 -0.043945 -0.043945 -0.043945 -0.043945 -0.043945 -0.043945 -0.043945 -0.043945 -0.043945 -0.043945 -0.043945 -0.043945 -0.043945 -0.043945 -0.043945 -0.043945 -0.043945 -0.043945 -0.043945 -0.043945 -0.043945 -0.043945 -0.043945
-0.018388 -0.018388 -0.018388 -0.018388 -0.018388 -0.018388 -0.018388 -0.018388 -0.018388 -0.018388 -0.018388 -0.018388 -0.018388 -0.018388 -0.018388 -0.018388 -0.018388 -0.018388 -0.018388 -0.018388 -0.018388 -0.018388 -0.018388 -0.018388 -0.018388
-0.0069566 -0.0069566 -0.0069566 -0.0069566 -0.0069566 -0.0069566 -0.0069566 -0.0069566 -0.0069566 -0.0069566 -0.0069566 -0.0069566 -0.0069566 -0.0069566 -0.0069566 -0.0069566 -0.0069566 -0.0069566 -0.0069566 -0.0069566 -0.0069566 -0.0069566 -0.0069566 -0.0069566 -0.0069566
0.032582 0.032582 0.032582 0.032582 0.032582 0.032582 0.032582 0.032582 0.032582 0.032582 0.032582 0.032582 0.032582 0.032582 0.032582 0.032582 0.032582 0.032582 0.032582 0.032582 0.032582 0.032582 0.032582 0.032582 0.032582
0.10084 0.10084 0.10084 0.10084 0.10084 0.10084 0.10084 0.10084 0.10084 0.10084 0.10084 0.10084 0.10084 0.10084 0.10084 0.10084 0.10084 0.10084 0.10084 0.10084 0.10084 0.10084 0.10084 0.10084 0.10084
0.38457 0.38457 0.38457 0.38457 0.38457 0.38457 0.38457 0.38457 0.38457 0.38457 0.38457 0.38457 0.38457 0.38457 0.38457 0.38457 0.38457 0.38457 0.38457 0.38457 0.38457 0.38457 0.38457 0.38457 0.38457
0.81572 0.81572 0.81572 0.81572 0.81572 0.81572 0.81572 0.81572 0.81572 0.81572 0.81572 0.81572 0.81572 0.81572 0.81572 0.81572 0.81572 0.81572 0.81572 0.81572 0.81572 0.81572 0.81572 0.81572 0.81572
0.0037094 0.0037094 0.0037094 0.0037094 0.0037094 0.0037094 0.0037094 0.0037094 0.0037094 0.0037094 0.0037094 0.0037094 0.0037094 0.0037094 0.0037094 0.0037094 0.0037094 0.0037094 0.0037094 0.0037094 0.0037094 0.0037094 0.0037094 0.0037094 0.0037094
-0.81632 -0.81632 -0.81632 -0.81632 -0.81632 -0.81632 -0.81632 -0.81632 -0.81632 -0.81632 -0.81632 -0.81632 -0.81632 -0.81632 -0.81632 -0.81632 -0.81632 -0.81632 -0.81632 -0.81632 -0.81632 -0.81632 -0.81632 -0.81632 -0.81632
-0.38825 -0.38825 -0.38825 -0.38825 -0.38825 -0.38825 -0.38825 -0.38825 -0.38825 -0.38825 -0.38825 -0.38825 -0.38825 -0.38825 -0.38825 -0.38825 -0.38825 -0.38825 -0.38825 -0.38825 -0.38825 -0.38825 -0.38825 -0.38825 -0.38825
-0.10069 -0.10069 -0.10069 -0.10069 -0.10069 -0.10069 -0.10069 -0.10069 -0.10069 -0.10069 -0.10069 -0.10069 -0.10069 -0.10069 -0.10069 -0.10069 -0.10069 -0.10069 -0.10069 -0.10069 -0.10069 -0.10069 -0.10069 -0.10069 -0.10069
-0.031995 -0.031995 -0.031995 -0.031995 -0.031995 -0.031995 -0.031995 -0.031995 -0.031995 -0.031995 -0.031995 -0.031995 -0.031995 -0.031995 -0.031995 -0.031995 -0.031995 -0.031995 -0.031995 -0.031995 -0.031995 -0.031995 -0.031995 -0.031995 -0.031995
-0.014655 -0.014655 -0.014655 -0.014655 -0.014655 -0.014655 -0.014655 -0.014655 -0.014655 -0.014655 -0.014655 -0.014655 -0.014655 -0.014655 -0.014655 -0.014655 -0.014655 -0.014655 -0.014655 -0.014655 -0.014655 -0.014655 -0.014655 -0.014655 -0.014655
-0.0062909 -0.0062909 -0.0062909 -0.0062909 -0.0062909 -0.0062909 -0.0062909 -0.0062909 -0.0062909 -0.0062909 -0.0062909 -0.0062909 -0.0062909 -0.0062909 -0.0062909 -0.0062909 -0.0062909 -0.0062909 -0.0062909 -0.0062909 -0.0062909 -0.0062909 -0.0062909 -0.0062909 -0.0062909
0 0 0 0 0 0 0 0 0 0 0 0 0 0 0 0 0 0 0 0 0 0 0 0 0
0 0 0 0 0 0 0 0 0 0 0 0 0 0 0 0 0 0 0 0 0 0 0 0 0
0 0 0 0 0 0 0 0 0 0 0 0 0 0 0 0 0 0 0 0 0 0 0 0 0
-0 -0 -0 -0 -0 -0 -0 -0 -0 -0 -0 -0 -0 -0 -0 -0 -0 -0 -0 -0 -0 -0 -0 -0 -0
-0 -0 -0 -0 -0 -0 -0 -0 -0 -0 -0 -0 -0 -0 -0 -0 -0 -0 -0 -0 -0 -0 -0 -0 -0
0 0 0 0 0 0 0 0 0 0 0 0 0 0 0 0 0 0 0 0 0 0 0 0 0
0 0 0 0 0 0 0 0 0 0 0 0 0 0 0 0 0 0 0 0 0 0 0 0 0
0 0 0 0 0 0 0 0 0 0 0 0 0 0 0 0 0 0 0 0 0 0 0 0 0
0 0 0 0 0 0 0 0 0 0 0 0 0 0 0 0 0 0 0 0 0 0 0 0 0
0 0 0 0 0 0 0 0 0 0 0 0 0 0 0 0 0 0 0 0 0 0 0 0 0
0 0 0 0 0 0 0 0 0 0 0 0 0 0 0 0 0 0 0 0 0 0 0 0 0
0 0 0 0 0 0 0 0 0 0 0 0 0 0 0 0 0 0 0 0 0 0 0 0 0
0 0 0 0 0 0 0 0 0 0 0 0 0 0 0 0 0 0 0 0 0 0 0 0 0
0 0 0 0 0 0 0 0 0 0 0 0 0 0 0 0 0 0 0 0 0 0 0 0 0
0 0 0 0 0 0 0 0 0 0 0 0 0 0 0 0 0 0 0 0 0 0 0 0 0
0 0 0 0 0 0 0 0 0 0 0 0 0 0 0 0 0 0 0 0 0 0 0 0 0
-0 -0 -0 -0 -0 -0 -0 -0 -0 -0 -0 -0 -0 -0 -0 -0 -0 -0 -0 -0 -0 -0 -0 -0 -0
0 0 0 0 0 0 0 0 0 0 0 0 0 0 0 0 0 0 0 0 0 0 0 0 0
0 0 0 0 0 0 0 0 0 0 0 0 0 0 0 0 0 0 0 0 0 0 0 0 0
0 0 0 0 0 0 0 0 0 0 0 0 0 0 0 0 0 0 0 0 0 0 0 0 0
0 0 0 0 0 0 0 0 0 0 0 0 0 0 0 0 0 0 0 0 0 0 0 0 0
0 0 0 0 0 0 0 0 0 0 0 0 0 0 0 0 0 0 0 0 0 0 0 0 0
0.0060495 0.0060495 0.0060495 0.0060495 0.0060495 0.0060495 0.0060495 0.0060495 0.0060495 0.0060495 0.0060495 0.0060495 0.0060495 0.0060495 0.0060495 0.0060495 0.0060495 0.0060495 0.0060495 0.0060495 0.0060495 0.0060495 0.0060495 0.0060495 0.0060495
0.057729 0.057729 0.057729 0.057729 0.057729 0.057729 0.057729 0.057729 0.057729 0.057729 0.057729 0.057729 0.057729 0.057729 0.057729 0.057729 0.057729 0.057729 0.057729 0.057729 0.057729 0.057729 0.057729 0.057729 0.057729
0.49167 0.49167 0.49167 0.49167 0.49167 0.49167 0.49167 0.49167 0.49167 0.49167 0.49167 0.49167 0.49167 0.49167 0.49167 0.49167 0.49167 0.49167 0.49167 0.49167 0.49167 0.49167 0.49167 0.49167 0.49167
0.84734 0.84734 0.84734 0.84734 0.84734 0.84734 0.84734 0.84734 0.84734 0.84734 0.84734 0.84734 0.84734 0.84734 0.84734 0.84734 0.84734 0.84734 0.84734 0.84734 0.84734 0.84734 0.84734 0.84734 0.84734
-2.3528 -2.3528 -2.3528 -2.3528 -2.3528 -2.3528 -2.3528 -2.3528 -2.3528 -2.3528 -2.3528 -2.3528 -2.3528 -2.3528 -2.3528 -2.3528 -2.3528 -2.3528 -2.3528 -2.3528 -2.3528 -2.3528 -2.3528 -2.3528 -2.3528
0.84439 0.84439 0.84439 0.84439 0.84439 0.84439 0.84439 0.84439 0.84439 0.84439 0.84439 0.84439 0.84439 0.84439 0.84439 0.84439 0.84439 0.84439 0.84439 0.84439 0.84439 0.84439 0.84439 0.84439 0.84439
0.48891 0.48891 0.48891 0.48891 0.48891 0.48891 0.48891 0.48891 0.48891 0.48891 0.48891 0.48891 0.48891 0.48891 0.48891 0.48891 0.48891 0.48891 0.48891 0.48891 0.48891 0.48891 0.48891 0.48891 0.48891
0.058298 0.058298 0.058298 0.058298 0.058298 0.058298 0.058298 0.058298 0.058298 0.058298 0.058298 0.058298 0.058298 0.058298 0.058298 0.058298 0.058298 0.058298 0.058298 0.058298 0.058298 0.058298 0.058298 0.058298 0.058298
0.0076219 0.0076219 0.0076219 0.0076219 0.0076219 0.0076219 0.0076219 0.0076219 0.0076219 0.0076219 0.0076219 0.0076219 0.0076219 0.0076219 0.0076219 0.0076219 0.0076219 0.0076219 0.0076219 0.0076219 0.0076219 0.0076219 0.0076219 0.0076219 0.0076219
-0.0020605 -0.0020605 -0.0020605 -0.0020605 -0.0020605 -0.0020605 -0.0020605 -0.0020605 -0.0020605 -0.0020605 -0.0020605 -0.0020605 -0.0020605 -0.0020605 -0.0020605 -0.0020605 -0.0020605 -0.0020605 -0.0020605 -0.0020605 -0.0020605 -0.0020605 -0.0020605 -0.0020605 -0.0020605
-0.0025708 -0.0025708 -0.0025708 -0.0025708 -0.0025708 -0.0025708 -0.0025708 -0.0025708 -0.0025708 -0.0025708 -0.0025708 -0.0025708 -0.0025708 -0.0025708 -0.0025708 -0.0025708 -0.0025708 -0.0025708 -0.0025708 -0.0025708 -0.0025708 -0.0025708 -0.0025708 -0.0025708 -0.0025708
-0.0055074 -0.0055074 -0.0055074 -0.0055074 -0.0055074 -0.0055074 -0.0055074 -0.0055074 -0.0055074 -0.0055074 -0.0055074 -0.0055074 -0.0055074 -0.0055074 -0.0055074 -0.0055074 -0.0055074 -0.0055074 -0.0055074 -0.0055074 -0.0055074 -0.0055074 -0.0055074 -0.0055074 -0.0055074
0.0036704 0.0036704 0.0036704 0.0036704 0.0036704 0.0036704 0.0036704 0.0036704 0.0036704 0.0036704 0.0036704 0.0036704 0.0036704 0.0036704 0.0036704 0.0036704 0.0036704 0.0036704 0.0036704 0.0036704 0.0036704 0.0036704 0.0036704 0.0036704 0.0036704
0.031783 0.031783 0.031783 0.031783 0.031783 0.031783 0.031783 0.031783 0.031783 0.031783 0.031783 0.031783 0.031783 0.031783 0.031783 0.031783 0.031783 0.031783 0.031783 0.031783 0.031783 0.031783 0.031783 0.031783 0.031783
-0.49714 -0.49714 -0.49714 -0.49714 -0.49714 -0.49714 -0.49714 -0.49714 -0.49714 -0.49714 -0.49714 -0.49714 -0.49714 -0.49714 -0.49714 -0.49714 -0.49714 -0.49714 -0.49714 -0.49714 -0.49714 -0.49714 -0.49714 -0.49714 -0.49714
-0.52606 -0.52606 -0.52606 -0.52606 -0.52606 -0.52606 -0.52606 -0.52606 -0.52606 -0.52606 -0.52606 -0.52606 -0.52606 -0.52606 -0.52606 -0.52606 -0.52606 -0.52606 -0.52606 -0.52606 -0.52606 -0.52606 -0.52606 -0.52606 -0.52606
-0.49548 -0.49548 -0.49548 -0.49548 -0.49548 -0.49548 -0.49548 -0.49548 -0.49548 -0.49548 -0.49548 -0.49548 -0.49548 -0.49548 -0.49548 -0.49548 -0.49548 -0.49548 -0.49548 -0.49548 -0.49548 -0.49548 -0.49548 -0.49548 -0.49548
0.033992 0.033992 0.033992 0.033992 0.033992 0.033992 0.033992 0.033992 0.033992 0.033992 0.033992 0.033992 0.033992 0.033992 0.033992 0.033992 0.033992 0.033992 0.033992 0.033992 0.033992 0.033992 0.033992 0.033992 0.033992
0.0035775 0.0035775 0.0035775 0.0035775 0.0035775 0.0035775 0.0035775 0.0035775 0.0035775 0.0035775 0.0035775 0.0035775 0.0035775 0.0035775 0.0035775 0.0035775 0.0035775 0.0035775 0.0035775 0.0035775 0.0035775 0.0035775 0.0035775 0.0035775 0.0035775
-0.0053455 -0.0053455 -0.0053455 -0.0053455 -0.0053455 -0.0053455 -0.0053455 -0.0053455 -0.0053455 -0.0053455 -0.0053455 -0.0053455 -0.0053455 -0.0053455 -0.0053455 -0.0053455 -0.0053455 -0.0053455 -0.0053455 -0.0053455 -0.0053455 -0.0053455 -0.0053455 -0.0053455 -0.0053455
-0.0061553 -0.0061553 -0.0061553 -0.0061553 -0.0061553 -0.0061553 -0.0061553 -0.0061553 -0.0061553 -0.0061553 -0.0061553 -0.0061553 -0.0061553 -0.0061553 -0.0061553 -0.0061553 -0.0061553 -0.0061553 -0.0061553 -0.0061553 -0.0061553 -0.0061553 -0.0061553 -0.0061553 -0.0061553
-0.0037987 -0.0037987 -0.0037987 -0.0037987 -0.0037987 -0.0037987 -0.0037987 -0.0037987 -0.0037987 -0.0037987 -0.0037987 -0.0037987 -0.0037987 -0.0037987 -0.0037987 -0.0037987 -0.0037987 -0.0037987 -0.0037987 -0.0037987 -0.0037987 -0.0037987 -0.0037987 -0.0037987 -0.0037987
0 0 0 0 0 0 0 0 0 0 0 0 0 0 0 0 0 0 0 0 0 0 0 0 0
0 0 0 0 0 0 0 0 0 0 0 0 0 0 0 0 0 0 0 0 0 0 0 0 0
0 0 0 0 0 0 0 0 0 0 0 0 0 0 0 0 0 0 0 0 0 0 0 0 0
-0 -0 -0 -0 -0 -0 -0 -0 -0 -0 -0 -0 -0 -0 -0 -0 -0 -0 -0 -0 -0 -0 -0 -0 -0
-0 -0 -0 -0 -0 -0 -0 -0 -0 -0 -0 -0 -0 -0 -0 -0 -0 -0 -0 -0 -0 -0 -0 -0 -0
0 0 0 0 0 0 0 0 0 0 0 0 0 0 0 0 0 0 0 0 0 0 0 0 0
0 0 0 0 0 0 0 0 0 0 0 0 0 0 0 0 0 0 0 0 0 0 0 0 0
0 0 0 0 0 0 0 0 0 0 0 0 0 0 0 0 0 0 0 0 0 0 0 0 0
0 0 0 0 0 0 0 0 0 0 0 0 0 0 0 0 0 0 0 0 0 0 0 0 0
0 0 0 0 0 0 0 0 0 0 0 0 0 0 0 0 0 0 0 0 0 0 0 0 0
0 0 0 0 0 0 0 0 0 0 0 0 0 0 0 0 0 0 0 0 0 0 0 0 0
0 0 0 0 0 0 0 0 0 0 0 0 0 0 0 0 0 0 0 0 0 0 0 0 0
0 0 0 0 0 0 0 0 0 0 0 0 0 0 0 0 0 0 0 0 0 0 0 0 0
0 0 0 0 0 0 0 0 0 0 0 0 0 0 0 0 0 0 0 0 0 0 0 0 0
0 0 0 0 0 0 0 0 0 0 0 0 0 0 0 0 0 0 0 0 0 0 0 0 0
0 0 0 0 0 0 0 0 0 0 0 0 0 0 0 0 0 0 0 0 0 0 0 0 0
-0 -0 -0 -0 -0 -0 -0 -0 -0 -0 -0 -0 -0 -0 -0 -0 -0 -0 -0 -0 -0 -0 -0 -0 -0
0 0 0 0 0 0 0 0 0 0 0 0 0 0 0 0 0 0 0 0 0 0 0 0 0
0 0 0 0 0 0 0 0 0 0 0 0 0 0 0 0 0 0 0 0 0 0 0 0 0
0 0 0 0 0 0 0 0 0 0 0 0 0 0 0 0 0 0 0 0 0 0 0 0 0
0 0 0 0 0 0 0 0 0 0 0 0 0 0 0 0 0 0 0 0 0 0 0 0 0
0 0 0 0 0 0 0 0 0 0 0 0 0 0 0 0 0 0 0 0 0 0 0 0 0
0 0 0 0 0 0 0 0 0 0 0 0 0 0 0 0 0 0 0 0 0 0 0 0 0
0 0 0 0 0 0 0 0 0 0 0 0 0 0 0 0 0 0 0 0 0 0 0 0 0
0 0 0 0 0 0 0 0 0 0 0 0 0 0 0 0 0 0 0 0 0 0 0 0 0
-0 -0 -0 -0 -0 -0 -0 -0 -0 -0 -0 -0 -0 -0 -0 -0 -0 -0 -0 -0 -0 -0 -0 -0 -0
-0 -0 -0 -0 -0 -0 -0 -0 -0 -0 -0 -0 -0 -0 -0 -0 -0 -0 -0 -0 -0 -0 -0 -0 -0
0 0 0 0 0 0 0 0 0 0 0 0 0 0 0 0 0 0 0 0 0 0 0 0 0
0 0 0 0 0 0 0 0 0 0 0 0 0 0 0 0 0 0 0 0 0 0 0 0 0
0 0 0 0 0 0 0 0 0 0 0 0 0 0 0 0 0 0 0 0 0 0 0 0 0
0 0 0 0 0 0 0 0 0 0 0 0 0 0 0 0 0 0 0 0 0 0 0 0 0
0 0 0 0 0 0 0 0 0 0 0 0 0 0 0 0 0 0 0 0 0 0 0 0 0
0 0 0 0 0 0 0 0 0 0 0 0 0 0 0 0 0 0 0 0 0 0 0 0 0
0 0 0 0 0 0 0 0 0 0 0 0 0 0 0 0 0 0 0 0 0 0 0 0 0
0 0 0 0 0 0 0 0 0 0 0 0 0 0 0 0 0 0 0 0 0 0 0 0 0
0 0 0 0 0 0 0 0 0 0 0 0 0 0 0 0 0 0 0 0 0 0 0 0 0
0 0 0 0 0 0 0 0 0 0 0 0 0 0 0 0 0 0 0 0 0 0 0 0 0
0 0 0 0 0 0 0 0 0 0 0 0 0 0 0 0 0 0 0 0 0 0 0 0 0
-0 -0 -0 -0 -0 -0 -0 -0 -0 -0 -0 -0 -0 -0 -0 -0 -0 -0 -0 -0 -0 -0 -0 -0 -0
0 0 0 0 0 0 0 0 0 0 0 0 0 0 0 0 0 0 0 0 0 0 0 0 0
0 0 0 0 0 0 0 0 0 0 0 0 0 0 0 0 0 0 0 0 0 0 0 0 0
0 0 0 0 0 0 0 0 0 0 0 0 0 0 0 0 0 0 0 0 0 0 0 0 0
0 0 0 0 0 0 0 0 0 0 0 0 0 0 0 0 0 0 0 0 0 0 0 0 0
0 0 0 0 0 0 0 0 0 0 0 0 0 0 0 0 0 0 0 0 0 0 0 0 0
0 0 0 0 0 0 0 0 0 0 0 0 0 0 0 0 0 0 0 0 0 0 0 0 0
0 0 0 0 0 0 0 0 0 0 0 0 0 0 0 0 0 0 0 0 0 0 0 0 0
0 0 0 0 0 0 0 0 0 0 0 0 0 0 0 0 0 0 0 0 0 0 0 0 0
-0 -0 -0 -0 -0 -0 -0 -0 -0 -0 -0 -0 -0 -0 -0 -0 -0 -0 -0 -0 -0 -0 -0 -0 -0
-0 -0 -0 -0 -0 -0 -0 -0 -0 -0 -0 -0 -0 -0 -0 -0 -0 -0 -0 -0 -0 -0 -0 -0 -0
0 0 0 0 0 0 0 0 0 0 0 0 0 0 0 0 0 0 0 0 0 0 0 0 0
0 0 0 0 0 0 0 0 0 0 0 0 0 0 0 0 0 0 0 0 0 0 0 0 0
0 0 0 0 0 0 0 0 0 0 0 0 0 0 0 0 0 0 0 0 0 0 0 0 0
0 0 0 0 0 0 0 0 0 0 0 0 0 0 0 0 0 0 0 0 0 0 0 0 0
0 0 0 0 0 0 0 0 0 0 0 0 0 0 0 0 0 0 0 0 0 0 0 0 0
0 0 0 0 0 0 0 0 0 0 0 0 0 0 0 0 0 0 0 0 0 0 0 0 0
0 0 0 0 0 0 0 0 0 0 0 0 0 0 0 0 0 0 0 0 0 0 0 0 0
0 0 0 0 0 0 0 0 0 0 0 0 0 0 0 0 0 0 0 0 0 0 0 0 0
0 0 0 0 0 0 0 0 0 0 0 0 0 0 0 0 0 0 0 0 0 0 0 0 0
0 0 0 0 0 0 0 0 0 0 0 0 0 0 0 0 0 0 0 0 0 0 0 0 0
0 0 0 0 0 0 0 0 0 0 0 0 0 0 0 0 0 0 0 0 0 0 0 0 0
-0 -0 -0 -0 -0 -0 -0 -0 -0 -0 -0 -0 -0 -0 -0 -0 -0 -0 -0 -0 -0 -0 -0 -0 -0
0 0 0 0 0 0 0 0 0 0 0 0 0 0 0 0 0 0 0 0 0 0 0 0 0
0 0 0 0 0 0 0 0 0 0 0 0 0 0 0 0 0 0 0 0 0 0 0 0 0
0 0 0 0 0 0 0 0 0 0 0 0 0 0 0 0 0 0 0 0 0 0 0 0 0
0 0 0 0 0 0 0 0 0 0 0 0 0 0 0 0 0 0 0 0 0 0 0 0 0
0 0 0 0 0 0 0 0 0 0 0 0 0 0 0 0 0 0 0 0 0 0 0 0 0
1 2 3 4 5 6 7 8 9 10 11 12 13 14 15 16 17 18 19 20 21 22 23 24 25
