-0.023524 -0.023524 -0.023524 -0.023524 -0.023524 -0.023524 -0.023524 -0.023524 -0.023524 -0.023524 -0.023524 -0.023524 -0.023524 -0.023524 -0.023524 -0.023524 -0.023524 -0.023524 -0.023524 -0.023524 -0.023524 -0.023524 -0.023524 -0.023524 -0.023524
-0.027507 -0.027507 -0.027507 -0.027507 -0.027507 -0.027507 -0.027507 -0.027507 -0.027507 -0.027507 -0.027507 -0.027507 -0.027507 -0.027507 -0.027507 -0.027507 -0.027507 -0.027507 -0.027507 -0.027507 -0.027507 -0.027507 -0.027507 -0.027507 -0.027507
-0.023614 -0.023614 -0.023614 -0.023614 -0.023614 -0.023614 -0.023614 -0.023614 -0.023614 -0.023614 -0.023614 -0.023614 -0.023614 -0.023614 -0.023614 -0.023614 -0.023614 -0.023614 -0.023614 -0.023614 -0.023614 -0.023614 -0.023614 -0.023614 -0.023614
-0.0064037 -0.0064037 -0.0064037 -0.0064037 -0.0064037 -0.0064037 -0.0064037 -0.0064037 -0.0064037 -0.0064037 -0.0064037 -0.0064037 -0.0064037 -0.0064037 -0.0064037 -0.0064037 -0.0064037 -0.0064037 -0.0064037 -0.0064037 -0.0064037 -0.0064037 -0.0064037 -0.0064037 -0.0064037
-3.7986e-16 -3.7986e-16 -3.7986e-16 -3.7986e-16 -3.7986e-16 -3.7986e-16 -3.7986e-16 -3.7986e-16 -3.7986e-16 -3.7986e-16 -3.7986e-16 -3.7986e-16 -3.7986e-16 -3.7986e-16 -3.7986e-16 -3.7986e-16 -3.7986e-16 -3.7986e-16 -3.7986e-16 -3.7986e-16 -3.7986e-16 -3.7986e-16 -3.7986e-16 -3.7986e-16 -3.7986e-16
1.2108 1.2108 1.2108 1.2108 1.2108 1.2108 1.2108 1.2108 1.2108 1.2108 1.2108 1.2108 1.2108 1.2108 1.2108 1.2108 1.2108 1.2108 1.2108 1.2108 1.2108 1.2108 1.2108 1.2108 1.2108
1.0101 1.0101 1.0101 1.0101 1.0101 1.0101 1.0101 1.0101 1.0101 1.0101 1.0101 1.0101 1.0101 1.0101 1.0101 1.0101 1.0101 1.0101 1.0101 1.0101 1.0101 1.0101 1.0101 1.0101 1.0101
0.83633 0.83633 0.83633 0.83633 0.83633 0.83633 0.83633 0.83633 0.83633 0.83633 0.83633 0.83633 0.83633 0.83633 0.83633 0.83633 0.83633 0.83633 0.83633 0.83633 0.83633 0.83633 0.83633 0.83633 0.83633
-0.05254 -0.05254 -0.05254 -0.05254 -0.05254 -0.05254 -0.05254 -0.05254 -0.05254 -0.05254 -0.05254 -0.05254 -0.05254 -0.05254 -0.05254 -0.05254 -0.05254 -0.05254 -0.05254 -0.05254 -0.05254 -0.05254 -0.05254 -0.05254 -0.05254
-0.10019 -0.10019 -0.10019 -0.10019 -0.10019 -0.10019 -0.10019 -0.10019 -0.10019 -0.10019 -0.10019 -0.10019 -0.10019 -0.10019 -0.10019 -0.10019 -0.10019 -0.10019 -0.10019 -0.10019 -0.10019 -0.10019 -0.10019 -0.10019 -0.10019
-0.054808 -0.054808 -0.054808 -0.054808 -0.054808 -0.054808 -0.054808 -0.054808 -0.054808 -0.054808 -0.054808 -0.054808 -0.054808 -0.054808 -0.054808 -0.054808 -0.054808 -0.054808 -0.054808 -0.054808 -0.054808 -0.054808 -0.054808 -0.054808 -0.054808
-0.026658 -0.026658 -0.026658 -0.026658 -0.026658 -0.026658 -0.026658 -0.026658 -0.026658 -0.026658 -0.026658 -0.026658 -0.026658 -0.026658 -0.026658 -0.026658 -0.026658 -0.026658 -0.026658 -0.026658 -0.026658 -0.026658 -0.026658 -0.026658 -0.026658
-0.033639 -0.033639 -0.033639 -0.033639 -0.033639 -0.033639 -0.033639 -0.033639 -0.033639 -0.033639 -0.033639 -0.033639 -0.033639 -0.033639 -0.033639 -0.033639 -0.033639 -0.033639 -0.033639 -0.033639 -0.033639 -0.033639 -0.033639 -0.033639 -0.033639
-0.041451 -0.041451 -0.041451 -0.041451 -0.041451 -0.041451 -0.041451 -0.041451 -0.041451 -0.041451 -0.041451 -0.041451 -0.041451 -0.041451 -0.041451 -0.041451 -0.041451 -0.041451 -0.041451 -0.041451 -0.041451 -0.041451 -0.041451 -0.041451 -0.041451
-0.14949 -0.14949 -0.14949 -0.14949 -0.14949 -0.14949 -0.14949 -0.14949 -0.14949 -0.14949 -0.14949 -0.14949 -0.14949 -0.14949 -0.14949 -0.14949 -0.14949 -0.14949 -0.14949 -0.14949 -0.14949 -0.14949 -0.14949 -0.14949 -0.14949
-1.0959 -1.0959 -1.0959 -1.0959 -1.0959 -1.0959 -1.0959 -1.0959 -1.0959 -1.0959 -1.0959 -1.0959 -1.0959 -1.0959 -1.0959 -1.0959 -1.0959 -1.0959 -1.0959 -1.0959 -1.0959 -1.0959 -1.0959 -1.0959 -1.0959
-1.0959 -1.0959 -1.0959 -1.0959 -1.0959 -1.0959 -1.0959 -1.0959 -1.0959 -1.0959 -1.0959 -1.0959 -1.0959 -1.0959 -1.0959 -1.0959 -1.0959 -1.0959 -1.0959 -1.0959 -1.0959 -1.0959 -1.0959 -1.0959 -1.0959
-2.3299 -2.3299 -2.3299 -2.3299 -2.3299 -2.3299 -2.3299 -2.3299 -2.3299 -2.3299 -2.3299 -2.3299 -2.3299 -2.3299 -2.3299 -2.3299 -2.3299 -2.3299 -2.3299 -2.3299 -2.3299 -2.3299 -2.3299 -2.3299 -2.3299
-1.0528 -1.0528 -1.0528 -1.0528 -1.0528 -1.0528 -1.0528 -1.0528 -1.0528 -1.0528 -1.0528 -1.0528 -1.0528 -1.0528 -1.0528 -1.0528 -1.0528 -1.0528 -1.0528 -1.0528 -1.0528 -1.0528 -1.0528 -1.0528 -1.0528
-0.31223 -0.31223 -0.31223 -0.31223 -0.31223 -0.31223 -0.31223 -0.31223 -0.31223 -0.31223 -0.31223 -0.31223 -0.31223 -0.31223 -0.31223 -0.31223 -0.31223 -0.31223 -0.31223 -0.31223 -0.31223 -0.31223 -0.31223 -0.31223 -0.31223
-0.15476 -0.15476 -0.15476 -0.15476 -0.15476 -0.15476 -0.15476 -0.15476 -0.15476 -0.15476 -0.15476 -0.15476 -0.15476 -0.15476 -0.15476 -0.15476 -0.15476 -0.15476 -0.15476 -0.15476 -0.15476 -0.15476 -0.15476 -0.15476 -0.15476
-0.064675 -0.064675 -0.064675 -0.064675 -0.064675 -0.064675 -0.064675 -0.064675 -0.064675 -0.064675 -0.064675 -0.064675 -0.064675 -0.064675 -0.064675 -0.064675 -0.064675 -0.064675 -0.064675 -0.064675 -0.064675 -0.064675 -0.064675 -0.064675 -0.064675
-0.039016 -0.039016 -0.039016 -0.039016 -0.039016 -0.039016 -0.039016 -0.039016 -0.039016 -0.039016 -0.039016 -0.039016 -0.039016 -0.039016 -0.039016 -0.039016 -0.039016 -0.039016 -0.039016 -0.039016 -0.039016 -0.039016 -0.039016 -0.039016 -0.039016
-0.049124 -0.049124 -0.049124 -0.049124 -0.049124 -0.049124 -0.049124 -0.049124 -0.049124 -0.049124 -0.049124 -0.049124 -0.049124 -0.049124 -0.049124 -0.049124 -0.049124 -0.049124 -0.049124 -0.049124 -0.049124 -0.049124 -0.049124 -0.049124 -0.049124
-0.061478 -0.061478 -0.061478 -0.061478 -0.061478 -0.061478 -0.061478 -0.061478 -0.061478 -0.061478 -0.061478 -0.061478 -0.061478 -0.061478 -0.061478 -0.061478 -0.061478 -0.061478 -0.061478 -0.061478 -0.061478 -0.061478 -0.061478 -0.061478 -0.061478
-0.21015 -0.21015 -0.21015 -0.21015 -0.21015 -0.21015 -0.21015 -0.21015 -0.21015 -0.21015 -0.21015 -0.21015 -0.21015 -0.21015 -0.21015 -0.21015 -0.21015 -0.21015 -0.21015 -0.21015 -0.21015 -0.21015 -0.21015 -0.21015 -0.21015
2.7956e-16 2.7956e-16 2.7956e-16 2.7956e-16 2.7956e-16 2.7956e-16 2.7956e-16 2.7956e-16 2.7956e-16 2.7956e-16 2.7956e-16 2.7956e-16 2.7956e-16 2.7956e-16 2.7956e-16 2.7956e-16 2.7956e-16 2.7956e-16 2.7956e-16 2.7956e-16 2.7956e-16 2.7956e-16 2.7956e-16 2.7956e-16 2.7956e-16
-0.54149 -0.54149 -0.54149 -0.54149 -0.54149 -0.54149 -0.54149 -0.54149 -0.54149 -0.54149 -0.54149 -0.54149 -0.54149 -0.54149 -0.54149 -0.54149 -0.54149 -0.54149 -0.54149 -0.54149 -0.54149 -0.54149 -0.54149 -0.54149 -0.54149
-0.44306 -0.44306 -0.44306 -0.44306 -0.44306 -0.44306 -0.44306 -0.44306 -0.44306 -0.44306 -0.44306 -0.44306 -0.44306 -0.44306 -0.44306 -0.44306 -0.44306 -0.44306 -0.44306 -0.44306 -0.44306 -0.44306 -0.44306 -0.44306 -0.44306
-0.88865 -0.88865 -0.88865 -0.88865 -0.88865 -0.88865 -0.88865 -0.88865 -0.88865 -0.88865 -0.88865 -0.88865 -0.88865 -0.88865 -0.88865 -0.88865 -0.88865 -0.88865 -0.88865 -0.88865 -0.88865 -0.88865 -0.88865 -0.88865 -0.88865
-0.43414 -0.43414 -0.43414 -0.43414 -0.43414 -0.43414 -0.43414 -0.43414 -0.43414 -0.43414 -0.43414 -0.43414 -0.43414 -0.43414 -0.43414 -0.43414 -0.43414 -0.43414 -0.43414 -0.43414 -0.43414 -0.43414 -0.43414 -0.43414 -0.43414
-0.23466 -0.23466 -0.23466 -0.23466 -0.23466 -0.23466 -0.23466 -0.23466 -0.23466 -0.23466 -0.23466 -0.23466 -0.23466 -0.23466 -0.23466 -0.23466 -0.23466 -0.23466 -0.23466 -0.23466 -0.23466 -0.23466 -0.23466 -0.23466 -0.23466
-0.095245 -0.095245 -0.095245 -0.095245 -0.095245 -0.095245 -0.095245 -0.095245 -0.095245 -0.095245 -0.095245 -0.095245 -0.095245 -0.095245 -0.095245 -0.095245 -0.095245 -0.095245 -0.095245 -0.095245 -0.095245 -0.095245 -0.095245 -0.095245 -0.095245
-0.038975 -0.038975 -0.038975 -0.038975 -0.038975 -0.038975 -0.038975 -0.038975 -0.038975 -0.038975 -0.038975 -0.038975 -0.038975 -0.038975 -0.038975 -0.038975 -0.038975 -0.038975 -0.038975 -0.038975 -0.038975 -0.038975 -0.038975 -0.038975 -0.038975
-0.049217 -0.049217 -0.049217 -0.049217 -0.049217 -0.049217 -0.049217 -0.049217 -0.049217 -0.049217 -0.049217 -0.049217 -0.049217 -0.049217 -0.049217 -0.049217 -0.049217 -0.049217 -0.049217 -0.049217 -0.049217 -0.049217 -0.049217 -0.049217 -0.049217
-0.06294 -0.06294 -0.06294 -0.06294 -0.06294 -0.06294 -0.06294 -0.06294 -0.06294 -0.06294 -0.06294 -0.06294 -0.06294 -0.06294 -0.06294 -0.06294 -0.06294 -0.06294 -0.06294 -0.06294 -0.06294 -0.06294 -0.06294 -0.06294 -0.06294
-0.22817 -0.22817 -0.22817 -0.22817 -0.22817 -0.22817 -0.22817 -0.22817 -0.22817 -0.22817 -0.22817 -0.22817 -0.22817 -0.22817 -0.22817 -0.22817 -0.22817 -0.22817 -0.22817 -0.22817 -0.22817 -0.22817 -0.22817 -0.22817 -0.22817
-1.2496 -1.2496 -1.2496 -1.2496 -1.2496 -1.2496 -1.2496 -1.2496 -1.2496 -1.2496 -1.2496 -1.2496 -1.2496 -1.2496 -1.2496 -1.2496 -1.2496 -1.2496 -1.2496 -1.2496 -1.2496 -1.2496 -1.2496 -1.2496 -1.2496
-1.2496 -1.2496 -1.2496 -1.2496 -1.2496 -1.2496 -1.2496 -1.2496 -1.2496 -1.2496 -1.2496 -1.2496 -1.2496 -1.2496 -1.2496 -1.2496 -1.2496 -1.2496 -1.2496 -1.2496 -1.2496 -1.2496 -1.2496 -1.2496 -1.2496
-1.9526 -1.9526 -1.9526 -1.9526 -1.9526 -1.9526 -1.9526 -1.9526 -1.9526 -1.9526 -1.9526 -1.9526 -1.9526 -1.9526 -1.9526 -1.9526 -1.9526 -1.9526 -1.9526 -1.9526 -1.9526 -1.9526 -1.9526 -1.9526 -1.9526
-1.1417 -1.1417 -1.1417 -1.1417 -1.1417 -1.1417 -1.1417 -1.1417 -1.1417 -1.1417 -1.1417 -1.1417 -1.1417 -1.1417 -1.1417 -1.1417 -1.1417 -1.1417 -1.1417 -1.1417 -1.1417 -1.1417 -1.1417 -1.1417 -1.1417
-0.43819 -0.43819 -0.43819 -0.43819 -0.43819 -0.43819 -0.43819 -0.43819 -0.43819 -0.43819 -0.43819 -0.43819 -0.43819 -0.43819 -0.43819 -0.43819 -0.43819 -0.43819 -0.43819 -0.43819 -0.43819 -0.43819 -0.43819 -0.43819 -0.43819
-0.23201 -0.23201 -0.23201 -0.23201 -0.23201 -0.23201 -0.23201 -0.23201 -0.23201 -0.23201 -0.23201 -0.23201 -0.23201 -0.23201 -0.23201 -0.23201 -0.23201 -0.23201 -0.23201 -0.23201 -0.23201 -0.23201 -0.23201 -0.23201 -0.23201
-0.094589 -0.094589 -0.094589 -0.094589 -0.094589 -0.094589 -0.094589 -0.094589 -0.094589 -0.094589 -0.094589 -0.094589 -0.094589 -0.094589 -0.094589 -0.094589 -0.094589 -0.094589 -0.094589 -0.094589 -0.094589 -0.094589 -0.094589 -0.094589 -0.094589
0.017619 0.017619 0.017619 0.017619 0.017619 0.017619 0.017619 0.017619 0.017619 0.017619 0.017619 0.017619 0.017619 0.017619 0.017619 0.017619 0.017619 0.017619 0.017619 0.017619 0.017619 0.017619 0.017619 0.017619 0.017619
0.030498 0.030498 0.030498 0.030498 0.030498 0.030498 0.030498 0.030498 0.030498 0.030498 0.030498 0.030498 0.030498 0.030498 0.030498 0.030498 0.030498 0.030498 0.030498 0.030498 0.030498 0.030498 0.030498 0.030498 0.030498
0.082343 0.082343 0.082343 0.082343 0.082343 0.082343 0.082343 0.082343 0.082343 0.082343 0.082343 0.082343 0.082343 0.082343 0.082343 0.082343 0.082343 0.082343 0.082343 0.082343 0.082343 0.082343 0.082343 0.082343 0.082343
0.51482 0.51482 0.51482 0.51482 0.51482 0.51482 0.51482 0.51482 0.51482 0.51482 0.51482 0.51482 0.51482 0.51482 0.51482 0.51482 0.51482 0.51482 0.51482 0.51482 0.51482 0.51482 0.51482 0.51482 0.51482
-1.2222e-15 -1.2222e-15 -1.2222e-15 -1.2222e-15 -1.2222e-15 -1.2222e-15 -1.2222e-15 -1.2222e-15 -1.2222e-15 -1.2222e-15 -1.2222e-15 -1.2222e-15 -1.2222e-15 -1.2222e-15 -1.2222e-15 -1.2222e-15 -1.2222e-15 -1.2222e-15 -1.2222e-15 -1.2222e-15 -1.2222e-15 -1.2222e-15 -1.2222e-15 -1.2222e-15 -1.2222e-15
4.7144 4.7144 4.7144 4.7144 4.7144 4.7144 4.7144 4.7144 4.7144 4.7144 4.7144 4.7144 4.7144 4.7144 4.7144 4.7144 4.7144 4.7144 4.7144 4.7144 4.7144 4.7144 4.7144 4.7144 4.7144
0.035092 0.035092 0.035092 0.035092 0.035092 0.035092 0.035092 0.035092 0.035092 0.035092 0.035092 0.035092 0.035092 0.035092 0.035092 0.035092 0.035092 0.035092 0.035092 0.035092 0.035092 0.035092 0.035092 0.035092 0.035092
-4.6715 -4.6715 -4.6715 -4.6715 -4.6715 -4.6715 -4.6715 -4.6715 -4.6715 -4.6715 -4.6715 -4.6715 -4.6715 -4.6715 -4.6715 -4.6715 -4.6715 -4.6715 -4.6715 -4.6715 -4.6715 -4.6715 -4.6715 -4.6715 -4.6715
-1.0747 -1.0747 -1.0747 -1.0747 -1.0747 -1.0747 -1.0747 -1.0747 -1.0747 -1.0747 -1.0747 -1.0747 -1.0747 -1.0747 -1.0747 -1.0747 -1.0747 -1.0747 -1.0747 -1.0747 -1.0747 -1.0747 -1.0747 -1.0747 -1.0747
-0.38441 -0.38441 -0.38441 -0.38441 -0.38441 -0.38441 -0.38441 -0.38441 -0.38441 -0.38441 -0.38441 -0.38441 -0.38441 -0.38441 -0.38441 -0.38441 -0.38441 -0.38441 -0.38441 -0.38441 -0.38441 -0.38441 -0.38441 -0.38441 -0.38441
-0.1075 -0.1075 -0.1075 -0.1075 -0.1075 -0.1075 -0.1075 -0.1075 -0.1075 -0.1075 -0.1075 -0.1075 -0.1075 -0.1075 -0.1075 -0.1075 -0.1075 -0.1075 -0.1075 -0.1075 -0.1075 -0.1075 -0.1075 -0.1075 -0.1075
0.013685 0.013685 0.013685 0.013685 0.013685 0.013685 0.013685 0.013685 0.013685 0.013685 0.013685 0.013685 0.013685 0.013685 0.013685 0.013685 0.013685 0.013685 0.013685 0.013685 0.013685 0.013685 0.013685 0.013685 0.013685
0.023746 0.023746 0.023746 0.023746 0.023746 0.023746 0.023746 0.023746 0.023746 0.023746 0.023746 0.023746 0.023746 0.023746 0.023746 0.023746 0.023746 0.023746 0.023746 0.023746 0.023746 0.023746 0.023746 0.023746 0.023746
0.052406 0.052406 0.052406 0.052406 0.052406 0.052406 0.052406 0.052406 0.052406 0.052406 0.052406 0.052406 0.052406 0.052406 0.052406 0.052406 0.052406 0.052406 0.052406 0.052406 0.052406 0.052406 0.052406 0.052406 0.052406
0.27683 0.27683 0.27683 0.27683 0.27683 0.27683 0.27683 0.27683 0.27683 0.27683 0.27683 0.27683 0.27683 0.27683 0.27683 0.27683 0.27683 0.27683 0.27683 0.27683 0.27683 0.27683 0.27683 0.27683 0.27683
1.2532 1.2532 1.2532 1.2532 1.2532 1.2532 1.2532 1.2532 1.2532 1.2532 1.2532 1.2532 1.2532 1.2532 1.2532 1.2532 1.2532 1.2532 1.2532 1.2532 1.2532 1.2532 1.2532 1.2532 1.2532
1.2532 1.2532 1.2532 1.2532 1.2532 1.2532 1.2532 1.2532 1.2532 1.2532 1.2532 1.2532 1.2532 1.2532 1.2532 1.2532 1.2532 1.2532 1.2532 1.2532 1.2532 1.2532 1.2532 1.2532 1.2532
-0.46759 -0.46759 -0.46759 -0.46759 -0.46759 -0.46759 -0.46759 -0.46759 -0.46759 -0.46759 -0.46759 -0.46759 -0.46759 -0.46759 -0.46759 -0.46759 -0.46759 -0.46759 -0.46759 -0.46759 -0.46759 -0.46759 -0.46759 -0.46759 -0.46759
-1.4967 -1.4967 -1.4967 -1.4967 -1.4967 -1.4967 -1.4967 -1.4967 -1.4967 -1.4967 -1.4967 -1.4967 -1.4967 -1.4967 -1.4967 -1.4967 -1.4967 -1.4967 -1.4967 -1.4967 -1.4967 -1.4967 -1.4967 -1.4967 -1.4967
-0.63909 -0.63909 -0.63909 -0.63909 -0.63909 -0.63909 -0.63909 -0.63909 -0.63909 -0.63909 -0.63909 -0.63909 -0.63909 -0.63909 -0.63909 -0.63909 -0.63909 -0.63909 -0.63909 -0.63909 -0.63909 -0.63909 -0.63909 -0.63909 -0.63909
-0.29794 -0.29794 -0.29794 -0.29794 -0.29794 -0.29794 -0.29794 -0.29794 -0.29794 -0.29794 -0.29794 -0.29794 -0.29794 -0.29794 -0.29794 -0.29794 -0.29794 -0.29794 -0.29794 -0.29794 -0.29794 -0.29794 -0.29794 -0.29794 -0.29794
-0.095146 -0.095146 -0.095146 -0.095146 -0.095146 -0.095146 -0.095146 -0.095146 -0.095146 -0.095146 -0.095146 -0.095146 -0.095146 -0.095146 -0.095146 -0.095146 -0.095146 -0.095146 -0.095146 -0.095146 -0.095146 -0.095146 -0.095146 -0.095146 -0.095146
0 0 0 0 0 0 0 0 0 0 0 0 0 0 0 0 0 0 0 0 0 0 0 0 0
0 0 0 0 0 0 0 0 0 0 0 0 0 0 0 0 0 0 0 0 0 0 0 0 0
0 0 0 0 0 0 0 0 0 0 0 0 0 0 0 0 0 0 0 0 0 0 0 0 0
0 0 0 0 0 0 0 0 0 0 0 0 0 0 0 0 0 0 0 0 0 0 0 0 0
0 0 0 0 0 0 0 0 0 0 0 0 0 0 0 0 0 0 0 0 0 0 0 0 0
-0 -0 -0 -0 -0 -0 -0 -0 -0 -0 -0 -0 -0 -0 -0 -0 -0 -0 -0 -0 -0 -0 -0 -0 -0
-0 -0 -0 -0 -0 -0 -0 -0 -0 -0 -0 -0 -0 -0 -0 -0 -0 -0 -0 -0 -0 -0 -0 -0 -0
0 0 0 0 0 0 0 0 0 0 0 0 0 0 0 0 0 0 0 0 0 0 0 0 0
0 0 0 0 0 0 0 0 0 0 0 0 0 0 0 0 0 0 0 0 0 0 0 0 0
0 0 0 0 0 0 0 0 0 0 0 0 0 0 0 0 0 0 0 0 0 0 0 0 0
0 0 0 0 0 0 0 0 0 0 0 0 0 0 0 0 0 0 0 0 0 0 0 0 0
0 0 0 0 0 0 0 0 0 0 0 0 0 0 0 0 0 0 0 0 0 0 0 0 0
0 0 0 0 0 0 0 0 0 0 0 0 0 0 0 0 0 0 0 0 0 0 0 0 0
0 0 0 0 0 0 0 0 0 0 0 0 0 0 0 0 0 0 0 0 0 0 0 0 0
0 0 0 0 0 0 0 0 0 0 0 0 0 0 0 0 0 0 0 0 0 0 0 0 0
0 0 0 0 0 0 0 0 0 0 0 0 0 0 0 0 0 0 0 0 0 0 0 0 0
0 0 0 0 0 0 0 0 0 0 0 0 0 0 0 0 0 0 0 0 0 0 0 0 0
-0 -0 -0 -0 -0 -0 -0 -0 -0 -0 -0 -0 -0 -0 -0 -0 -0 -0 -0 -0 -0 -0 -0 -0 -0
0 0 0 0 0 0 0 0 0 0 0 0 0 0 0 0 0 0 0 0 0 0 0 0 0
0 0 0 0 0 0 0 0 0 0 0 0 0 0 0 0 0 0 0 0 0 0 0 0 0
0 0 0 0 0 0 0 0 0 0 0 0 0 0 0 0 0 0 0 0 0 0 0 0 0
0 0 0 0 0 0 0 0 0 0 0 0 0 0 0 0 0 0 0 0 0 0 0 0 0
-0.00087546 -0.00087546 -0.00087546 -0.00087546 -0.00087546 -0.00087546 -0.00087546 -0.00087546 -0.00087546 -0.00087546 -0.00087546 -0.00087546 -0.00087546 -0.00087546 -0.00087546 -0.00087546 -0.00087546 -0.00087546 -0.00087546 -0.00087546 -0.00087546 -0.00087546 -0.00087546 -0.00087546 -0.00087546
0.0008676 0.0008676 0.0008676 0.0008676 0.0008676 0.0008676 0.0008676 0.0008676 0.0008676 0.0008676 0.0008676 0.0008676 0.0008676 0.0008676 0.0008676 0.0008676 0.0008676 0.0008676 0.0008676 0.0008676 0.0008676 0.0008676 0.0008676 0.0008676 0.0008676
0.01157 0.01157 0.01157 0.01157 0.01157 0.01157 0.01157 0.01157 0.01157 0.01157 0.01157 0.01157 0.01157 0.01157 0.01157 0.01157 0.01157 0.01157 0.01157 0.01157 0.01157 0.01157 0.01157 0.01157 0.01157
0.11116 0.11116 0.11116 0.11116 0.11116 0.11116 0.11116 0.11116 0.11116 0.11116 0.11116 0.11116 0.11116 0.11116 0.11116 0.11116 0.11116 0.11116 0.11116 0.11116 0.11116 0.11116 0.11116 0.11116 0.11116
-6.0588e-16 -6.0588e-16 -6.0588e-16 -6.0588e-16 -6.0588e-16 -6.0588e-16 -6.0588e-16 -6.0588e-16 -6.0588e-16 -6.0588e-16 -6.0588e-16 -6.0588e-16 -6.0588e-16 -6.0588e-16 -6.0588e-16 -6.0588e-16 -6.0588e-16 -6.0588e-16 -6.0588e-16 -6.0588e-16 -6.0588e-16 -6.0588e-16 -6.0588e-16 -6.0588e-16 -6.0588e-16
1.2696 1.2696 1.2696 1.2696 1.2696 1.2696 1.2696 1.2696 1.2696 1.2696 1.2696 1.2696 1.2696 1.2696 1.2696 1.2696 1.2696 1.2696 1.2696 1.2696 1.2696 1.2696 1.2696 1.2696 1.2696
-0.80313 -0.80313 -0.80313 -0.80313 -0.80313 -0.80313 -0.80313 -0.80313 -0.80313 -0.80313 -0.80313 -0.80313 -0.80313 -0.80313 -0.80313 -0.80313 -0.80313 -0.80313 -0.80313 -0.80313 -0.80313 -0.80313 -0.80313 -0.80313 -0.80313
1.1691 1.1691 1.1691 1.1691 1.1691 1.1691 1.1691 1.1691 1.1691 1.1691 1.1691 1.1691 1.1691 1.1691 1.1691 1.1691 1.1691 1.1691 1.1691 1.1691 1.1691 1.1691 1.1691 1.1691 1.1691
0.20409 0.20409 0.20409 0.20409 0.20409 0.20409 0.20409 0.20409 0.20409 0.20409 0.20409 0.20409 0.20409 0.20409 0.20409 0.20409 0.20409 0.20409 0.20409 0.20409 0.20409 0.20409 0.20409 0.20409 0.20409
0.041216 0.041216 0.041216 0.041216 0.041216 0.041216 0.041216 0.041216 0.041216 0.041216 0.041216 0.041216 0.041216 0.041216 0.041216 0.041216 0.041216 0.041216 0.041216 0.041216 0.041216 0.041216 0.041216 0.041216 0.041216
0.0019829 0.0019829 0.0019829 0.0019829 0.0019829 0.0019829 0.0019829 0.0019829 0.0019829 0.0019829 0.0019829 0.0019829 0.0019829 0.0019829 0.0019829 0.0019829 0.0019829 0.0019829 0.0019829 0.0019829 0.0019829 0.0019829 0.0019829 0.0019829 0.0019829
-0.0025358 -0.0025358 -0.0025358 -0.0025358 -0.0025358 -0.0025358 -0.0025358 -0.0025358 -0.0025358 -0.0025358 -0.0025358 -0.0025358 -0.0025358 -0.0025358 -0.0025358 -0.0025358 -0.0025358 -0.0025358 -0.0025358 -0.0025358 -0.0025358 -0.0025358 -0.0025358 -0.0025358 -0.0025358
-0.0027023 -0.0027023 -0.0027023 -0.0027023 -0.0027023 -0.0027023 -0.0027023 -0.0027023 -0.0027023 -0.0027023 -0.0027023 -0.0027023 -0.0027023 -0.0027023 -0.0027023 -0.0027023 -0.0027023 -0.0027023 -0.0027023 -0.0027023 -0.0027023 -0.0027023 -0.0027023 -0.0027023 -0.0027023
0.00019812 0.00019812 0.00019812 0.00019812 0.00019812 0.00019812 0.00019812 0.00019812 0.00019812 0.00019812 0.00019812 0.00019812 0.00019812 0.00019812 0.00019812 0.00019812 0.00019812 0.00019812 0.00019812 0.00019812 0.00019812 0.00019812 0.00019812 0.00019812 0.00019812
0.010814 0.010814 0.010814 0.010814 0.010814 0.010814 0.010814 0.010814 0.010814 0.010814 0.010814 0.010814 0.010814 0.010814 0.010814 0.010814 0.010814 0.010814 0.010814 0.010814 0.010814 0.010814 0.010814 0.010814 0.010814
-0.16695 -0.16695 -0.16695 -0.16695 -0.16695 -0.16695 -0.16695 -0.16695 -0.16695 -0.16695 -0.16695 -0.16695 -0.16695 -0.16695 -0.16695 -0.16695 -0.16695 -0.16695 -0.16695 -0.16695 -0.16695 -0.16695 -0.16695 -0.16695 -0.16695
-0.16695 -0.16695 -0.16695 -0.16695 -0.16695 -0.16695 -0.16695 -0.16695 -0.16695 -0.16695 -0.16695 -0.16695 -0.16695 -0.16695 -0.16695 -0.16695 -0.16695 -0.16695 -0.16695 -0.16695 -0.16695 -0.16695 -0.16695 -0.16695 -0.16695
-0.88537 -0.88537 -0.88537 -0.88537 -0.88537 -0.88537 -0.88537 -0.88537 -0.88537 -0.88537 -0.88537 -0.88537 -0.88537 -0.88537 -0.88537 -0.88537 -0.88537 -0.88537 -0.88537 -0.88537 -0.88537 -0.88537 -0.88537 -0.88537 -0.88537
-0.19492 -0.19492 -0.19492 -0.19492 -0.19492 -0.19492 -0.19492 -0.19492 -0.19492 -0.19492 -0.19492 -0.19492 -0.19492 -0.19492 -0.19492 -0.19492 -0.19492 -0.19492 -0.19492 -0.19492 -0.19492 -0.19492 -0.19492 -0.19492 -0.19492
0.0020823 0.0020823 0.0020823 0.0020823 0.0020823 0.0020823 0.0020823 0.0020823 0.0020823 0.0020823 0.0020823 0.0020823 0.0020823 0.0020823 0.0020823 0.0020823 0.0020823 0.0020823 0.0020823 0.0020823 0.0020823 0.0020823 0.0020823 0.0020823 0.0020823
0.0018645 0.0018645 0.0018645 0.0018645 0.0018645 0.0018645 0.0018645 0.0018645 0.0018645 0.0018645 0.0018645 0.0018645 0.0018645 0.0018645 0.0018645 0.0018645 0.0018645 0.0018645 0.0018645 0.0018645 0.0018645 0.0018645 0.0018645 0.0018645 0.0018645
-0.0040553 -0.0040553 -0.0040553 -0.0040553 -0.0040553 -0.0040553 -0.0040553 -0.0040553 -0.0040553 -0.0040553 -0.0040553 -0.0040553 -0.0040553 -0.0040553 -0.0040553 -0.0040553 -0.0040553 -0.0040553 -0.0040553 -0.0040553 -0.0040553 -0.0040553 -0.0040553 -0.0040553 -0.0040553
0 0 0 0 0 0 0 0 0 0 0 0 0 0 0 0 0 0 0 0 0 0 0 0 0
0 0 0 0 0 0 0 0 0 0 0 0 0 0 0 0 0 0 0 0 0 0 0 0 0
0 0 0 0 0 0 0 0 0 0 0 0 0 0 0 0 0 0 0 0 0 0 0 0 0
0 0 0 0 0 0 0 0 0 0 0 0 0 0 0 0 0 0 0 0 0 0 0 0 0
0 0 0 0 0 0 0 0 0 0 0 0 0 0 0 0 0 0 0 0 0 0 0 0 0
-0 -0 -0 -0 -0 -0 -0 -0 -0 -0 -0 -0 -0 -0 -0 -0 -0 -0 -0 -0 -0 -0 -0 -0 -0
-0 -0 -0 -0 -0 -0 -0 -0 -0 -0 -0 -0 -0 -0 -0 -0 -0 -0 -0 -0 -0 -0 -0 -0 -0
0 0 0 0 0 0 0 0 0 0 0 0 0 0 0 0 0 0 0 0 0 0 0 0 0
0 0 0 0 0 0 0 0 0 0 0 0 0 0 0 0 0 0 0 0 0 0 0 0 0
0 0 0 0 0 0 0 0 0 0 0 0 0 0 0 0 0 0 0 0 0 0 0 0 0
0 0 0 0 0 0 0 0 0 0 0 0 0 0 0 0 0 0 0 0 0 0 0 0 0
0 0 0 0 0 0 0 0 0 0 0 0 0 0 0 0 0 0 0 0 0 0 0 0 0
0 0 0 0 0 0 0 0 0 0 0 0 0 0 0 0 0 0 0 0 0 0 0 0 0
0 0 0 0 0 0 0 0 0 0 0 0 0 0 0 0 0 0 0 0 0 0 0 0 0
0 0 0 0 0 0 0 0 0 0 0 0 0 0 0 0 0 0 0 0 0 0 0 0 0
0 0 0 0 0 0 0 0 0 0 0 0 0 0 0 0 0 0 0 0 0 0 0 0 0
0 0 0 0 0 0 0 0 0 0 0 0 0 0 0 0 0 0 0 0 0 0 0 0 0
-0 -0 -0 -0 -0 -0 -0 -0 -0 -0 -0 -0 -0 -0 -0 -0 -0 -0 -0 -0 -0 -0 -0 -0 -0
0 0 0 0 0 0 0 0 0 0 0 0 0 0 0 0 0 0 0 0 0 0 0 0 0
0 0 0 0 0 0 0 0 0 0 0 0 0 0 0 0 0 0 0 0 0 0 0 0 0
0 0 0 0 0 0 0 0 0 0 0 0 0 0 0 0 0 0 0 0 0 0 0 0 0
0 0 0 0 0 0 0 0 0 0 0 0 0 0 0 0 0 0 0 0 0 0 0 0 0
0 0 0 0 0 0 0 0 0 0 0 0 0 0 0 0 0 0 0 0 0 0 0 0 0
0 0 0 0 0 0 0 0 0 0 0 0 0 0 0 0 0 0 0 0 0 0 0 0 0
0 0 0 0 0 0 0 0 0 0 0 0 0 0 0 0 0 0 0 0 0 0 0 0 0
0 0 0 0 0 0 0 0 0 0 0 0 0 0 0 0 0 0 0 0 0 0 0 0 0
0 0 0 0 0 0 0 0 0 0 0 0 0 0 0 0 0 0 0 0 0 0 0 0 0
-0 -0 -0 -0 -0 -0 -0 -0 -0 -0 -0 -0 -0 -0 -0 -0 -0 -0 -0 -0 -0 -0 -0 -0 -0
-0 -0 -0 -0 -0 -0 -0 -0 -0 -0 -0 -0 -0 -0 -0 -0 -0 -0 -0 -0 -0 -0 -0 -0 -0
0 0 0 0 0 0 0 0 0 0 0 0 0 0 0 0 0 0 0 0 0 0 0 0 0
0 0 0 0 0 0 0 0 0 0 0 0 0 0 0 0 0 0 0 0 0 0 0 0 0
0 0 0 0 0 0 0 0 0 0 0 0 0 0 0 0 0 0 0 0 0 0 0 0 0
0 0 0 0 0 0 0 0 0 0 0 0 0 0 0 0 0 0 0 0 0 0 0 0 0
0 0 0 0 0 0 0 0 0 0 0 0 0 0 0 0 0 0 0 0 0 0 0 0 0
0 0 0 0 0 0 0 0 0 0 0 0 0 0 0 0 0 0 0 0 0 0 0 0 0
0 0 0 0 0 0 0 0 0 0 0 0 0 0 0 0 0 0 0 0 0 0 0 0 0
0 0 0 0 0 0 0 0 0 0 0 0 0 0 0 0 0 0 0 0 0 0 0 0 0
0 0 0 0 0 0 0 0 0 0 0 0 0 0 0 0 0 0 0 0 0 0 0 0 0
0 0 0 0 0 0 0 0 0 0 0 0 0 0 0 0 0 0 0 0 0 0 0 0 0
-0 -0 -0 -0 -0 -0 -0 -0 -0 -0 -0 -0 -0 -0 -0 -0 -0 -0 -0 -0 -0 -0 -0 -0 -0
0 0 0 0 0 0 0 0 0 0 0 0 0 0 0 0 0 0 0 0 0 0 0 0 0
0 0 0 0 0 0 0 0 0 0 0 0 0 0 0 0 0 0 0 0 0 0 0 0 0
0 0 0 0 0 0 0 0 0 0 0 0 0 0 0 0 0 0 0 0 0 0 0 0 0
0 0 0 0 0 0 0 0 0 0 0 0 0 0 0 0 0 0 0 0 0 0 0 0 0
0 0 0 0 0 0 0 0 0 0 0 0 0 0 0 0 0 0 0 0 0 0 0 0 0
0 0 0 0 0 0 0 0 0 0 0 0 0 0 0 0 0 0 0 0 0 0 0 0 0
0 0 0 0 0 0 0 0 0 0 0 0 0 0 0 0 0 0 0 0 0 0 0 0 0
0 0 0 0 0 0 0 0 0 0 0 0 0 0 0 0 0 0 0 0 0 0 0 0 0
0 0 0 0 0 0 0 0 0 0 0 0 0 0 0 0 0 0 0 0 0 0 0 0 0
-0 -0 -0 -0 -0 -0 -0 -0 -0 -0 -0 -0 -0 -0 -0 -0 -0 -0 -0 -0 -0 -0 -0 -0 -0
-0 -0 -0 -0 -0 -0 -0 -0 -0 -0 -0 -0 -0 -0 -0 -0 -0 -0 -0 -0 -0 -0 -0 -0 -0
0 0 0 0 0 0 0 0 0 0 0 0 0 0 0 0 0 0 0 0 0 0 0 0 0
0 0 0 0 0 0 0 0 0 0 0 0 0 0 0 0 0 0 0 0 0 0 0 0 0
0 0 0 0 0 0 0 0 0 0 0 0 0 0 0 0 0 0 0 0 0 0 0 0 0
0 0 0 0 0 0 0 0 0 0 0 0 0 0 0 0 0 0 0 0 0 0 0 0 0
0 0 0 0 0 0 0 0 0 0 0 0 0 0 0 0 0 0 0 0 0 0 0 0 0
0 0 0 0 0 0 0 0 0 0 0 0 0 0 0 0 0 0 0 0 0 0 0 0 0
0 0 0 0 0 0 0 0 0 0 0 0 0 0 0 0 0 0 0 0 0 0 0 0 0
0 0 0 0 0 0 0 0 0 0 0 0 0 0 0 0 0 0 0 0 0 0 0 0 0
0 0 0 0 0 0 0 0 0 0 0 0 0 0 0 0 0 0 0 0 0 0 0 0 0
0 0 0 0 0 0 0 0 0 0 0 0 0 0 0 0 0 0 0 0 0 0 0 0 0
-0 -0 -0 -0 -0 -0 -0 -0 -0 -0 -0 -0 -0 -0 -0 -0 -0 -0 -0 -0 -0 -0 -0 -0 -0
0 0 0 0 0 0 0 0 0 0 0 0 0 0 0 0 0 0 0 0 0 0 0 0 0
0 0 0 0 0 0 0 0 0 0 0 0 0 0 0 0 0 0 0 0 0 0 0 0 0
0 0 0 0 0 0 0 0 0 0 0 0 0 0 0 0 0 0 0 0 0 0 0 0 0
0 0 0 0 0 0 0 0 0 0 0 0 0 0 0 0 0 0 0 0 0 0 0 0 0
0 0 0 0 0 0 0 0 0 0 0 0 0 0 0 0 0 0 0 0 0 0 0 0 0
0 0 0 0 0 0 0 0 0 0 0 0 0 0 0 0 0 0 0 0 0 0 0 0 0
0 0 0 0 0 0 0 0 0 0 0 0 0 0 0 0 0 0 0 0 0 0 0 0 0
0 0 0 0 0 0 0 0 0 0 0 0 0 0 0 0 0 0 0 0 0 0 0 0 0
0 0 0 0 0 0 0 0 0 0 0 0 0 0 0 0 0 0 0 0 0 0 0 0 0
0 0 0 0 0 0 0 0 0 0 0 0 0 0 0 0 0 0 0 0 0 0 0 0 0
0 0 0 0 0 0 0 0 0 0 0 0 0 0 0 0 0 0 0 0 0 0 0 0 0
0 0 0 0 0 0 0 0 0 0 0 0 0 0 0 0 0 0 0 0 0 0 0 0 0
0 0 0 0 0 0 0 0 0 0 0 0 0 0 0 0 0 0 0 0 0 0 0 0 0
0 0 0 0 0 0 0 0 0 0 0 0 0 0 0 0 0 0 0 0 0 0 0 0 0
0 0 0 0 0 0 0 0 0 0 0 0 0 0 0 0 0 0 0 0 0 0 0 0 0
0 0 0 0 0 0 0 0 0 0 0 0 0 0 0 0 0 0 0 0 0 0 0 0 0
0 0 0 0 0 0 0 0 0 0 0 0 0 0 0 0 0 0 0 0 0 0 0 0 0
0 0 0 0 0 0 0 0 0 0 0 0 0 0 0 0 0 0 0 0 0 0 0 0 0
0 0 0 0 0 0 0 0 0 0 0 0 0 0 0 0 0 0 0 0 0 0 0 0 0
0 0 0 0 0 0 0 0 0 0 0 0 0 0 0 0 0 0 0 0 0 0 0 0 0
1 2 3 4 5 6 7 8 9 10 11 12 13 14 15 16 17 18 19 20 21 22 23 24 25
