-0.018364 -0.018364 -0.018364 -0.018364 -0.018364 -0.018364 -0.018364 -0.018364 -0.018364 -0.018364 -0.018364 -0.018364 -0.018364 -0.018364 -0.018364 -0.018364 -0.018364 -0.018364 -0.018364 -0.018364 -0.018364 -0.018364 -0.018364 -0.018364 -0.018364
-0.017057 -0.017057 -0.017057 -0.017057 -0.017057 -0.017057 -0.017057 -0.017057 -0.017057 -0.017057 -0.017057 -0.017057 -0.017057 -0.017057 -0.017057 -0.017057 -0.017057 -0.017057 -0.017057 -0.017057 -0.017057 -0.017057 -0.017057 -0.017057 -0.017057
-0.023924 -0.023924 -0.023924 -0.023924 -0.023924 -0.023924 -0.023924 -0.023924 -0.023924 -0.023924 -0.023924 -0.023924 -0.023924 -0.023924 -0.023924 -0.023924 -0.023924 -0.023924 -0.023924 -0.023924 -0.023924 -0.023924 -0.023924 -0.023924 -0.023924
-0.099341 -0.099341 -0.099341 -0.099341 -0.099341 -0.099341 -0.099341 -0.099341 -0.099341 -0.099341 -0.099341 -0.099341 -0.099341 -0.099341 -0.099341 -0.099341 -0.099341 -0.099341 -0.099341 -0.099341 -0.099341 -0.099341 -0.099341 -0.099341 -0.099341
-0.099341 -0.099341 -0.099341 -0.099341 -0.099341 -0.099341 -0.099341 -0.099341 -0.099341 -0.099341 -0.099341 -0.099341 -0.099341 -0.099341 -0.099341 -0.099341 -0.099341 -0.099341 -0.099341 -0.099341 -0.099341 -0.099341 -0.099341 -0.099341 -0.099341
-0.10856 -0.10856 -0.10856 -0.10856 -0.10856 -0.10856 -0.10856 -0.10856 -0.10856 -0.10856 -0.10856 -0.10856 -0.10856 -0.10856 -0.10856 -0.10856 -0.10856 -0.10856 -0.10856 -0.10856 -0.10856 -0.10856 -0.10856 -0.10856 -0.10856
-0.092944 -0.092944 -0.092944 -0.092944 -0.092944 -0.092944 -0.092944 -0.092944 -0.092944 -0.092944 -0.092944 -0.092944 -0.092944 -0.092944 -0.092944 -0.092944 -0.092944 -0.092944 -0.092944 -0.092944 -0.092944 -0.092944 -0.092944 -0.092944 -0.092944
0.90131 0.90131 0.90131 0.90131 0.90131 0.90131 0.90131 0.90131 0.90131 0.90131 0.90131 0.90131 0.90131 0.90131 0.90131 0.90131 0.90131 0.90131 0.90131 0.90131 0.90131 0.90131 0.90131 0.90131 0.90131
1.0009 1.0009 1.0009 1.0009 1.0009 1.0009 1.0009 1.0009 1.0009 1.0009 1.0009 1.0009 1.0009 1.0009 1.0009 1.0009 1.0009 1.0009 1.0009 1.0009 1.0009 1.0009 1.0009 1.0009 1.0009
0.88207 0.88207 0.88207 0.88207 0.88207 0.88207 0.88207 0.88207 0.88207 0.88207 0.88207 0.88207 0.88207 0.88207 0.88207 0.88207 0.88207 0.88207 0.88207 0.88207 0.88207 0.88207 0.88207 0.88207 0.88207
-0.16061 -0.16061 -0.16061 -0.16061 -0.16061 -0.16061 -0.16061 -0.16061 -0.16061 -0.16061 -0.16061 -0.16061 -0.16061 -0.16061 -0.16061 -0.16061 -0.16061 -0.16061 -0.16061 -0.16061 -0.16061 -0.16061 -0.16061 -0.16061 -0.16061
-0.019397 -0.019397 -0.019397 -0.019397 -0.019397 -0.019397 -0.019397 -0.019397 -0.019397 -0.019397 -0.019397 -0.019397 -0.019397 -0.019397 -0.019397 -0.019397 -0.019397 -0.019397 -0.019397 -0.019397 -0.019397 -0.019397 -0.019397 -0.019397 -0.019397
-0.018428 -0.018428 -0.018428 -0.018428 -0.018428 -0.018428 -0.018428 -0.018428 -0.018428 -0.018428 -0.018428 -0.018428 -0.018428 -0.018428 -0.018428 -0.018428 -0.018428 -0.018428 -0.018428 -0.018428 -0.018428 -0.018428 -0.018428 -0.018428 -0.018428
-0.026582 -0.026582 -0.026582 -0.026582 -0.026582 -0.026582 -0.026582 -0.026582 -0.026582 -0.026582 -0.026582 -0.026582 -0.026582 -0.026582 -0.026582 -0.026582 -0.026582 -0.026582 -0.026582 -0.026582 -0.026582 -0.026582 -0.026582 -0.026582 -0.026582
-0.065042 -0.065042 -0.065042 -0.065042 -0.065042 -0.065042 -0.065042 -0.065042 -0.065042 -0.065042 -0.065042 -0.065042 -0.065042 -0.065042 -0.065042 -0.065042 -0.065042 -0.065042 -0.065042 -0.065042 -0.065042 -0.065042 -0.065042 -0.065042 -0.065042
-0.055516 -0.055516 -0.055516 -0.055516 -0.055516 -0.055516 -0.055516 -0.055516 -0.055516 -0.055516 -0.055516 -0.055516 -0.055516 -0.055516 -0.055516 -0.055516 -0.055516 -0.055516 -0.055516 -0.055516 -0.055516 -0.055516 -0.055516 -0.055516 -0.055516
-0.15986 -0.15986 -0.15986 -0.15986 -0.15986 -0.15986 -0.15986 -0.15986 -0.15986 -0.15986 -0.15986 -0.15986 -0.15986 -0.15986 -0.15986 -0.15986 -0.15986 -0.15986 -0.15986 -0.15986 -0.15986 -0.15986 -0.15986 -0.15986 -0.15986
-0.37359 -0.37359 -0.37359 -0.37359 -0.37359 -0.37359 -0.37359 -0.37359 -0.37359 -0.37359 -0.37359 -0.37359 -0.37359 -0.37359 -0.37359 -0.37359 -0.37359 -0.37359 -0.37359 -0.37359 -0.37359 -0.37359 -0.37359 -0.37359 -0.37359
-1.1932 -1.1932 -1.1932 -1.1932 -1.1932 -1.1932 -1.1932 -1.1932 -1.1932 -1.1932 -1.1932 -1.1932 -1.1932 -1.1932 -1.1932 -1.1932 -1.1932 -1.1932 -1.1932 -1.1932 -1.1932 -1.1932 -1.1932 -1.1932 -1.1932
-2.6189 -2.6189 -2.6189 -2.6189 -2.6189 -2.6189 -2.6189 -2.6189 -2.6189 -2.6189 -2.6189 -2.6189 -2.6189 -2.6189 -2.6189 -2.6189 -2.6189 -2.6189 -2.6189 -2.6189 -2.6189 -2.6189 -2.6189 -2.6189 -2.6189
-1.3762 -1.3762 -1.3762 -1.3762 -1.3762 -1.3762 -1.3762 -1.3762 -1.3762 -1.3762 -1.3762 -1.3762 -1.3762 -1.3762 -1.3762 -1.3762 -1.3762 -1.3762 -1.3762 -1.3762 -1.3762 -1.3762 -1.3762 -1.3762 -1.3762
-0.2835 -0.2835 -0.2835 -0.2835 -0.2835 -0.2835 -0.2835 -0.2835 -0.2835 -0.2835 -0.2835 -0.2835 -0.2835 -0.2835 -0.2835 -0.2835 -0.2835 -0.2835 -0.2835 -0.2835 -0.2835 -0.2835 -0.2835 -0.2835 -0.2835
-0.027703 -0.027703 -0.027703 -0.027703 -0.027703 -0.027703 -0.027703 -0.027703 -0.027703 -0.027703 -0.027703 -0.027703 -0.027703 -0.027703 -0.027703 -0.027703 -0.027703 -0.027703 -0.027703 -0.027703 -0.027703 -0.027703 -0.027703 -0.027703 -0.027703
-0.026199 -0.026199 -0.026199 -0.026199 -0.026199 -0.026199 -0.026199 -0.026199 -0.026199 -0.026199 -0.026199 -0.026199 -0.026199 -0.026199 -0.026199 -0.026199 -0.026199 -0.026199 -0.026199 -0.026199 -0.026199 -0.026199 -0.026199 -0.026199 -0.026199
-0.038563 -0.038563 -0.038563 -0.038563 -0.038563 -0.038563 -0.038563 -0.038563 -0.038563 -0.038563 -0.038563 -0.038563 -0.038563 -0.038563 -0.038563 -0.038563 -0.038563 -0.038563 -0.038563 -0.038563 -0.038563 -0.038563 -0.038563 -0.038563 -0.038563
-0.17427 -0.17427 -0.17427 -0.17427 -0.17427 -0.17427 -0.17427 -0.17427 -0.17427 -0.17427 -0.17427 -0.17427 -0.17427 -0.17427 -0.17427 -0.17427 -0.17427 -0.17427 -0.17427 -0.17427 -0.17427 -0.17427 -0.17427 -0.17427 -0.17427
-0.17427 -0.17427 -0.17427 -0.17427 -0.17427 -0.17427 -0.17427 -0.17427 -0.17427 -0.17427 -0.17427 -0.17427 -0.17427 -0.17427 -0.17427 -0.17427 -0.17427 -0.17427 -0.17427 -0.17427 -0.17427 -0.17427 -0.17427 -0.17427 -0.17427
-0.23321 -0.23321 -0.23321 -0.23321 -0.23321 -0.23321 -0.23321 -0.23321 -0.23321 -0.23321 -0.23321 -0.23321 -0.23321 -0.23321 -0.23321 -0.23321 -0.23321 -0.23321 -0.23321 -0.23321 -0.23321 -0.23321 -0.23321 -0.23321 -0.23321
-0.49172 -0.49172 -0.49172 -0.49172 -0.49172 -0.49172 -0.49172 -0.49172 -0.49172 -0.49172 -0.49172 -0.49172 -0.49172 -0.49172 -0.49172 -0.49172 -0.49172 -0.49172 -0.49172 -0.49172 -0.49172 -0.49172 -0.49172 -0.49172 -0.49172
-0.79518 -0.79518 -0.79518 -0.79518 -0.79518 -0.79518 -0.79518 -0.79518 -0.79518 -0.79518 -0.79518 -0.79518 -0.79518 -0.79518 -0.79518 -0.79518 -0.79518 -0.79518 -0.79518 -0.79518 -0.79518 -0.79518 -0.79518 -0.79518 -0.79518
-0.42765 -0.42765 -0.42765 -0.42765 -0.42765 -0.42765 -0.42765 -0.42765 -0.42765 -0.42765 -0.42765 -0.42765 -0.42765 -0.42765 -0.42765 -0.42765 -0.42765 -0.42765 -0.42765 -0.42765 -0.42765 -0.42765 -0.42765 -0.42765 -0.42765
-0.67838 -0.67838 -0.67838 -0.67838 -0.67838 -0.67838 -0.67838 -0.67838 -0.67838 -0.67838 -0.67838 -0.67838 -0.67838 -0.67838 -0.67838 -0.67838 -0.67838 -0.67838 -0.67838 -0.67838 -0.67838 -0.67838 -0.67838 -0.67838 -0.67838
-0.36763 -0.36763 -0.36763 -0.36763 -0.36763 -0.36763 -0.36763 -0.36763 -0.36763 -0.36763 -0.36763 -0.36763 -0.36763 -0.36763 -0.36763 -0.36763 -0.36763 -0.36763 -0.36763 -0.36763 -0.36763 -0.36763 -0.36763 -0.36763 -0.36763
-0.027632 -0.027632 -0.027632 -0.027632 -0.027632 -0.027632 -0.027632 -0.027632 -0.027632 -0.027632 -0.027632 -0.027632 -0.027632 -0.027632 -0.027632 -0.027632 -0.027632 -0.027632 -0.027632 -0.027632 -0.027632 -0.027632 -0.027632 -0.027632 -0.027632
-0.026211 -0.026211 -0.026211 -0.026211 -0.026211 -0.026211 -0.026211 -0.026211 -0.026211 -0.026211 -0.026211 -0.026211 -0.026211 -0.026211 -0.026211 -0.026211 -0.026211 -0.026211 -0.026211 -0.026211 -0.026211 -0.026211 -0.026211 -0.026211 -0.026211
-0.038402 -0.038402 -0.038402 -0.038402 -0.038402 -0.038402 -0.038402 -0.038402 -0.038402 -0.038402 -0.038402 -0.038402 -0.038402 -0.038402 -0.038402 -0.038402 -0.038402 -0.038402 -0.038402 -0.038402 -0.038402 -0.038402 -0.038402 -0.038402 -0.038402
-0.094904 -0.094904 -0.094904 -0.094904 -0.094904 -0.094904 -0.094904 -0.094904 -0.094904 -0.094904 -0.094904 -0.094904 -0.094904 -0.094904 -0.094904 -0.094904 -0.094904 -0.094904 -0.094904 -0.094904 -0.094904 -0.094904 -0.094904 -0.094904 -0.094904
-0.079029 -0.079029 -0.079029 -0.079029 -0.079029 -0.079029 -0.079029 -0.079029 -0.079029 -0.079029 -0.079029 -0.079029 -0.079029 -0.079029 -0.079029 -0.079029 -0.079029 -0.079029 -0.079029 -0.079029 -0.079029 -0.079029 -0.079029 -0.079029 -0.079029
-0.2358 -0.2358 -0.2358 -0.2358 -0.2358 -0.2358 -0.2358 -0.2358 -0.2358 -0.2358 -0.2358 -0.2358 -0.2358 -0.2358 -0.2358 -0.2358 -0.2358 -0.2358 -0.2358 -0.2358 -0.2358 -0.2358 -0.2358 -0.2358 -0.2358
-0.53314 -0.53314 -0.53314 -0.53314 -0.53314 -0.53314 -0.53314 -0.53314 -0.53314 -0.53314 -0.53314 -0.53314 -0.53314 -0.53314 -0.53314 -0.53314 -0.53314 -0.53314 -0.53314 -0.53314 -0.53314 -0.53314 -0.53314 -0.53314 -0.53314
-1.4055 -1.4055 -1.4055 -1.4055 -1.4055 -1.4055 -1.4055 -1.4055 -1.4055 -1.4055 -1.4055 -1.4055 -1.4055 -1.4055 -1.4055 -1.4055 -1.4055 -1.4055 -1.4055 -1.4055 -1.4055 -1.4055 -1.4055 -1.4055 -1.4055
-2.4988 -2.4988 -2.4988 -2.4988 -2.4988 -2.4988 -2.4988 -2.4988 -2.4988 -2.4988 -2.4988 -2.4988 -2.4988 -2.4988 -2.4988 -2.4988 -2.4988 -2.4988 -2.4988 -2.4988 -2.4988 -2.4988 -2.4988 -2.4988 -2.4988
-1.5695 -1.5695 -1.5695 -1.5695 -1.5695 -1.5695 -1.5695 -1.5695 -1.5695 -1.5695 -1.5695 -1.5695 -1.5695 -1.5695 -1.5695 -1.5695 -1.5695 -1.5695 -1.5695 -1.5695 -1.5695 -1.5695 -1.5695 -1.5695 -1.5695
-0.39248 -0.39248 -0.39248 -0.39248 -0.39248 -0.39248 -0.39248 -0.39248 -0.39248 -0.39248 -0.39248 -0.39248 -0.39248 -0.39248 -0.39248 -0.39248 -0.39248 -0.39248 -0.39248 -0.39248 -0.39248 -0.39248 -0.39248 -0.39248 -0.39248
0.013052 0.013052 0.013052 0.013052 0.013052 0.013052 0.013052 0.013052 0.013052 0.013052 0.013052 0.013052 0.013052 0.013052 0.013052 0.013052 0.013052 0.013052 0.013052 0.013052 0.013052 0.013052 0.013052 0.013052 0.013052
0.01353 0.01353 0.01353 0.01353 0.01353 0.01353 0.01353 0.01353 0.01353 0.01353 0.01353 0.01353 0.01353 0.01353 0.01353 0.01353 0.01353 0.01353 0.01353 0.01353 0.01353 0.01353 0.01353 0.01353 0.01353
0.026582 0.026582 0.026582 0.026582 0.026582 0.026582 0.026582 0.026582 0.026582 0.026582 0.026582 0.026582 0.026582 0.026582 0.026582 0.026582 0.026582 0.026582 0.026582 0.026582 0.026582 0.026582 0.026582 0.026582 0.026582
0.15289 0.15289 0.15289 0.15289 0.15289 0.15289 0.15289 0.15289 0.15289 0.15289 0.15289 0.15289 0.15289 0.15289 0.15289 0.15289 0.15289 0.15289 0.15289 0.15289 0.15289 0.15289 0.15289 0.15289 0.15289
0.15289 0.15289 0.15289 0.15289 0.15289 0.15289 0.15289 0.15289 0.15289 0.15289 0.15289 0.15289 0.15289 0.15289 0.15289 0.15289 0.15289 0.15289 0.15289 0.15289 0.15289 0.15289 0.15289 0.15289 0.15289
0.29543 0.29543 0.29543 0.29543 0.29543 0.29543 0.29543 0.29543 0.29543 0.29543 0.29543 0.29543 0.29543 0.29543 0.29543 0.29543 0.29543 0.29543 0.29543 0.29543 0.29543 0.29543 0.29543 0.29543 0.29543
1.0165 1.0165 1.0165 1.0165 1.0165 1.0165 1.0165 1.0165 1.0165 1.0165 1.0165 1.0165 1.0165 1.0165 1.0165 1.0165 1.0165 1.0165 1.0165 1.0165 1.0165 1.0165 1.0165 1.0165 1.0165
4.5675 4.5675 4.5675 4.5675 4.5675 4.5675 4.5675 4.5675 4.5675 4.5675 4.5675 4.5675 4.5675 4.5675 4.5675 4.5675 4.5675 4.5675 4.5675 4.5675 4.5675 4.5675 4.5675 4.5675 4.5675
-0.041865 -0.041865 -0.041865 -0.041865 -0.041865 -0.041865 -0.041865 -0.041865 -0.041865 -0.041865 -0.041865 -0.041865 -0.041865 -0.041865 -0.041865 -0.041865 -0.041865 -0.041865 -0.041865 -0.041865 -0.041865 -0.041865 -0.041865 -0.041865 -0.041865
-4.1574 -4.1574 -4.1574 -4.1574 -4.1574 -4.1574 -4.1574 -4.1574 -4.1574 -4.1574 -4.1574 -4.1574 -4.1574 -4.1574 -4.1574 -4.1574 -4.1574 -4.1574 -4.1574 -4.1574 -4.1574 -4.1574 -4.1574 -4.1574 -4.1574
-0.45423 -0.45423 -0.45423 -0.45423 -0.45423 -0.45423 -0.45423 -0.45423 -0.45423 -0.45423 -0.45423 -0.45423 -0.45423 -0.45423 -0.45423 -0.45423 -0.45423 -0.45423 -0.45423 -0.45423 -0.45423 -0.45423 -0.45423 -0.45423 -0.45423
0.012025 0.012025 0.012025 0.012025 0.012025 0.012025 0.012025 0.012025 0.012025 0.012025 0.012025 0.012025 0.012025 0.012025 0.012025 0.012025 0.012025 0.012025 0.012025 0.012025 0.012025 0.012025 0.012025 0.012025 0.012025
0.012072 0.012072 0.012072 0.012072 0.012072 0.012072 0.012072 0.012072 0.012072 0.012072 0.012072 0.012072 0.012072 0.012072 0.012072 0.012072 0.012072 0.012072 0.012072 0.012072 0.012072 0.012072 0.012072 0.012072 0.012072
0.023332 0.023332 0.023332 0.023332 0.023332 0.023332 0.023332 0.023332 0.023332 0.023332 0.023332 0.023332 0.023332 0.023332 0.023332 0.023332 0.023332 0.023332 0.023332 0.023332 0.023332 0.023332 0.023332 0.023332 0.023332
0.068468 0.068468 0.068468 0.068468 0.068468 0.068468 0.068468 0.068468 0.068468 0.068468 0.068468 0.068468 0.068468 0.068468 0.068468 0.068468 0.068468 0.068468 0.068468 0.068468 0.068468 0.068468 0.068468 0.068468 0.068468
0.05412 0.05412 0.05412 0.05412 0.05412 0.05412 0.05412 0.05412 0.05412 0.05412 0.05412 0.05412 0.05412 0.05412 0.05412 0.05412 0.05412 0.05412 0.05412 0.05412 0.05412 0.05412 0.05412 0.05412 0.05412
0.20937 0.20937 0.20937 0.20937 0.20937 0.20937 0.20937 0.20937 0.20937 0.20937 0.20937 0.20937 0.20937 0.20937 0.20937 0.20937 0.20937 0.20937 0.20937 0.20937 0.20937 0.20937 0.20937 0.20937 0.20937
0.54408 0.54408 0.54408 0.54408 0.54408 0.54408 0.54408 0.54408 0.54408 0.54408 0.54408 0.54408 0.54408 0.54408 0.54408 0.54408 0.54408 0.54408 0.54408 0.54408 0.54408 0.54408 0.54408 0.54408 0.54408
1.1881 1.1881 1.1881 1.1881 1.1881 1.1881 1.1881 1.1881 1.1881 1.1881 1.1881 1.1881 1.1881 1.1881 1.1881 1.1881 1.1881 1.1881 1.1881 1.1881 1.1881 1.1881 1.1881 1.1881 1.1881
0.10033 0.10033 0.10033 0.10033 0.10033 0.10033 0.10033 0.10033 0.10033 0.10033 0.10033 0.10033 0.10033 0.10033 0.10033 0.10033 0.10033 0.10033 0.10033 0.10033 0.10033 0.10033 0.10033 0.10033 0.10033
-1.1606 -1.1606 -1.1606 -1.1606 -1.1606 -1.1606 -1.1606 -1.1606 -1.1606 -1.1606 -1.1606 -1.1606 -1.1606 -1.1606 -1.1606 -1.1606 -1.1606 -1.1606 -1.1606 -1.1606 -1.1606 -1.1606 -1.1606 -1.1606 -1.1606
-0.29073 -0.29073 -0.29073 -0.29073 -0.29073 -0.29073 -0.29073 -0.29073 -0.29073 -0.29073 -0.29073 -0.29073 -0.29073 -0.29073 -0.29073 -0.29073 -0.29073 -0.29073 -0.29073 -0.29073 -0.29073 -0.29073 -0.29073 -0.29073 -0.29073
0 0 0 0 0 0 0 0 0 0 0 0 0 0 0 0 0 0 0 0 0 0 0 0 0
0 0 0 0 0 0 0 0 0 0 0 0 0 0 0 0 0 0 0 0 0 0 0 0 0
0 0 0 0 0 0 0 0 0 0 0 0 0 0 0 0 0 0 0 0 0 0 0 0 0
0 0 0 0 0 0 0 0 0 0 0 0 0 0 0 0 0 0 0 0 0 0 0 0 0
0 0 0 0 0 0 0 0 0 0 0 0 0 0 0 0 0 0 0 0 0 0 0 0 0
0 0 0 0 0 0 0 0 0 0 0 0 0 0 0 0 0 0 0 0 0 0 0 0 0
0 0 0 0 0 0 0 0 0 0 0 0 0 0 0 0 0 0 0 0 0 0 0 0 0
-0 -0 -0 -0 -0 -0 -0 -0 -0 -0 -0 -0 -0 -0 -0 -0 -0 -0 -0 -0 -0 -0 -0 -0 -0
-0 -0 -0 -0 -0 -0 -0 -0 -0 -0 -0 -0 -0 -0 -0 -0 -0 -0 -0 -0 -0 -0 -0 -0 -0
0 0 0 0 0 0 0 0 0 0 0 0 0 0 0 0 0 0 0 0 0 0 0 0 0
0 0 0 0 0 0 0 0 0 0 0 0 0 0 0 0 0 0 0 0 0 0 0 0 0
0 0 0 0 0 0 0 0 0 0 0 0 0 0 0 0 0 0 0 0 0 0 0 0 0
0 0 0 0 0 0 0 0 0 0 0 0 0 0 0 0 0 0 0 0 0 0 0 0 0
0 0 0 0 0 0 0 0 0 0 0 0 0 0 0 0 0 0 0 0 0 0 0 0 0
0 0 0 0 0 0 0 0 0 0 0 0 0 0 0 0 0 0 0 0 0 0 0 0 0
0 0 0 0 0 0 0 0 0 0 0 0 0 0 0 0 0 0 0 0 0 0 0 0 0
0 0 0 0 0 0 0 0 0 0 0 0 0 0 0 0 0 0 0 0 0 0 0 0 0
0 0 0 0 0 0 0 0 0 0 0 0 0 0 0 0 0 0 0 0 0 0 0 0 0
0 0 0 0 0 0 0 0 0 0 0 0 0 0 0 0 0 0 0 0 0 0 0 0 0
-0 -0 -0 -0 -0 -0 -0 -0 -0 -0 -0 -0 -0 -0 -0 -0 -0 -0 -0 -0 -0 -0 -0 -0 -0
0 0 0 0 0 0 0 0 0 0 0 0 0 0 0 0 0 0 0 0 0 0 0 0 0
0 0 0 0 0 0 0 0 0 0 0 0 0 0 0 0 0 0 0 0 0 0 0 0 0
-0.0027848 -0.0027848 -0.0027848 -0.0027848 -0.0027848 -0.0027848 -0.0027848 -0.0027848 -0.0027848 -0.0027848 -0.0027848 -0.0027848 -0.0027848 -0.0027848 -0.0027848 -0.0027848 -0.0027848 -0.0027848 -0.0027848 -0.0027848 -0.0027848 -0.0027848 -0.0027848 -0.0027848 -0.0027848
-0.0023519 -0.0023519 -0.0023519 -0.0023519 -0.0023519 -0.0023519 -0.0023519 -0.0023519 -0.0023519 -0.0023519 -0.0023519 -0.0023519 -0.0023519 -0.0023519 -0.0023519 -0.0023519 -0.0023519 -0.0023519 -0.0023519 -0.0023519 -0.0023519 -0.0023519 -0.0023519 -0.0023519 -0.0023519
-0.0022307 -0.0022307 -0.0022307 -0.0022307 -0.0022307 -0.0022307 -0.0022307 -0.0022307 -0.0022307 -0.0022307 -0.0022307 -0.0022307 -0.0022307 -0.0022307 -0.0022307 -0.0022307 -0.0022307 -0.0022307 -0.0022307 -0.0022307 -0.0022307 -0.0022307 -0.0022307 -0.0022307 -0.0022307
-0.0023297 -0.0023297 -0.0023297 -0.0023297 -0.0023297 -0.0023297 -0.0023297 -0.0023297 -0.0023297 -0.0023297 -0.0023297 -0.0023297 -0.0023297 -0.0023297 -0.0023297 -0.0023297 -0.0023297 -0.0023297 -0.0023297 -0.0023297 -0.0023297 -0.0023297 -0.0023297 -0.0023297 -0.0023297
-0.0023297 -0.0023297 -0.0023297 -0.0023297 -0.0023297 -0.0023297 -0.0023297 -0.0023297 -0.0023297 -0.0023297 -0.0023297 -0.0023297 -0.0023297 -0.0023297 -0.0023297 -0.0023297 -0.0023297 -0.0023297 -0.0023297 -0.0023297 -0.0023297 -0.0023297 -0.0023297 -0.0023297 -0.0023297
0.021364 0.021364 0.021364 0.021364 0.021364 0.021364 0.021364 0.021364 0.021364 0.021364 0.021364 0.021364 0.021364 0.021364 0.021364 0.021364 0.021364 0.021364 0.021364 0.021364 0.021364 0.021364 0.021364 0.021364 0.021364
0.17301 0.17301 0.17301 0.17301 0.17301 0.17301 0.17301 0.17301 0.17301 0.17301 0.17301 0.17301 0.17301 0.17301 0.17301 0.17301 0.17301 0.17301 0.17301 0.17301 0.17301 0.17301 0.17301 0.17301 0.17301
1.1088 1.1088 1.1088 1.1088 1.1088 1.1088 1.1088 1.1088 1.1088 1.1088 1.1088 1.1088 1.1088 1.1088 1.1088 1.1088 1.1088 1.1088 1.1088 1.1088 1.1088 1.1088 1.1088 1.1088 1.1088
-0.74944 -0.74944 -0.74944 -0.74944 -0.74944 -0.74944 -0.74944 -0.74944 -0.74944 -0.74944 -0.74944 -0.74944 -0.74944 -0.74944 -0.74944 -0.74944 -0.74944 -0.74944 -0.74944 -0.74944 -0.74944 -0.74944 -0.74944 -0.74944 -0.74944
1.0352 1.0352 1.0352 1.0352 1.0352 1.0352 1.0352 1.0352 1.0352 1.0352 1.0352 1.0352 1.0352 1.0352 1.0352 1.0352 1.0352 1.0352 1.0352 1.0352 1.0352 1.0352 1.0352 1.0352 1.0352
0.045391 0.045391 0.045391 0.045391 0.045391 0.045391 0.045391 0.045391 0.045391 0.045391 0.045391 0.045391 0.045391 0.045391 0.045391 0.045391 0.045391 0.045391 0.045391 0.045391 0.045391 0.045391 0.045391 0.045391 0.045391
-0.0032939 -0.0032939 -0.0032939 -0.0032939 -0.0032939 -0.0032939 -0.0032939 -0.0032939 -0.0032939 -0.0032939 -0.0032939 -0.0032939 -0.0032939 -0.0032939 -0.0032939 -0.0032939 -0.0032939 -0.0032939 -0.0032939 -0.0032939 -0.0032939 -0.0032939 -0.0032939 -0.0032939 -0.0032939
-0.0030553 -0.0030553 -0.0030553 -0.0030553 -0.0030553 -0.0030553 -0.0030553 -0.0030553 -0.0030553 -0.0030553 -0.0030553 -0.0030553 -0.0030553 -0.0030553 -0.0030553 -0.0030553 -0.0030553 -0.0030553 -0.0030553 -0.0030553 -0.0030553 -0.0030553 -0.0030553 -0.0030553 -0.0030553
-0.0037725 -0.0037725 -0.0037725 -0.0037725 -0.0037725 -0.0037725 -0.0037725 -0.0037725 -0.0037725 -0.0037725 -0.0037725 -0.0037725 -0.0037725 -0.0037725 -0.0037725 -0.0037725 -0.0037725 -0.0037725 -0.0037725 -0.0037725 -0.0037725 -0.0037725 -0.0037725 -0.0037725 -0.0037725
-0.007762 -0.007762 -0.007762 -0.007762 -0.007762 -0.007762 -0.007762 -0.007762 -0.007762 -0.007762 -0.007762 -0.007762 -0.007762 -0.007762 -0.007762 -0.007762 -0.007762 -0.007762 -0.007762 -0.007762 -0.007762 -0.007762 -0.007762 -0.007762 -0.007762
-0.007423 -0.007423 -0.007423 -0.007423 -0.007423 -0.007423 -0.007423 -0.007423 -0.007423 -0.007423 -0.007423 -0.007423 -0.007423 -0.007423 -0.007423 -0.007423 -0.007423 -0.007423 -0.007423 -0.007423 -0.007423 -0.007423 -0.007423 -0.007423 -0.007423
-0.012569 -0.012569 -0.012569 -0.012569 -0.012569 -0.012569 -0.012569 -0.012569 -0.012569 -0.012569 -0.012569 -0.012569 -0.012569 -0.012569 -0.012569 -0.012569 -0.012569 -0.012569 -0.012569 -0.012569 -0.012569 -0.012569 -0.012569 -0.012569 -0.012569
-0.02417 -0.02417 -0.02417 -0.02417 -0.02417 -0.02417 -0.02417 -0.02417 -0.02417 -0.02417 -0.02417 -0.02417 -0.02417 -0.02417 -0.02417 -0.02417 -0.02417 -0.02417 -0.02417 -0.02417 -0.02417 -0.02417 -0.02417 -0.02417 -0.02417
-0.23695 -0.23695 -0.23695 -0.23695 -0.23695 -0.23695 -0.23695 -0.23695 -0.23695 -0.23695 -0.23695 -0.23695 -0.23695 -0.23695 -0.23695 -0.23695 -0.23695 -0.23695 -0.23695 -0.23695 -0.23695 -0.23695 -0.23695 -0.23695 -0.23695
-0.92703 -0.92703 -0.92703 -0.92703 -0.92703 -0.92703 -0.92703 -0.92703 -0.92703 -0.92703 -0.92703 -0.92703 -0.92703 -0.92703 -0.92703 -0.92703 -0.92703 -0.92703 -0.92703 -0.92703 -0.92703 -0.92703 -0.92703 -0.92703 -0.92703
-0.29709 -0.29709 -0.29709 -0.29709 -0.29709 -0.29709 -0.29709 -0.29709 -0.29709 -0.29709 -0.29709 -0.29709 -0.29709 -0.29709 -0.29709 -0.29709 -0.29709 -0.29709 -0.29709 -0.29709 -0.29709 -0.29709 -0.29709 -0.29709 -0.29709
-0.031744 -0.031744 -0.031744 -0.031744 -0.031744 -0.031744 -0.031744 -0.031744 -0.031744 -0.031744 -0.031744 -0.031744 -0.031744 -0.031744 -0.031744 -0.031744 -0.031744 -0.031744 -0.031744 -0.031744 -0.031744 -0.031744 -0.031744 -0.031744 -0.031744
0 0 0 0 0 0 0 0 0 0 0 0 0 0 0 0 0 0 0 0 0 0 0 0 0
0 0 0 0 0 0 0 0 0 0 0 0 0 0 0 0 0 0 0 0 0 0 0 0 0
0 0 0 0 0 0 0 0 0 0 0 0 0 0 0 0 0 0 0 0 0 0 0 0 0
0 0 0 0 0 0 0 0 0 0 0 0 0 0 0 0 0 0 0 0 0 0 0 0 0
0 0 0 0 0 0 0 0 0 0 0 0 0 0 0 0 0 0 0 0 0 0 0 0 0
0 0 0 0 0 0 0 0 0 0 0 0 0 0 0 0 0 0 0 0 0 0 0 0 0
0 0 0 0 0 0 0 0 0 0 0 0 0 0 0 0 0 0 0 0 0 0 0 0 0
-0 -0 -0 -0 -0 -0 -0 -0 -0 -0 -0 -0 -0 -0 -0 -0 -0 -0 -0 -0 -0 -0 -0 -0 -0
-0 -0 -0 -0 -0 -0 -0 -0 -0 -0 -0 -0 -0 -0 -0 -0 -0 -0 -0 -0 -0 -0 -0 -0 -0
0 0 0 0 0 0 0 0 0 0 0 0 0 0 0 0 0 0 0 0 0 0 0 0 0
0 0 0 0 0 0 0 0 0 0 0 0 0 0 0 0 0 0 0 0 0 0 0 0 0
0 0 0 0 0 0 0 0 0 0 0 0 0 0 0 0 0 0 0 0 0 0 0 0 0
0 0 0 0 0 0 0 0 0 0 0 0 0 0 0 0 0 0 0 0 0 0 0 0 0
0 0 0 0 0 0 0 0 0 0 0 0 0 0 0 0 0 0 0 0 0 0 0 0 0
0 0 0 0 0 0 0 0 0 0 0 0 0 0 0 0 0 0 0 0 0 0 0 0 0
0 0 0 0 0 0 0 0 0 0 0 0 0 0 0 0 0 0 0 0 0 0 0 0 0
0 0 0 0 0 0 0 0 0 0 0 0 0 0 0 0 0 0 0 0 0 0 0 0 0
0 0 0 0 0 0 0 0 0 0 0 0 0 0 0 0 0 0 0 0 0 0 0 0 0
0 0 0 0 0 0 0 0 0 0 0 0 0 0 0 0 0 0 0 0 0 0 0 0 0
-0 -0 -0 -0 -0 -0 -0 -0 -0 -0 -0 -0 -0 -0 -0 -0 -0 -0 -0 -0 -0 -0 -0 -0 -0
0 0 0 0 0 0 0 0 0 0 0 0 0 0 0 0 0 0 0 0 0 0 0 0 0
0 0 0 0 0 0 0 0 0 0 0 0 0 0 0 0 0 0 0 0 0 0 0 0 0
0 0 0 0 0 0 0 0 0 0 0 0 0 0 0 0 0 0 0 0 0 0 0 0 0
0 0 0 0 0 0 0 0 0 0 0 0 0 0 0 0 0 0 0 0 0 0 0 0 0
0 0 0 0 0 0 0 0 0 0 0 0 0 0 0 0 0 0 0 0 0 0 0 0 0
0 0 0 0 0 0 0 0 0 0 0 0 0 0 0 0 0 0 0 0 0 0 0 0 0
0 0 0 0 0 0 0 0 0 0 0 0 0 0 0 0 0 0 0 0 0 0 0 0 0
0 0 0 0 0 0 0 0 0 0 0 0 0 0 0 0 0 0 0 0 0 0 0 0 0
0 0 0 0 0 0 0 0 0 0 0 0 0 0 0 0 0 0 0 0 0 0 0 0 0
-0 -0 -0 -0 -0 -0 -0 -0 -0 -0 -0 -0 -0 -0 -0 -0 -0 -0 -0 -0 -0 -0 -0 -0 -0
-0 -0 -0 -0 -0 -0 -0 -0 -0 -0 -0 -0 -0 -0 -0 -0 -0 -0 -0 -0 -0 -0 -0 -0 -0
0 0 0 0 0 0 0 0 0 0 0 0 0 0 0 0 0 0 0 0 0 0 0 0 0
0 0 0 0 0 0 0 0 0 0 0 0 0 0 0 0 0 0 0 0 0 0 0 0 0
0 0 0 0 0 0 0 0 0 0 0 0 0 0 0 0 0 0 0 0 0 0 0 0 0
0 0 0 0 0 0 0 0 0 0 0 0 0 0 0 0 0 0 0 0 0 0 0 0 0
0 0 0 0 0 0 0 0 0 0 0 0 0 0 0 0 0 0 0 0 0 0 0 0 0
0 0 0 0 0 0 0 0 0 0 0 0 0 0 0 0 0 0 0 0 0 0 0 0 0
0 0 0 0 0 0 0 0 0 0 0 0 0 0 0 0 0 0 0 0 0 0 0 0 0
0 0 0 0 0 0 0 0 0 0 0 0 0 0 0 0 0 0 0 0 0 0 0 0 0
0 0 0 0 0 0 0 0 0 0 0 0 0 0 0 0 0 0 0 0 0 0 0 0 0
0 0 0 0 0 0 0 0 0 0 0 0 0 0 0 0 0 0 0 0 0 0 0 0 0
-0 -0 -0 -0 -0 -0 -0 -0 -0 -0 -0 -0 -0 -0 -0 -0 -0 -0 -0 -0 -0 -0 -0 -0 -0
0 0 0 0 0 0 0 0 0 0 0 0 0 0 0 0 0 0 0 0 0 0 0 0 0
0 0 0 0 0 0 0 0 0 0 0 0 0 0 0 0 0 0 0 0 0 0 0 0 0
0 0 0 0 0 0 0 0 0 0 0 0 0 0 0 0 0 0 0 0 0 0 0 0 0
0 0 0 0 0 0 0 0 0 0 0 0 0 0 0 0 0 0 0 0 0 0 0 0 0
0 0 0 0 0 0 0 0 0 0 0 0 0 0 0 0 0 0 0 0 0 0 0 0 0
0 0 0 0 0 0 0 0 0 0 0 0 0 0 0 0 0 0 0 0 0 0 0 0 0
0 0 0 0 0 0 0 0 0 0 0 0 0 0 0 0 0 0 0 0 0 0 0 0 0
0 0 0 0 0 0 0 0 0 0 0 0 0 0 0 0 0 0 0 0 0 0 0 0 0
0 0 0 0 0 0 0 0 0 0 0 0 0 0 0 0 0 0 0 0 0 0 0 0 0
-0 -0 -0 -0 -0 -0 -0 -0 -0 -0 -0 -0 -0 -0 -0 -0 -0 -0 -0 -0 -0 -0 -0 -0 -0
-0 -0 -0 -0 -0 -0 -0 -0 -0 -0 -0 -0 -0 -0 -0 -0 -0 -0 -0 -0 -0 -0 -0 -0 -0
0 0 0 0 0 0 0 0 0 0 0 0 0 0 0 0 0 0 0 0 0 0 0 0 0
0 0 0 0 0 0 0 0 0 0 0 0 0 0 0 0 0 0 0 0 0 0 0 0 0
0 0 0 0 0 0 0 0 0 0 0 0 0 0 0 0 0 0 0 0 0 0 0 0 0
0 0 0 0 0 0 0 0 0 0 0 0 0 0 0 0 0 0 0 0 0 0 0 0 0
0 0 0 0 0 0 0 0 0 0 0 0 0 0 0 0 0 0 0 0 0 0 0 0 0
0 0 0 0 0 0 0 0 0 0 0 0 0 0 0 0 0 0 0 0 0 0 0 0 0
0 0 0 0 0 0 0 0 0 0 0 0 0 0 0 0 0 0 0 0 0 0 0 0 0
0 0 0 0 0 0 0 0 0 0 0 0 0 0 0 0 0 0 0 0 0 0 0 0 0
0 0 0 0 0 0 0 0 0 0 0 0 0 0 0 0 0 0 0 0 0 0 0 0 0
0 0 0 0 0 0 0 0 0 0 0 0 0 0 0 0 0 0 0 0 0 0 0 0 0
-0 -0 -0 -0 -0 -0 -0 -0 -0 -0 -0 -0 -0 -0 -0 -0 -0 -0 -0 -0 -0 -0 -0 -0 -0
0 0 0 0 0 0 0 0 0 0 0 0 0 0 0 0 0 0 0 0 0 0 0 0 0
0 0 0 0 0 0 0 0 0 0 0 0 0 0 0 0 0 0 0 0 0 0 0 0 0
0 0 0 0 0 0 0 0 0 0 0 0 0 0 0 0 0 0 0 0 0 0 0 0 0
0 0 0 0 0 0 0 0 0 0 0 0 0 0 0 0 0 0 0 0 0 0 0 0 0
0 0 0 0 0 0 0 0 0 0 0 0 0 0 0 0 0 0 0 0 0 0 0 0 0
0 0 0 0 0 0 0 0 0 0 0 0 0 0 0 0 0 0 0 0 0 0 0 0 0
0 0 0 0 0 0 0 0 0 0 0 0 0 0 0 0 0 0 0 0 0 0 0 0 0
0 0 0 0 0 0 0 0 0 0 0 0 0 0 0 0 0 0 0 0 0 0 0 0 0
0 0 0 0 0 0 0 0 0 0 0 0 0 0 0 0 0 0 0 0 0 0 0 0 0
0 0 0 0 0 0 0 0 0 0 0 0 0 0 0 0 0 0 0 0 0 0 0 0 0
0 0 0 0 0 0 0 0 0 0 0 0 0 0 0 0 0 0 0 0 0 0 0 0 0
0 0 0 0 0 0 0 0 0 0 0 0 0 0 0 0 0 0 0 0 0 0 0 0 0
0 0 0 0 0 0 0 0 0 0 0 0 0 0 0 0 0 0 0 0 0 0 0 0 0
0 0 0 0 0 0 0 0 0 0 0 0 0 0 0 0 0 0 0 0 0 0 0 0 0
0 0 0 0 0 0 0 0 0 0 0 0 0 0 0 0 0 0 0 0 0 0 0 0 0
0 0 0 0 0 0 0 0 0 0 0 0 0 0 0 0 0 0 0 0 0 0 0 0 0
0 0 0 0 0 0 0 0 0 0 0 0 0 0 0 0 0 0 0 0 0 0 0 0 0
0 0 0 0 0 0 0 0 0 0 0 0 0 0 0 0 0 0 0 0 0 0 0 0 0
1 2 3 4 5 6 7 8 9 10 11 12 13 14 15 16 17 18 19 20 21 22 23 24 25
