-0.018218 -0.018218 -0.018218 -0.018218 -0.018218 -0.018218 -0.018218 -0.018218 -0.018218 -0.018218 -0.018218 -0.018218 -0.018218 -0.018218 -0.018218 -0.018218 -0.018218 -0.018218 -0.018218 -0.018218 -0.018218 -0.018218 -0.018218 -0.018218 -0.018218
-0.016918 -0.016918 -0.016918 -0.016918 -0.016918 -0.016918 -0.016918 -0.016918 -0.016918 -0.016918 -0.016918 -0.016918 -0.016918 -0.016918 -0.016918 -0.016918 -0.016918 -0.016918 -0.016918 -0.016918 -0.016918 -0.016918 -0.016918 -0.016918 -0.016918
-0.023712 -0.023712 -0.023712 -0.023712 -0.023712 -0.023712 -0.023712 -0.023712 -0.023712 -0.023712 -0.023712 -0.023712 -0.023712 -0.023712 -0.023712 -0.023712 -0.023712 -0.023712 -0.023712 -0.023712 -0.023712 -0.023712 -0.023712 -0.023712 -0.023712
-0.053878 -0.053878 -0.053878 -0.053878 -0.053878 -0.053878 -0.053878 -0.053878 -0.053878 -0.053878 -0.053878 -0.053878 -0.053878 -0.053878 -0.053878 -0.053878 -0.053878 -0.053878 -0.053878 -0.053878 -0.053878 -0.053878 -0.053878 -0.053878 -0.053878
1.3878e-17 1.3878e-17 1.3878e-17 1.3878e-17 1.3878e-17 1.3878e-17 1.3878e-17 1.3878e-17 1.3878e-17 1.3878e-17 1.3878e-17 1.3878e-17 1.3878e-17 1.3878e-17 1.3878e-17 1.3878e-17 1.3878e-17 1.3878e-17 1.3878e-17 1.3878e-17 1.3878e-17 1.3878e-17 1.3878e-17 1.3878e-17 1.3878e-17
-0.10714 -0.10714 -0.10714 -0.10714 -0.10714 -0.10714 -0.10714 -0.10714 -0.10714 -0.10714 -0.10714 -0.10714 -0.10714 -0.10714 -0.10714 -0.10714 -0.10714 -0.10714 -0.10714 -0.10714 -0.10714 -0.10714 -0.10714 -0.10714 -0.10714
-0.08952 -0.08952 -0.08952 -0.08952 -0.08952 -0.08952 -0.08952 -0.08952 -0.08952 -0.08952 -0.08952 -0.08952 -0.08952 -0.08952 -0.08952 -0.08952 -0.08952 -0.08952 -0.08952 -0.08952 -0.08952 -0.08952 -0.08952 -0.08952 -0.08952
0.90977 0.90977 0.90977 0.90977 0.90977 0.90977 0.90977 0.90977 0.90977 0.90977 0.90977 0.90977 0.90977 0.90977 0.90977 0.90977 0.90977 0.90977 0.90977 0.90977 0.90977 0.90977 0.90977 0.90977 0.90977
1.0003 1.0003 1.0003 1.0003 1.0003 1.0003 1.0003 1.0003 1.0003 1.0003 1.0003 1.0003 1.0003 1.0003 1.0003 1.0003 1.0003 1.0003 1.0003 1.0003 1.0003 1.0003 1.0003 1.0003 1.0003
0.88119 0.88119 0.88119 0.88119 0.88119 0.88119 0.88119 0.88119 0.88119 0.88119 0.88119 0.88119 0.88119 0.88119 0.88119 0.88119 0.88119 0.88119 0.88119 0.88119 0.88119 0.88119 0.88119 0.88119 0.88119
-0.15929 -0.15929 -0.15929 -0.15929 -0.15929 -0.15929 -0.15929 -0.15929 -0.15929 -0.15929 -0.15929 -0.15929 -0.15929 -0.15929 -0.15929 -0.15929 -0.15929 -0.15929 -0.15929 -0.15929 -0.15929 -0.15929 -0.15929 -0.15929 -0.15929
-0.019252 -0.019252 -0.019252 -0.019252 -0.019252 -0.019252 -0.019252 -0.019252 -0.019252 -0.019252 -0.019252 -0.019252 -0.019252 -0.019252 -0.019252 -0.019252 -0.019252 -0.019252 -0.019252 -0.019252 -0.019252 -0.019252 -0.019252 -0.019252 -0.019252
-0.01829 -0.01829 -0.01829 -0.01829 -0.01829 -0.01829 -0.01829 -0.01829 -0.01829 -0.01829 -0.01829 -0.01829 -0.01829 -0.01829 -0.01829 -0.01829 -0.01829 -0.01829 -0.01829 -0.01829 -0.01829 -0.01829 -0.01829 -0.01829 -0.01829
-0.026373 -0.026373 -0.026373 -0.026373 -0.026373 -0.026373 -0.026373 -0.026373 -0.026373 -0.026373 -0.026373 -0.026373 -0.026373 -0.026373 -0.026373 -0.026373 -0.026373 -0.026373 -0.026373 -0.026373 -0.026373 -0.026373 -0.026373 -0.026373 -0.026373
-0.064514 -0.064514 -0.064514 -0.064514 -0.064514 -0.064514 -0.064514 -0.064514 -0.064514 -0.064514 -0.064514 -0.064514 -0.064514 -0.064514 -0.064514 -0.064514 -0.064514 -0.064514 -0.064514 -0.064514 -0.064514 -0.064514 -0.064514 -0.064514 -0.064514
-0.21358 -0.21358 -0.21358 -0.21358 -0.21358 -0.21358 -0.21358 -0.21358 -0.21358 -0.21358 -0.21358 -0.21358 -0.21358 -0.21358 -0.21358 -0.21358 -0.21358 -0.21358 -0.21358 -0.21358 -0.21358 -0.21358 -0.21358 -0.21358 -0.21358
-0.21358 -0.21358 -0.21358 -0.21358 -0.21358 -0.21358 -0.21358 -0.21358 -0.21358 -0.21358 -0.21358 -0.21358 -0.21358 -0.21358 -0.21358 -0.21358 -0.21358 -0.21358 -0.21358 -0.21358 -0.21358 -0.21358 -0.21358 -0.21358 -0.21358
-0.37043 -0.37043 -0.37043 -0.37043 -0.37043 -0.37043 -0.37043 -0.37043 -0.37043 -0.37043 -0.37043 -0.37043 -0.37043 -0.37043 -0.37043 -0.37043 -0.37043 -0.37043 -0.37043 -0.37043 -0.37043 -0.37043 -0.37043 -0.37043 -0.37043
-1.1851 -1.1851 -1.1851 -1.1851 -1.1851 -1.1851 -1.1851 -1.1851 -1.1851 -1.1851 -1.1851 -1.1851 -1.1851 -1.1851 -1.1851 -1.1851 -1.1851 -1.1851 -1.1851 -1.1851 -1.1851 -1.1851 -1.1851 -1.1851 -1.1851
-2.6068 -2.6068 -2.6068 -2.6068 -2.6068 -2.6068 -2.6068 -2.6068 -2.6068 -2.6068 -2.6068 -2.6068 -2.6068 -2.6068 -2.6068 -2.6068 -2.6068 -2.6068 -2.6068 -2.6068 -2.6068 -2.6068 -2.6068 -2.6068 -2.6068
-1.3696 -1.3696 -1.3696 -1.3696 -1.3696 -1.3696 -1.3696 -1.3696 -1.3696 -1.3696 -1.3696 -1.3696 -1.3696 -1.3696 -1.3696 -1.3696 -1.3696 -1.3696 -1.3696 -1.3696 -1.3696 -1.3696 -1.3696 -1.3696 -1.3696
-0.28188 -0.28188 -0.28188 -0.28188 -0.28188 -0.28188 -0.28188 -0.28188 -0.28188 -0.28188 -0.28188 -0.28188 -0.28188 -0.28188 -0.28188 -0.28188 -0.28188 -0.28188 -0.28188 -0.28188 -0.28188 -0.28188 -0.28188 -0.28188 -0.28188
-0.027511 -0.027511 -0.027511 -0.027511 -0.027511 -0.027511 -0.027511 -0.027511 -0.027511 -0.027511 -0.027511 -0.027511 -0.027511 -0.027511 -0.027511 -0.027511 -0.027511 -0.027511 -0.027511 -0.027511 -0.027511 -0.027511 -0.027511 -0.027511 -0.027511
-0.026016 -0.026016 -0.026016 -0.026016 -0.026016 -0.026016 -0.026016 -0.026016 -0.026016 -0.026016 -0.026016 -0.026016 -0.026016 -0.026016 -0.026016 -0.026016 -0.026016 -0.026016 -0.026016 -0.026016 -0.026016 -0.026016 -0.026016 -0.026016 -0.026016
-0.038285 -0.038285 -0.038285 -0.038285 -0.038285 -0.038285 -0.038285 -0.038285 -0.038285 -0.038285 -0.038285 -0.038285 -0.038285 -0.038285 -0.038285 -0.038285 -0.038285 -0.038285 -0.038285 -0.038285 -0.038285 -0.038285 -0.038285 -0.038285 -0.038285
-0.093389 -0.093389 -0.093389 -0.093389 -0.093389 -0.093389 -0.093389 -0.093389 -0.093389 -0.093389 -0.093389 -0.093389 -0.093389 -0.093389 -0.093389 -0.093389 -0.093389 -0.093389 -0.093389 -0.093389 -0.093389 -0.093389 -0.093389 -0.093389 -0.093389
-4.0332e-16 -4.0332e-16 -4.0332e-16 -4.0332e-16 -4.0332e-16 -4.0332e-16 -4.0332e-16 -4.0332e-16 -4.0332e-16 -4.0332e-16 -4.0332e-16 -4.0332e-16 -4.0332e-16 -4.0332e-16 -4.0332e-16 -4.0332e-16 -4.0332e-16 -4.0332e-16 -4.0332e-16 -4.0332e-16 -4.0332e-16 -4.0332e-16 -4.0332e-16 -4.0332e-16 -4.0332e-16
-0.23135 -0.23135 -0.23135 -0.23135 -0.23135 -0.23135 -0.23135 -0.23135 -0.23135 -0.23135 -0.23135 -0.23135 -0.23135 -0.23135 -0.23135 -0.23135 -0.23135 -0.23135 -0.23135 -0.23135 -0.23135 -0.23135 -0.23135 -0.23135 -0.23135
-0.48727 -0.48727 -0.48727 -0.48727 -0.48727 -0.48727 -0.48727 -0.48727 -0.48727 -0.48727 -0.48727 -0.48727 -0.48727 -0.48727 -0.48727 -0.48727 -0.48727 -0.48727 -0.48727 -0.48727 -0.48727 -0.48727 -0.48727 -0.48727 -0.48727
-0.78441 -0.78441 -0.78441 -0.78441 -0.78441 -0.78441 -0.78441 -0.78441 -0.78441 -0.78441 -0.78441 -0.78441 -0.78441 -0.78441 -0.78441 -0.78441 -0.78441 -0.78441 -0.78441 -0.78441 -0.78441 -0.78441 -0.78441 -0.78441 -0.78441
-0.42862 -0.42862 -0.42862 -0.42862 -0.42862 -0.42862 -0.42862 -0.42862 -0.42862 -0.42862 -0.42862 -0.42862 -0.42862 -0.42862 -0.42862 -0.42862 -0.42862 -0.42862 -0.42862 -0.42862 -0.42862 -0.42862 -0.42862 -0.42862 -0.42862
-0.6798 -0.6798 -0.6798 -0.6798 -0.6798 -0.6798 -0.6798 -0.6798 -0.6798 -0.6798 -0.6798 -0.6798 -0.6798 -0.6798 -0.6798 -0.6798 -0.6798 -0.6798 -0.6798 -0.6798 -0.6798 -0.6798 -0.6798 -0.6798 -0.6798
-0.3659 -0.3659 -0.3659 -0.3659 -0.3659 -0.3659 -0.3659 -0.3659 -0.3659 -0.3659 -0.3659 -0.3659 -0.3659 -0.3659 -0.3659 -0.3659 -0.3659 -0.3659 -0.3659 -0.3659 -0.3659 -0.3659 -0.3659 -0.3659 -0.3659
-0.027441 -0.027441 -0.027441 -0.027441 -0.027441 -0.027441 -0.027441 -0.027441 -0.027441 -0.027441 -0.027441 -0.027441 -0.027441 -0.027441 -0.027441 -0.027441 -0.027441 -0.027441 -0.027441 -0.027441 -0.027441 -0.027441 -0.027441 -0.027441 -0.027441
-0.026029 -0.026029 -0.026029 -0.026029 -0.026029 -0.026029 -0.026029 -0.026029 -0.026029 -0.026029 -0.026029 -0.026029 -0.026029 -0.026029 -0.026029 -0.026029 -0.026029 -0.026029 -0.026029 -0.026029 -0.026029 -0.026029 -0.026029 -0.026029 -0.026029
-0.038127 -0.038127 -0.038127 -0.038127 -0.038127 -0.038127 -0.038127 -0.038127 -0.038127 -0.038127 -0.038127 -0.038127 -0.038127 -0.038127 -0.038127 -0.038127 -0.038127 -0.038127 -0.038127 -0.038127 -0.038127 -0.038127 -0.038127 -0.038127 -0.038127
-0.094209 -0.094209 -0.094209 -0.094209 -0.094209 -0.094209 -0.094209 -0.094209 -0.094209 -0.094209 -0.094209 -0.094209 -0.094209 -0.094209 -0.094209 -0.094209 -0.094209 -0.094209 -0.094209 -0.094209 -0.094209 -0.094209 -0.094209 -0.094209 -0.094209
-0.31247 -0.31247 -0.31247 -0.31247 -0.31247 -0.31247 -0.31247 -0.31247 -0.31247 -0.31247 -0.31247 -0.31247 -0.31247 -0.31247 -0.31247 -0.31247 -0.31247 -0.31247 -0.31247 -0.31247 -0.31247 -0.31247 -0.31247 -0.31247 -0.31247
-0.31247 -0.31247 -0.31247 -0.31247 -0.31247 -0.31247 -0.31247 -0.31247 -0.31247 -0.31247 -0.31247 -0.31247 -0.31247 -0.31247 -0.31247 -0.31247 -0.31247 -0.31247 -0.31247 -0.31247 -0.31247 -0.31247 -0.31247 -0.31247 -0.31247
-0.52897 -0.52897 -0.52897 -0.52897 -0.52897 -0.52897 -0.52897 -0.52897 -0.52897 -0.52897 -0.52897 -0.52897 -0.52897 -0.52897 -0.52897 -0.52897 -0.52897 -0.52897 -0.52897 -0.52897 -0.52897 -0.52897 -0.52897 -0.52897 -0.52897
-1.3948 -1.3948 -1.3948 -1.3948 -1.3948 -1.3948 -1.3948 -1.3948 -1.3948 -1.3948 -1.3948 -1.3948 -1.3948 -1.3948 -1.3948 -1.3948 -1.3948 -1.3948 -1.3948 -1.3948 -1.3948 -1.3948 -1.3948 -1.3948 -1.3948
-2.4826 -2.4826 -2.4826 -2.4826 -2.4826 -2.4826 -2.4826 -2.4826 -2.4826 -2.4826 -2.4826 -2.4826 -2.4826 -2.4826 -2.4826 -2.4826 -2.4826 -2.4826 -2.4826 -2.4826 -2.4826 -2.4826 -2.4826 -2.4826 -2.4826
-1.5609 -1.5609 -1.5609 -1.5609 -1.5609 -1.5609 -1.5609 -1.5609 -1.5609 -1.5609 -1.5609 -1.5609 -1.5609 -1.5609 -1.5609 -1.5609 -1.5609 -1.5609 -1.5609 -1.5609 -1.5609 -1.5609 -1.5609 -1.5609 -1.5609
-0.39033 -0.39033 -0.39033 -0.39033 -0.39033 -0.39033 -0.39033 -0.39033 -0.39033 -0.39033 -0.39033 -0.39033 -0.39033 -0.39033 -0.39033 -0.39033 -0.39033 -0.39033 -0.39033 -0.39033 -0.39033 -0.39033 -0.39033 -0.39033 -0.39033
0.012901 0.012901 0.012901 0.012901 0.012901 0.012901 0.012901 0.012901 0.012901 0.012901 0.012901 0.012901 0.012901 0.012901 0.012901 0.012901 0.012901 0.012901 0.012901 0.012901 0.012901 0.012901 0.012901 0.012901 0.012901
0.013385 0.013385 0.013385 0.013385 0.013385 0.013385 0.013385 0.013385 0.013385 0.013385 0.013385 0.013385 0.013385 0.013385 0.013385 0.013385 0.013385 0.013385 0.013385 0.013385 0.013385 0.013385 0.013385 0.013385 0.013385
0.026362 0.026362 0.026362 0.026362 0.026362 0.026362 0.026362 0.026362 0.026362 0.026362 0.026362 0.026362 0.026362 0.026362 0.026362 0.026362 0.026362 0.026362 0.026362 0.026362 0.026362 0.026362 0.026362 0.026362 0.026362
0.082069 0.082069 0.082069 0.082069 0.082069 0.082069 0.082069 0.082069 0.082069 0.082069 0.082069 0.082069 0.082069 0.082069 0.082069 0.082069 0.082069 0.082069 0.082069 0.082069 0.082069 0.082069 0.082069 0.082069 0.082069
-1.9871e-15 -1.9871e-15 -1.9871e-15 -1.9871e-15 -1.9871e-15 -1.9871e-15 -1.9871e-15 -1.9871e-15 -1.9871e-15 -1.9871e-15 -1.9871e-15 -1.9871e-15 -1.9871e-15 -1.9871e-15 -1.9871e-15 -1.9871e-15 -1.9871e-15 -1.9871e-15 -1.9871e-15 -1.9871e-15 -1.9871e-15 -1.9871e-15 -1.9871e-15 -1.9871e-15 -1.9871e-15
0.29396 0.29396 0.29396 0.29396 0.29396 0.29396 0.29396 0.29396 0.29396 0.29396 0.29396 0.29396 0.29396 0.29396 0.29396 0.29396 0.29396 0.29396 0.29396 0.29396 0.29396 0.29396 0.29396 0.29396 0.29396
1.0131 1.0131 1.0131 1.0131 1.0131 1.0131 1.0131 1.0131 1.0131 1.0131 1.0131 1.0131 1.0131 1.0131 1.0131 1.0131 1.0131 1.0131 1.0131 1.0131 1.0131 1.0131 1.0131 1.0131 1.0131
4.5592 4.5592 4.5592 4.5592 4.5592 4.5592 4.5592 4.5592 4.5592 4.5592 4.5592 4.5592 4.5592 4.5592 4.5592 4.5592 4.5592 4.5592 4.5592 4.5592 4.5592 4.5592 4.5592 4.5592 4.5592
-0.041015 -0.041015 -0.041015 -0.041015 -0.041015 -0.041015 -0.041015 -0.041015 -0.041015 -0.041015 -0.041015 -0.041015 -0.041015 -0.041015 -0.041015 -0.041015 -0.041015 -0.041015 -0.041015 -0.041015 -0.041015 -0.041015 -0.041015 -0.041015 -0.041015
-4.1562 -4.1562 -4.1562 -4.1562 -4.1562 -4.1562 -4.1562 -4.1562 -4.1562 -4.1562 -4.1562 -4.1562 -4.1562 -4.1562 -4.1562 -4.1562 -4.1562 -4.1562 -4.1562 -4.1562 -4.1562 -4.1562 -4.1562 -4.1562 -4.1562
-0.4556 -0.4556 -0.4556 -0.4556 -0.4556 -0.4556 -0.4556 -0.4556 -0.4556 -0.4556 -0.4556 -0.4556 -0.4556 -0.4556 -0.4556 -0.4556 -0.4556 -0.4556 -0.4556 -0.4556 -0.4556 -0.4556 -0.4556 -0.4556 -0.4556
0.011875 0.011875 0.011875 0.011875 0.011875 0.011875 0.011875 0.011875 0.011875 0.011875 0.011875 0.011875 0.011875 0.011875 0.011875 0.011875 0.011875 0.011875 0.011875 0.011875 0.011875 0.011875 0.011875 0.011875 0.011875
0.011929 0.011929 0.011929 0.011929 0.011929 0.011929 0.011929 0.011929 0.011929 0.011929 0.011929 0.011929 0.011929 0.011929 0.011929 0.011929 0.011929 0.011929 0.011929 0.011929 0.011929 0.011929 0.011929 0.011929 0.011929
0.023115 0.023115 0.023115 0.023115 0.023115 0.023115 0.023115 0.023115 0.023115 0.023115 0.023115 0.023115 0.023115 0.023115 0.023115 0.023115 0.023115 0.023115 0.023115 0.023115 0.023115 0.023115 0.023115 0.023115 0.023115
0.06792 0.06792 0.06792 0.06792 0.06792 0.06792 0.06792 0.06792 0.06792 0.06792 0.06792 0.06792 0.06792 0.06792 0.06792 0.06792 0.06792 0.06792 0.06792 0.06792 0.06792 0.06792 0.06792 0.06792 0.06792
0.26162 0.26162 0.26162 0.26162 0.26162 0.26162 0.26162 0.26162 0.26162 0.26162 0.26162 0.26162 0.26162 0.26162 0.26162 0.26162 0.26162 0.26162 0.26162 0.26162 0.26162 0.26162 0.26162 0.26162 0.26162
0.26162 0.26162 0.26162 0.26162 0.26162 0.26162 0.26162 0.26162 0.26162 0.26162 0.26162 0.26162 0.26162 0.26162 0.26162 0.26162 0.26162 0.26162 0.26162 0.26162 0.26162 0.26162 0.26162 0.26162 0.26162
0.54079 0.54079 0.54079 0.54079 0.54079 0.54079 0.54079 0.54079 0.54079 0.54079 0.54079 0.54079 0.54079 0.54079 0.54079 0.54079 0.54079 0.54079 0.54079 0.54079 0.54079 0.54079 0.54079 0.54079 0.54079
1.1796 1.1796 1.1796 1.1796 1.1796 1.1796 1.1796 1.1796 1.1796 1.1796 1.1796 1.1796 1.1796 1.1796 1.1796 1.1796 1.1796 1.1796 1.1796 1.1796 1.1796 1.1796 1.1796 1.1796 1.1796
0.087402 0.087402 0.087402 0.087402 0.087402 0.087402 0.087402 0.087402 0.087402 0.087402 0.087402 0.087402 0.087402 0.087402 0.087402 0.087402 0.087402 0.087402 0.087402 0.087402 0.087402 0.087402 0.087402 0.087402 0.087402
-1.1675 -1.1675 -1.1675 -1.1675 -1.1675 -1.1675 -1.1675 -1.1675 -1.1675 -1.1675 -1.1675 -1.1675 -1.1675 -1.1675 -1.1675 -1.1675 -1.1675 -1.1675 -1.1675 -1.1675 -1.1675 -1.1675 -1.1675 -1.1675 -1.1675
-0.29243 -0.29243 -0.29243 -0.29243 -0.29243 -0.29243 -0.29243 -0.29243 -0.29243 -0.29243 -0.29243 -0.29243 -0.29243 -0.29243 -0.29243 -0.29243 -0.29243 -0.29243 -0.29243 -0.29243 -0.29243 -0.29243 -0.29243 -0.29243 -0.29243
0 0 0 0 0 0 0 0 0 0 0 0 0 0 0 0 0 0 0 0 0 0 0 0 0
0 0 0 0 0 0 0 0 0 0 0 0 0 0 0 0 0 0 0 0 0 0 0 0 0
0 0 0 0 0 0 0 0 0 0 0 0 0 0 0 0 0 0 0 0 0 0 0 0 0
0 0 0 0 0 0 0 0 0 0 0 0 0 0 0 0 0 0 0 0 0 0 0 0 0
0 0 0 0 0 0 0 0 0 0 0 0 0 0 0 0 0 0 0 0 0 0 0 0 0
0 0 0 0 0 0 0 0 0 0 0 0 0 0 0 0 0 0 0 0 0 0 0 0 0
0 0 0 0 0 0 0 0 0 0 0 0 0 0 0 0 0 0 0 0 0 0 0 0 0
-0 -0 -0 -0 -0 -0 -0 -0 -0 -0 -0 -0 -0 -0 -0 -0 -0 -0 -0 -0 -0 -0 -0 -0 -0
-0 -0 -0 -0 -0 -0 -0 -0 -0 -0 -0 -0 -0 -0 -0 -0 -0 -0 -0 -0 -0 -0 -0 -0 -0
0 0 0 0 0 0 0 0 0 0 0 0 0 0 0 0 0 0 0 0 0 0 0 0 0
0 0 0 0 0 0 0 0 0 0 0 0 0 0 0 0 0 0 0 0 0 0 0 0 0
0 0 0 0 0 0 0 0 0 0 0 0 0 0 0 0 0 0 0 0 0 0 0 0 0
0 0 0 0 0 0 0 0 0 0 0 0 0 0 0 0 0 0 0 0 0 0 0 0 0
0 0 0 0 0 0 0 0 0 0 0 0 0 0 0 0 0 0 0 0 0 0 0 0 0
0 0 0 0 0 0 0 0 0 0 0 0 0 0 0 0 0 0 0 0 0 0 0 0 0
0 0 0 0 0 0 0 0 0 0 0 0 0 0 0 0 0 0 0 0 0 0 0 0 0
0 0 0 0 0 0 0 0 0 0 0 0 0 0 0 0 0 0 0 0 0 0 0 0 0
0 0 0 0 0 0 0 0 0 0 0 0 0 0 0 0 0 0 0 0 0 0 0 0 0
0 0 0 0 0 0 0 0 0 0 0 0 0 0 0 0 0 0 0 0 0 0 0 0 0
-0 -0 -0 -0 -0 -0 -0 -0 -0 -0 -0 -0 -0 -0 -0 -0 -0 -0 -0 -0 -0 -0 -0 -0 -0
0 0 0 0 0 0 0 0 0 0 0 0 0 0 0 0 0 0 0 0 0 0 0 0 0
0 0 0 0 0 0 0 0 0 0 0 0 0 0 0 0 0 0 0 0 0 0 0 0 0
-0.0027656 -0.0027656 -0.0027656 -0.0027656 -0.0027656 -0.0027656 -0.0027656 -0.0027656 -0.0027656 -0.0027656 -0.0027656 -0.0027656 -0.0027656 -0.0027656 -0.0027656 -0.0027656 -0.0027656 -0.0027656 -0.0027656 -0.0027656 -0.0027656 -0.0027656 -0.0027656 -0.0027656 -0.0027656
-0.0023336 -0.0023336 -0.0023336 -0.0023336 -0.0023336 -0.0023336 -0.0023336 -0.0023336 -0.0023336 -0.0023336 -0.0023336 -0.0023336 -0.0023336 -0.0023336 -0.0023336 -0.0023336 -0.0023336 -0.0023336 -0.0023336 -0.0023336 -0.0023336 -0.0023336 -0.0023336 -0.0023336 -0.0023336
-0.0022027 -0.0022027 -0.0022027 -0.0022027 -0.0022027 -0.0022027 -0.0022027 -0.0022027 -0.0022027 -0.0022027 -0.0022027 -0.0022027 -0.0022027 -0.0022027 -0.0022027 -0.0022027 -0.0022027 -0.0022027 -0.0022027 -0.0022027 -0.0022027 -0.0022027 -0.0022027 -0.0022027 -0.0022027
-0.001594 -0.001594 -0.001594 -0.001594 -0.001594 -0.001594 -0.001594 -0.001594 -0.001594 -0.001594 -0.001594 -0.001594 -0.001594 -0.001594 -0.001594 -0.001594 -0.001594 -0.001594 -0.001594 -0.001594 -0.001594 -0.001594 -0.001594 -0.001594 -0.001594
-1.5623e-16 -1.5623e-16 -1.5623e-16 -1.5623e-16 -1.5623e-16 -1.5623e-16 -1.5623e-16 -1.5623e-16 -1.5623e-16 -1.5623e-16 -1.5623e-16 -1.5623e-16 -1.5623e-16 -1.5623e-16 -1.5623e-16 -1.5623e-16 -1.5623e-16 -1.5623e-16 -1.5623e-16 -1.5623e-16 -1.5623e-16 -1.5623e-16 -1.5623e-16 -1.5623e-16 -1.5623e-16
0.021555 0.021555 0.021555 0.021555 0.021555 0.021555 0.021555 0.021555 0.021555 0.021555 0.021555 0.021555 0.021555 0.021555 0.021555 0.021555 0.021555 0.021555 0.021555 0.021555 0.021555 0.021555 0.021555 0.021555 0.021555
0.17348 0.17348 0.17348 0.17348 0.17348 0.17348 0.17348 0.17348 0.17348 0.17348 0.17348 0.17348 0.17348 0.17348 0.17348 0.17348 0.17348 0.17348 0.17348 0.17348 0.17348 0.17348 0.17348 0.17348 0.17348
1.11 1.11 1.11 1.11 1.11 1.11 1.11 1.11 1.11 1.11 1.11 1.11 1.11 1.11 1.11 1.11 1.11 1.11 1.11 1.11 1.11 1.11 1.11 1.11 1.11
-0.74943 -0.74943 -0.74943 -0.74943 -0.74943 -0.74943 -0.74943 -0.74943 -0.74943 -0.74943 -0.74943 -0.74943 -0.74943 -0.74943 -0.74943 -0.74943 -0.74943 -0.74943 -0.74943 -0.74943 -0.74943 -0.74943 -0.74943 -0.74943 -0.74943
1.0351 1.0351 1.0351 1.0351 1.0351 1.0351 1.0351 1.0351 1.0351 1.0351 1.0351 1.0351 1.0351 1.0351 1.0351 1.0351 1.0351 1.0351 1.0351 1.0351 1.0351 1.0351 1.0351 1.0351 1.0351
0.045568 0.045568 0.045568 0.045568 0.045568 0.045568 0.045568 0.045568 0.045568 0.045568 0.045568 0.045568 0.045568 0.045568 0.045568 0.045568 0.045568 0.045568 0.045568 0.045568 0.045568 0.045568 0.045568 0.045568 0.045568
-0.0032749 -0.0032749 -0.0032749 -0.0032749 -0.0032749 -0.0032749 -0.0032749 -0.0032749 -0.0032749 -0.0032749 -0.0032749 -0.0032749 -0.0032749 -0.0032749 -0.0032749 -0.0032749 -0.0032749 -0.0032749 -0.0032749 -0.0032749 -0.0032749 -0.0032749 -0.0032749 -0.0032749 -0.0032749
-0.0030372 -0.0030372 -0.0030372 -0.0030372 -0.0030372 -0.0030372 -0.0030372 -0.0030372 -0.0030372 -0.0030372 -0.0030372 -0.0030372 -0.0030372 -0.0030372 -0.0030372 -0.0030372 -0.0030372 -0.0030372 -0.0030372 -0.0030372 -0.0030372 -0.0030372 -0.0030372 -0.0030372 -0.0030372
-0.0037451 -0.0037451 -0.0037451 -0.0037451 -0.0037451 -0.0037451 -0.0037451 -0.0037451 -0.0037451 -0.0037451 -0.0037451 -0.0037451 -0.0037451 -0.0037451 -0.0037451 -0.0037451 -0.0037451 -0.0037451 -0.0037451 -0.0037451 -0.0037451 -0.0037451 -0.0037451 -0.0037451 -0.0037451
-0.0076926 -0.0076926 -0.0076926 -0.0076926 -0.0076926 -0.0076926 -0.0076926 -0.0076926 -0.0076926 -0.0076926 -0.0076926 -0.0076926 -0.0076926 -0.0076926 -0.0076926 -0.0076926 -0.0076926 -0.0076926 -0.0076926 -0.0076926 -0.0076926 -0.0076926 -0.0076926 -0.0076926 -0.0076926
-0.019755 -0.019755 -0.019755 -0.019755 -0.019755 -0.019755 -0.019755 -0.019755 -0.019755 -0.019755 -0.019755 -0.019755 -0.019755 -0.019755 -0.019755 -0.019755 -0.019755 -0.019755 -0.019755 -0.019755 -0.019755 -0.019755 -0.019755 -0.019755 -0.019755
-0.019755 -0.019755 -0.019755 -0.019755 -0.019755 -0.019755 -0.019755 -0.019755 -0.019755 -0.019755 -0.019755 -0.019755 -0.019755 -0.019755 -0.019755 -0.019755 -0.019755 -0.019755 -0.019755 -0.019755 -0.019755 -0.019755 -0.019755 -0.019755 -0.019755
-0.023754 -0.023754 -0.023754 -0.023754 -0.023754 -0.023754 -0.023754 -0.023754 -0.023754 -0.023754 -0.023754 -0.023754 -0.023754 -0.023754 -0.023754 -0.023754 -0.023754 -0.023754 -0.023754 -0.023754 -0.023754 -0.023754 -0.023754 -0.023754 -0.023754
-0.2359 -0.2359 -0.2359 -0.2359 -0.2359 -0.2359 -0.2359 -0.2359 -0.2359 -0.2359 -0.2359 -0.2359 -0.2359 -0.2359 -0.2359 -0.2359 -0.2359 -0.2359 -0.2359 -0.2359 -0.2359 -0.2359 -0.2359 -0.2359 -0.2359
-0.92548 -0.92548 -0.92548 -0.92548 -0.92548 -0.92548 -0.92548 -0.92548 -0.92548 -0.92548 -0.92548 -0.92548 -0.92548 -0.92548 -0.92548 -0.92548 -0.92548 -0.92548 -0.92548 -0.92548 -0.92548 -0.92548 -0.92548 -0.92548 -0.92548
-0.29626 -0.29626 -0.29626 -0.29626 -0.29626 -0.29626 -0.29626 -0.29626 -0.29626 -0.29626 -0.29626 -0.29626 -0.29626 -0.29626 -0.29626 -0.29626 -0.29626 -0.29626 -0.29626 -0.29626 -0.29626 -0.29626 -0.29626 -0.29626 -0.29626
-0.031533 -0.031533 -0.031533 -0.031533 -0.031533 -0.031533 -0.031533 -0.031533 -0.031533 -0.031533 -0.031533 -0.031533 -0.031533 -0.031533 -0.031533 -0.031533 -0.031533 -0.031533 -0.031533 -0.031533 -0.031533 -0.031533 -0.031533 -0.031533 -0.031533
0 0 0 0 0 0 0 0 0 0 0 0 0 0 0 0 0 0 0 0 0 0 0 0 0
0 0 0 0 0 0 0 0 0 0 0 0 0 0 0 0 0 0 0 0 0 0 0 0 0
0 0 0 0 0 0 0 0 0 0 0 0 0 0 0 0 0 0 0 0 0 0 0 0 0
0 0 0 0 0 0 0 0 0 0 0 0 0 0 0 0 0 0 0 0 0 0 0 0 0
0 0 0 0 0 0 0 0 0 0 0 0 0 0 0 0 0 0 0 0 0 0 0 0 0
0 0 0 0 0 0 0 0 0 0 0 0 0 0 0 0 0 0 0 0 0 0 0 0 0
0 0 0 0 0 0 0 0 0 0 0 0 0 0 0 0 0 0 0 0 0 0 0 0 0
-0 -0 -0 -0 -0 -0 -0 -0 -0 -0 -0 -0 -0 -0 -0 -0 -0 -0 -0 -0 -0 -0 -0 -0 -0
-0 -0 -0 -0 -0 -0 -0 -0 -0 -0 -0 -0 -0 -0 -0 -0 -0 -0 -0 -0 -0 -0 -0 -0 -0
0 0 0 0 0 0 0 0 0 0 0 0 0 0 0 0 0 0 0 0 0 0 0 0 0
0 0 0 0 0 0 0 0 0 0 0 0 0 0 0 0 0 0 0 0 0 0 0 0 0
0 0 0 0 0 0 0 0 0 0 0 0 0 0 0 0 0 0 0 0 0 0 0 0 0
0 0 0 0 0 0 0 0 0 0 0 0 0 0 0 0 0 0 0 0 0 0 0 0 0
0 0 0 0 0 0 0 0 0 0 0 0 0 0 0 0 0 0 0 0 0 0 0 0 0
0 0 0 0 0 0 0 0 0 0 0 0 0 0 0 0 0 0 0 0 0 0 0 0 0
0 0 0 0 0 0 0 0 0 0 0 0 0 0 0 0 0 0 0 0 0 0 0 0 0
0 0 0 0 0 0 0 0 0 0 0 0 0 0 0 0 0 0 0 0 0 0 0 0 0
0 0 0 0 0 0 0 0 0 0 0 0 0 0 0 0 0 0 0 0 0 0 0 0 0
0 0 0 0 0 0 0 0 0 0 0 0 0 0 0 0 0 0 0 0 0 0 0 0 0
-0 -0 -0 -0 -0 -0 -0 -0 -0 -0 -0 -0 -0 -0 -0 -0 -0 -0 -0 -0 -0 -0 -0 -0 -0
0 0 0 0 0 0 0 0 0 0 0 0 0 0 0 0 0 0 0 0 0 0 0 0 0
0 0 0 0 0 0 0 0 0 0 0 0 0 0 0 0 0 0 0 0 0 0 0 0 0
0 0 0 0 0 0 0 0 0 0 0 0 0 0 0 0 0 0 0 0 0 0 0 0 0
0 0 0 0 0 0 0 0 0 0 0 0 0 0 0 0 0 0 0 0 0 0 0 0 0
0 0 0 0 0 0 0 0 0 0 0 0 0 0 0 0 0 0 0 0 0 0 0 0 0
0 0 0 0 0 0 0 0 0 0 0 0 0 0 0 0 0 0 0 0 0 0 0 0 0
0 0 0 0 0 0 0 0 0 0 0 0 0 0 0 0 0 0 0 0 0 0 0 0 0
0 0 0 0 0 0 0 0 0 0 0 0 0 0 0 0 0 0 0 0 0 0 0 0 0
0 0 0 0 0 0 0 0 0 0 0 0 0 0 0 0 0 0 0 0 0 0 0 0 0
-0 -0 -0 -0 -0 -0 -0 -0 -0 -0 -0 -0 -0 -0 -0 -0 -0 -0 -0 -0 -0 -0 -0 -0 -0
-0 -0 -0 -0 -0 -0 -0 -0 -0 -0 -0 -0 -0 -0 -0 -0 -0 -0 -0 -0 -0 -0 -0 -0 -0
0 0 0 0 0 0 0 0 0 0 0 0 0 0 0 0 0 0 0 0 0 0 0 0 0
0 0 0 0 0 0 0 0 0 0 0 0 0 0 0 0 0 0 0 0 0 0 0 0 0
0 0 0 0 0 0 0 0 0 0 0 0 0 0 0 0 0 0 0 0 0 0 0 0 0
0 0 0 0 0 0 0 0 0 0 0 0 0 0 0 0 0 0 0 0 0 0 0 0 0
0 0 0 0 0 0 0 0 0 0 0 0 0 0 0 0 0 0 0 0 0 0 0 0 0
0 0 0 0 0 0 0 0 0 0 0 0 0 0 0 0 0 0 0 0 0 0 0 0 0
0 0 0 0 0 0 0 0 0 0 0 0 0 0 0 0 0 0 0 0 0 0 0 0 0
0 0 0 0 0 0 0 0 0 0 0 0 0 0 0 0 0 0 0 0 0 0 0 0 0
0 0 0 0 0 0 0 0 0 0 0 0 0 0 0 0 0 0 0 0 0 0 0 0 0
0 0 0 0 0 0 0 0 0 0 0 0 0 0 0 0 0 0 0 0 0 0 0 0 0
-0 -0 -0 -0 -0 -0 -0 -0 -0 -0 -0 -0 -0 -0 -0 -0 -0 -0 -0 -0 -0 -0 -0 -0 -0
0 0 0 0 0 0 0 0 0 0 0 0 0 0 0 0 0 0 0 0 0 0 0 0 0
0 0 0 0 0 0 0 0 0 0 0 0 0 0 0 0 0 0 0 0 0 0 0 0 0
0 0 0 0 0 0 0 0 0 0 0 0 0 0 0 0 0 0 0 0 0 0 0 0 0
0 0 0 0 0 0 0 0 0 0 0 0 0 0 0 0 0 0 0 0 0 0 0 0 0
0 0 0 0 0 0 0 0 0 0 0 0 0 0 0 0 0 0 0 0 0 0 0 0 0
0 0 0 0 0 0 0 0 0 0 0 0 0 0 0 0 0 0 0 0 0 0 0 0 0
0 0 0 0 0 0 0 0 0 0 0 0 0 0 0 0 0 0 0 0 0 0 0 0 0
0 0 0 0 0 0 0 0 0 0 0 0 0 0 0 0 0 0 0 0 0 0 0 0 0
0 0 0 0 0 0 0 0 0 0 0 0 0 0 0 0 0 0 0 0 0 0 0 0 0
-0 -0 -0 -0 -0 -0 -0 -0 -0 -0 -0 -0 -0 -0 -0 -0 -0 -0 -0 -0 -0 -0 -0 -0 -0
-0 -0 -0 -0 -0 -0 -0 -0 -0 -0 -0 -0 -0 -0 -0 -0 -0 -0 -0 -0 -0 -0 -0 -0 -0
0 0 0 0 0 0 0 0 0 0 0 0 0 0 0 0 0 0 0 0 0 0 0 0 0
0 0 0 0 0 0 0 0 0 0 0 0 0 0 0 0 0 0 0 0 0 0 0 0 0
0 0 0 0 0 0 0 0 0 0 0 0 0 0 0 0 0 0 0 0 0 0 0 0 0
0 0 0 0 0 0 0 0 0 0 0 0 0 0 0 0 0 0 0 0 0 0 0 0 0
0 0 0 0 0 0 0 0 0 0 0 0 0 0 0 0 0 0 0 0 0 0 0 0 0
0 0 0 0 0 0 0 0 0 0 0 0 0 0 0 0 0 0 0 0 0 0 0 0 0
0 0 0 0 0 0 0 0 0 0 0 0 0 0 0 0 0 0 0 0 0 0 0 0 0
0 0 0 0 0 0 0 0 0 0 0 0 0 0 0 0 0 0 0 0 0 0 0 0 0
0 0 0 0 0 0 0 0 0 0 0 0 0 0 0 0 0 0 0 0 0 0 0 0 0
0 0 0 0 0 0 0 0 0 0 0 0 0 0 0 0 0 0 0 0 0 0 0 0 0
-0 -0 -0 -0 -0 -0 -0 -0 -0 -0 -0 -0 -0 -0 -0 -0 -0 -0 -0 -0 -0 -0 -0 -0 -0
0 0 0 0 0 0 0 0 0 0 0 0 0 0 0 0 0 0 0 0 0 0 0 0 0
0 0 0 0 0 0 0 0 0 0 0 0 0 0 0 0 0 0 0 0 0 0 0 0 0
0 0 0 0 0 0 0 0 0 0 0 0 0 0 0 0 0 0 0 0 0 0 0 0 0
0 0 0 0 0 0 0 0 0 0 0 0 0 0 0 0 0 0 0 0 0 0 0 0 0
0 0 0 0 0 0 0 0 0 0 0 0 0 0 0 0 0 0 0 0 0 0 0 0 0
0 0 0 0 0 0 0 0 0 0 0 0 0 0 0 0 0 0 0 0 0 0 0 0 0
0 0 0 0 0 0 0 0 0 0 0 0 0 0 0 0 0 0 0 0 0 0 0 0 0
0 0 0 0 0 0 0 0 0 0 0 0 0 0 0 0 0 0 0 0 0 0 0 0 0
0 0 0 0 0 0 0 0 0 0 0 0 0 0 0 0 0 0 0 0 0 0 0 0 0
0 0 0 0 0 0 0 0 0 0 0 0 0 0 0 0 0 0 0 0 0 0 0 0 0
0 0 0 0 0 0 0 0 0 0 0 0 0 0 0 0 0 0 0 0 0 0 0 0 0
0 0 0 0 0 0 0 0 0 0 0 0 0 0 0 0 0 0 0 0 0 0 0 0 0
0 0 0 0 0 0 0 0 0 0 0 0 0 0 0 0 0 0 0 0 0 0 0 0 0
0 0 0 0 0 0 0 0 0 0 0 0 0 0 0 0 0 0 0 0 0 0 0 0 0
0 0 0 0 0 0 0 0 0 0 0 0 0 0 0 0 0 0 0 0 0 0 0 0 0
0 0 0 0 0 0 0 0 0 0 0 0 0 0 0 0 0 0 0 0 0 0 0 0 0
0 0 0 0 0 0 0 0 0 0 0 0 0 0 0 0 0 0 0 0 0 0 0 0 0
0 0 0 0 0 0 0 0 0 0 0 0 0 0 0 0 0 0 0 0 0 0 0 0 0
1 2 3 4 5 6 7 8 9 10 11 12 13 14 15 16 17 18 19 20 21 22 23 24 25
