-0.032474 -0.032474 -0.032474 -0.032474 -0.032474 -0.032474 -0.032474 -0.032474 -0.032474 -0.032474 -0.032474 -0.032474 -0.032474 -0.032474 -0.032474 -0.032474 -0.032474 -0.032474 -0.032474 -0.032474 -0.032474 -0.032474 -0.032474 -0.032474 -0.032474
-0.044441 -0.044441 -0.044441 -0.044441 -0.044441 -0.044441 -0.044441 -0.044441 -0.044441 -0.044441 -0.044441 -0.044441 -0.044441 -0.044441 -0.044441 -0.044441 -0.044441 -0.044441 -0.044441 -0.044441 -0.044441 -0.044441 -0.044441 -0.044441 -0.044441
-0.071571 -0.071571 -0.071571 -0.071571 -0.071571 -0.071571 -0.071571 -0.071571 -0.071571 -0.071571 -0.071571 -0.071571 -0.071571 -0.071571 -0.071571 -0.071571 -0.071571 -0.071571 -0.071571 -0.071571 -0.071571 -0.071571 -0.071571 -0.071571 -0.071571
-0.10607 -0.10607 -0.10607 -0.10607 -0.10607 -0.10607 -0.10607 -0.10607 -0.10607 -0.10607 -0.10607 -0.10607 -0.10607 -0.10607 -0.10607 -0.10607 -0.10607 -0.10607 -0.10607 -0.10607 -0.10607 -0.10607 -0.10607 -0.10607 -0.10607
-6.4396e-16 -6.4396e-16 -6.4396e-16 -6.4396e-16 -6.4396e-16 -6.4396e-16 -6.4396e-16 -6.4396e-16 -6.4396e-16 -6.4396e-16 -6.4396e-16 -6.4396e-16 -6.4396e-16 -6.4396e-16 -6.4396e-16 -6.4396e-16 -6.4396e-16 -6.4396e-16 -6.4396e-16 -6.4396e-16 -6.4396e-16 -6.4396e-16 -6.4396e-16 -6.4396e-16 -6.4396e-16
-0.16477 -0.16477 -0.16477 -0.16477 -0.16477 -0.16477 -0.16477 -0.16477 -0.16477 -0.16477 -0.16477 -0.16477 -0.16477 -0.16477 -0.16477 -0.16477 -0.16477 -0.16477 -0.16477 -0.16477 -0.16477 -0.16477 -0.16477 -0.16477 -0.16477
0.74382 0.74382 0.74382 0.74382 0.74382 0.74382 0.74382 0.74382 0.74382 0.74382 0.74382 0.74382 0.74382 0.74382 0.74382 0.74382 0.74382 0.74382 0.74382 0.74382 0.74382 0.74382 0.74382 0.74382 0.74382
1.11 1.11 1.11 1.11 1.11 1.11 1.11 1.11 1.11 1.11 1.11 1.11 1.11 1.11 1.11 1.11 1.11 1.11 1.11 1.11 1.11 1.11 1.11 1.11 1.11
0.75512 0.75512 0.75512 0.75512 0.75512 0.75512 0.75512 0.75512 0.75512 0.75512 0.75512 0.75512 0.75512 0.75512 0.75512 0.75512 0.75512 0.75512 0.75512 0.75512 0.75512 0.75512 0.75512 0.75512 0.75512
-0.21177 -0.21177 -0.21177 -0.21177 -0.21177 -0.21177 -0.21177 -0.21177 -0.21177 -0.21177 -0.21177 -0.21177 -0.21177 -0.21177 -0.21177 -0.21177 -0.21177 -0.21177 -0.21177 -0.21177 -0.21177 -0.21177 -0.21177 -0.21177 -0.21177
-0.11886 -0.11886 -0.11886 -0.11886 -0.11886 -0.11886 -0.11886 -0.11886 -0.11886 -0.11886 -0.11886 -0.11886 -0.11886 -0.11886 -0.11886 -0.11886 -0.11886 -0.11886 -0.11886 -0.11886 -0.11886 -0.11886 -0.11886 -0.11886 -0.11886
-0.035976 -0.035976 -0.035976 -0.035976 -0.035976 -0.035976 -0.035976 -0.035976 -0.035976 -0.035976 -0.035976 -0.035976 -0.035976 -0.035976 -0.035976 -0.035976 -0.035976 -0.035976 -0.035976 -0.035976 -0.035976 -0.035976 -0.035976 -0.035976 -0.035976
-0.050579 -0.050579 -0.050579 -0.050579 -0.050579 -0.050579 -0.050579 -0.050579 -0.050579 -0.050579 -0.050579 -0.050579 -0.050579 -0.050579 -0.050579 -0.050579 -0.050579 -0.050579 -0.050579 -0.050579 -0.050579 -0.050579 -0.050579 -0.050579 -0.050579
-0.083022 -0.083022 -0.083022 -0.083022 -0.083022 -0.083022 -0.083022 -0.083022 -0.083022 -0.083022 -0.083022 -0.083022 -0.083022 -0.083022 -0.083022 -0.083022 -0.083022 -0.083022 -0.083022 -0.083022 -0.083022 -0.083022 -0.083022 -0.083022 -0.083022
-0.14625 -0.14625 -0.14625 -0.14625 -0.14625 -0.14625 -0.14625 -0.14625 -0.14625 -0.14625 -0.14625 -0.14625 -0.14625 -0.14625 -0.14625 -0.14625 -0.14625 -0.14625 -0.14625 -0.14625 -0.14625 -0.14625 -0.14625 -0.14625 -0.14625
-0.12267 -0.12267 -0.12267 -0.12267 -0.12267 -0.12267 -0.12267 -0.12267 -0.12267 -0.12267 -0.12267 -0.12267 -0.12267 -0.12267 -0.12267 -0.12267 -0.12267 -0.12267 -0.12267 -0.12267 -0.12267 -0.12267 -0.12267 -0.12267 -0.12267
-0.50575 -0.50575 -0.50575 -0.50575 -0.50575 -0.50575 -0.50575 -0.50575 -0.50575 -0.50575 -0.50575 -0.50575 -0.50575 -0.50575 -0.50575 -0.50575 -0.50575 -0.50575 -0.50575 -0.50575 -0.50575 -0.50575 -0.50575 -0.50575 -0.50575
-2.1749 -2.1749 -2.1749 -2.1749 -2.1749 -2.1749 -2.1749 -2.1749 -2.1749 -2.1749 -2.1749 -2.1749 -2.1749 -2.1749 -2.1749 -2.1749 -2.1749 -2.1749 -2.1749 -2.1749 -2.1749 -2.1749 -2.1749 -2.1749 -2.1749
-5.4674 -5.4674 -5.4674 -5.4674 -5.4674 -5.4674 -5.4674 -5.4674 -5.4674 -5.4674 -5.4674 -5.4674 -5.4674 -5.4674 -5.4674 -5.4674 -5.4674 -5.4674 -5.4674 -5.4674 -5.4674 -5.4674 -5.4674 -5.4674 -5.4674
-2.1591 -2.1591 -2.1591 -2.1591 -2.1591 -2.1591 -2.1591 -2.1591 -2.1591 -2.1591 -2.1591 -2.1591 -2.1591 -2.1591 -2.1591 -2.1591 -2.1591 -2.1591 -2.1591 -2.1591 -2.1591 -2.1591 -2.1591 -2.1591 -2.1591
-0.57437 -0.57437 -0.57437 -0.57437 -0.57437 -0.57437 -0.57437 -0.57437 -0.57437 -0.57437 -0.57437 -0.57437 -0.57437 -0.57437 -0.57437 -0.57437 -0.57437 -0.57437 -0.57437 -0.57437 -0.57437 -0.57437 -0.57437 -0.57437 -0.57437
-0.15582 -0.15582 -0.15582 -0.15582 -0.15582 -0.15582 -0.15582 -0.15582 -0.15582 -0.15582 -0.15582 -0.15582 -0.15582 -0.15582 -0.15582 -0.15582 -0.15582 -0.15582 -0.15582 -0.15582 -0.15582 -0.15582 -0.15582 -0.15582 -0.15582
-0.057369 -0.057369 -0.057369 -0.057369 -0.057369 -0.057369 -0.057369 -0.057369 -0.057369 -0.057369 -0.057369 -0.057369 -0.057369 -0.057369 -0.057369 -0.057369 -0.057369 -0.057369 -0.057369 -0.057369 -0.057369 -0.057369 -0.057369 -0.057369 -0.057369
-0.080261 -0.080261 -0.080261 -0.080261 -0.080261 -0.080261 -0.080261 -0.080261 -0.080261 -0.080261 -0.080261 -0.080261 -0.080261 -0.080261 -0.080261 -0.080261 -0.080261 -0.080261 -0.080261 -0.080261 -0.080261 -0.080261 -0.080261 -0.080261 -0.080261
-0.12578 -0.12578 -0.12578 -0.12578 -0.12578 -0.12578 -0.12578 -0.12578 -0.12578 -0.12578 -0.12578 -0.12578 -0.12578 -0.12578 -0.12578 -0.12578 -0.12578 -0.12578 -0.12578 -0.12578 -0.12578 -0.12578 -0.12578 -0.12578 -0.12578
-0.21997 -0.21997 -0.21997 -0.21997 -0.21997 -0.21997 -0.21997 -0.21997 -0.21997 -0.21997 -0.21997 -0.21997 -0.21997 -0.21997 -0.21997 -0.21997 -0.21997 -0.21997 -0.21997 -0.21997 -0.21997 -0.21997 -0.21997 -0.21997 -0.21997
-3.206e-16 -3.206e-16 -3.206e-16 -3.206e-16 -3.206e-16 -3.206e-16 -3.206e-16 -3.206e-16 -3.206e-16 -3.206e-16 -3.206e-16 -3.206e-16 -3.206e-16 -3.206e-16 -3.206e-16 -3.206e-16 -3.206e-16 -3.206e-16 -3.206e-16 -3.206e-16 -3.206e-16 -3.206e-16 -3.206e-16 -3.206e-16 -3.206e-16
-0.66493 -0.66493 -0.66493 -0.66493 -0.66493 -0.66493 -0.66493 -0.66493 -0.66493 -0.66493 -0.66493 -0.66493 -0.66493 -0.66493 -0.66493 -0.66493 -0.66493 -0.66493 -0.66493 -0.66493 -0.66493 -0.66493 -0.66493 -0.66493 -0.66493
-1.5401 -1.5401 -1.5401 -1.5401 -1.5401 -1.5401 -1.5401 -1.5401 -1.5401 -1.5401 -1.5401 -1.5401 -1.5401 -1.5401 -1.5401 -1.5401 -1.5401 -1.5401 -1.5401 -1.5401 -1.5401 -1.5401 -1.5401 -1.5401 -1.5401
-0.73822 -0.73822 -0.73822 -0.73822 -0.73822 -0.73822 -0.73822 -0.73822 -0.73822 -0.73822 -0.73822 -0.73822 -0.73822 -0.73822 -0.73822 -0.73822 -0.73822 -0.73822 -0.73822 -0.73822 -0.73822 -0.73822 -0.73822 -0.73822 -0.73822
-1.5091 -1.5091 -1.5091 -1.5091 -1.5091 -1.5091 -1.5091 -1.5091 -1.5091 -1.5091 -1.5091 -1.5091 -1.5091 -1.5091 -1.5091 -1.5091 -1.5091 -1.5091 -1.5091 -1.5091 -1.5091 -1.5091 -1.5091 -1.5091 -1.5091
-0.77415 -0.77415 -0.77415 -0.77415 -0.77415 -0.77415 -0.77415 -0.77415 -0.77415 -0.77415 -0.77415 -0.77415 -0.77415 -0.77415 -0.77415 -0.77415 -0.77415 -0.77415 -0.77415 -0.77415 -0.77415 -0.77415 -0.77415 -0.77415 -0.77415
-0.23825 -0.23825 -0.23825 -0.23825 -0.23825 -0.23825 -0.23825 -0.23825 -0.23825 -0.23825 -0.23825 -0.23825 -0.23825 -0.23825 -0.23825 -0.23825 -0.23825 -0.23825 -0.23825 -0.23825 -0.23825 -0.23825 -0.23825 -0.23825 -0.23825
-0.058735 -0.058735 -0.058735 -0.058735 -0.058735 -0.058735 -0.058735 -0.058735 -0.058735 -0.058735 -0.058735 -0.058735 -0.058735 -0.058735 -0.058735 -0.058735 -0.058735 -0.058735 -0.058735 -0.058735 -0.058735 -0.058735 -0.058735 -0.058735 -0.058735
-0.082825 -0.082825 -0.082825 -0.082825 -0.082825 -0.082825 -0.082825 -0.082825 -0.082825 -0.082825 -0.082825 -0.082825 -0.082825 -0.082825 -0.082825 -0.082825 -0.082825 -0.082825 -0.082825 -0.082825 -0.082825 -0.082825 -0.082825 -0.082825 -0.082825
-0.13573 -0.13573 -0.13573 -0.13573 -0.13573 -0.13573 -0.13573 -0.13573 -0.13573 -0.13573 -0.13573 -0.13573 -0.13573 -0.13573 -0.13573 -0.13573 -0.13573 -0.13573 -0.13573 -0.13573 -0.13573 -0.13573 -0.13573 -0.13573 -0.13573
-0.23301 -0.23301 -0.23301 -0.23301 -0.23301 -0.23301 -0.23301 -0.23301 -0.23301 -0.23301 -0.23301 -0.23301 -0.23301 -0.23301 -0.23301 -0.23301 -0.23301 -0.23301 -0.23301 -0.23301 -0.23301 -0.23301 -0.23301 -0.23301 -0.23301
-0.19202 -0.19202 -0.19202 -0.19202 -0.19202 -0.19202 -0.19202 -0.19202 -0.19202 -0.19202 -0.19202 -0.19202 -0.19202 -0.19202 -0.19202 -0.19202 -0.19202 -0.19202 -0.19202 -0.19202 -0.19202 -0.19202 -0.19202 -0.19202 -0.19202
-0.78839 -0.78839 -0.78839 -0.78839 -0.78839 -0.78839 -0.78839 -0.78839 -0.78839 -0.78839 -0.78839 -0.78839 -0.78839 -0.78839 -0.78839 -0.78839 -0.78839 -0.78839 -0.78839 -0.78839 -0.78839 -0.78839 -0.78839 -0.78839 -0.78839
-3.1045 -3.1045 -3.1045 -3.1045 -3.1045 -3.1045 -3.1045 -3.1045 -3.1045 -3.1045 -3.1045 -3.1045 -3.1045 -3.1045 -3.1045 -3.1045 -3.1045 -3.1045 -3.1045 -3.1045 -3.1045 -3.1045 -3.1045 -3.1045 -3.1045
-7.0516 -7.0516 -7.0516 -7.0516 -7.0516 -7.0516 -7.0516 -7.0516 -7.0516 -7.0516 -7.0516 -7.0516 -7.0516 -7.0516 -7.0516 -7.0516 -7.0516 -7.0516 -7.0516 -7.0516 -7.0516 -7.0516 -7.0516 -7.0516 -7.0516
-3.0785 -3.0785 -3.0785 -3.0785 -3.0785 -3.0785 -3.0785 -3.0785 -3.0785 -3.0785 -3.0785 -3.0785 -3.0785 -3.0785 -3.0785 -3.0785 -3.0785 -3.0785 -3.0785 -3.0785 -3.0785 -3.0785 -3.0785 -3.0785 -3.0785
-0.8987 -0.8987 -0.8987 -0.8987 -0.8987 -0.8987 -0.8987 -0.8987 -0.8987 -0.8987 -0.8987 -0.8987 -0.8987 -0.8987 -0.8987 -0.8987 -0.8987 -0.8987 -0.8987 -0.8987 -0.8987 -0.8987 -0.8987 -0.8987 -0.8987
-0.25039 -0.25039 -0.25039 -0.25039 -0.25039 -0.25039 -0.25039 -0.25039 -0.25039 -0.25039 -0.25039 -0.25039 -0.25039 -0.25039 -0.25039 -0.25039 -0.25039 -0.25039 -0.25039 -0.25039 -0.25039 -0.25039 -0.25039 -0.25039 -0.25039
0.016339 0.016339 0.016339 0.016339 0.016339 0.016339 0.016339 0.016339 0.016339 0.016339 0.016339 0.016339 0.016339 0.016339 0.016339 0.016339 0.016339 0.016339 0.016339 0.016339 0.016339 0.016339 0.016339 0.016339 0.016339
0.029323 0.029323 0.029323 0.029323 0.029323 0.029323 0.029323 0.029323 0.029323 0.029323 0.029323 0.029323 0.029323 0.029323 0.029323 0.029323 0.029323 0.029323 0.029323 0.029323 0.029323 0.029323 0.029323 0.029323 0.029323
0.063675 0.063675 0.063675 0.063675 0.063675 0.063675 0.063675 0.063675 0.063675 0.063675 0.063675 0.063675 0.063675 0.063675 0.063675 0.063675 0.063675 0.063675 0.063675 0.063675 0.063675 0.063675 0.063675 0.063675 0.063675
0.16074 0.16074 0.16074 0.16074 0.16074 0.16074 0.16074 0.16074 0.16074 0.16074 0.16074 0.16074 0.16074 0.16074 0.16074 0.16074 0.16074 0.16074 0.16074 0.16074 0.16074 0.16074 0.16074 0.16074 0.16074
7.6924e-17 7.6924e-17 7.6924e-17 7.6924e-17 7.6924e-17 7.6924e-17 7.6924e-17 7.6924e-17 7.6924e-17 7.6924e-17 7.6924e-17 7.6924e-17 7.6924e-17 7.6924e-17 7.6924e-17 7.6924e-17 7.6924e-17 7.6924e-17 7.6924e-17 7.6924e-17 7.6924e-17 7.6924e-17 7.6924e-17 7.6924e-17 7.6924e-17
1.1816 1.1816 1.1816 1.1816 1.1816 1.1816 1.1816 1.1816 1.1816 1.1816 1.1816 1.1816 1.1816 1.1816 1.1816 1.1816 1.1816 1.1816 1.1816 1.1816 1.1816 1.1816 1.1816 1.1816 1.1816
7.9778 7.9778 7.9778 7.9778 7.9778 7.9778 7.9778 7.9778 7.9778 7.9778 7.9778 7.9778 7.9778 7.9778 7.9778 7.9778 7.9778 7.9778 7.9778 7.9778 7.9778 7.9778 7.9778 7.9778 7.9778
-0.0042255 -0.0042255 -0.0042255 -0.0042255 -0.0042255 -0.0042255 -0.0042255 -0.0042255 -0.0042255 -0.0042255 -0.0042255 -0.0042255 -0.0042255 -0.0042255 -0.0042255 -0.0042255 -0.0042255 -0.0042255 -0.0042255 -0.0042255 -0.0042255 -0.0042255 -0.0042255 -0.0042255 -0.0042255
-7.9137 -7.9137 -7.9137 -7.9137 -7.9137 -7.9137 -7.9137 -7.9137 -7.9137 -7.9137 -7.9137 -7.9137 -7.9137 -7.9137 -7.9137 -7.9137 -7.9137 -7.9137 -7.9137 -7.9137 -7.9137 -7.9137 -7.9137 -7.9137 -7.9137
-1.3011 -1.3011 -1.3011 -1.3011 -1.3011 -1.3011 -1.3011 -1.3011 -1.3011 -1.3011 -1.3011 -1.3011 -1.3011 -1.3011 -1.3011 -1.3011 -1.3011 -1.3011 -1.3011 -1.3011 -1.3011 -1.3011 -1.3011 -1.3011 -1.3011
-0.15191 -0.15191 -0.15191 -0.15191 -0.15191 -0.15191 -0.15191 -0.15191 -0.15191 -0.15191 -0.15191 -0.15191 -0.15191 -0.15191 -0.15191 -0.15191 -0.15191 -0.15191 -0.15191 -0.15191 -0.15191 -0.15191 -0.15191 -0.15191 -0.15191
0.013249 0.013249 0.013249 0.013249 0.013249 0.013249 0.013249 0.013249 0.013249 0.013249 0.013249 0.013249 0.013249 0.013249 0.013249 0.013249 0.013249 0.013249 0.013249 0.013249 0.013249 0.013249 0.013249 0.013249 0.013249
0.020752 0.020752 0.020752 0.020752 0.020752 0.020752 0.020752 0.020752 0.020752 0.020752 0.020752 0.020752 0.020752 0.020752 0.020752 0.020752 0.020752 0.020752 0.020752 0.020752 0.020752 0.020752 0.020752 0.020752 0.020752
0.037956 0.037956 0.037956 0.037956 0.037956 0.037956 0.037956 0.037956 0.037956 0.037956 0.037956 0.037956 0.037956 0.037956 0.037956 0.037956 0.037956 0.037956 0.037956 0.037956 0.037956 0.037956 0.037956 0.037956 0.037956
0.090389 0.090389 0.090389 0.090389 0.090389 0.090389 0.090389 0.090389 0.090389 0.090389 0.090389 0.090389 0.090389 0.090389 0.090389 0.090389 0.090389 0.090389 0.090389 0.090389 0.090389 0.090389 0.090389 0.090389 0.090389
0.075118 0.075118 0.075118 0.075118 0.075118 0.075118 0.075118 0.075118 0.075118 0.075118 0.075118 0.075118 0.075118 0.075118 0.075118 0.075118 0.075118 0.075118 0.075118 0.075118 0.075118 0.075118 0.075118 0.075118 0.075118
0.43192 0.43192 0.43192 0.43192 0.43192 0.43192 0.43192 0.43192 0.43192 0.43192 0.43192 0.43192 0.43192 0.43192 0.43192 0.43192 0.43192 0.43192 0.43192 0.43192 0.43192 0.43192 0.43192 0.43192 0.43192
1.5605 1.5605 1.5605 1.5605 1.5605 1.5605 1.5605 1.5605 1.5605 1.5605 1.5605 1.5605 1.5605 1.5605 1.5605 1.5605 1.5605 1.5605 1.5605 1.5605 1.5605 1.5605 1.5605 1.5605 1.5605
0.020464 0.020464 0.020464 0.020464 0.020464 0.020464 0.020464 0.020464 0.020464 0.020464 0.020464 0.020464 0.020464 0.020464 0.020464 0.020464 0.020464 0.020464 0.020464 0.020464 0.020464 0.020464 0.020464 0.020464 0.020464
-1.528 -1.528 -1.528 -1.528 -1.528 -1.528 -1.528 -1.528 -1.528 -1.528 -1.528 -1.528 -1.528 -1.528 -1.528 -1.528 -1.528 -1.528 -1.528 -1.528 -1.528 -1.528 -1.528 -1.528 -1.528
-0.49913 -0.49913 -0.49913 -0.49913 -0.49913 -0.49913 -0.49913 -0.49913 -0.49913 -0.49913 -0.49913 -0.49913 -0.49913 -0.49913 -0.49913 -0.49913 -0.49913 -0.49913 -0.49913 -0.49913 -0.49913 -0.49913 -0.49913 -0.49913 -0.49913
-0.087753 -0.087753 -0.087753 -0.087753 -0.087753 -0.087753 -0.087753 -0.087753 -0.087753 -0.087753 -0.087753 -0.087753 -0.087753 -0.087753 -0.087753 -0.087753 -0.087753 -0.087753 -0.087753 -0.087753 -0.087753 -0.087753 -0.087753 -0.087753 -0.087753
0 0 0 0 0 0 0 0 0 0 0 0 0 0 0 0 0 0 0 0 0 0 0 0 0
0 0 0 0 0 0 0 0 0 0 0 0 0 0 0 0 0 0 0 0 0 0 0 0 0
0 0 0 0 0 0 0 0 0 0 0 0 0 0 0 0 0 0 0 0 0 0 0 0 0
0 0 0 0 0 0 0 0 0 0 0 0 0 0 0 0 0 0 0 0 0 0 0 0 0
0 0 0 0 0 0 0 0 0 0 0 0 0 0 0 0 0 0 0 0 0 0 0 0 0
0 0 0 0 0 0 0 0 0 0 0 0 0 0 0 0 0 0 0 0 0 0 0 0 0
-0 -0 -0 -0 -0 -0 -0 -0 -0 -0 -0 -0 -0 -0 -0 -0 -0 -0 -0 -0 -0 -0 -0 -0 -0
-0 -0 -0 -0 -0 -0 -0 -0 -0 -0 -0 -0 -0 -0 -0 -0 -0 -0 -0 -0 -0 -0 -0 -0 -0
0 0 0 0 0 0 0 0 0 0 0 0 0 0 0 0 0 0 0 0 0 0 0 0 0
0 0 0 0 0 0 0 0 0 0 0 0 0 0 0 0 0 0 0 0 0 0 0 0 0
0 0 0 0 0 0 0 0 0 0 0 0 0 0 0 0 0 0 0 0 0 0 0 0 0
0 0 0 0 0 0 0 0 0 0 0 0 0 0 0 0 0 0 0 0 0 0 0 0 0
0 0 0 0 0 0 0 0 0 0 0 0 0 0 0 0 0 0 0 0 0 0 0 0 0
0 0 0 0 0 0 0 0 0 0 0 0 0 0 0 0 0 0 0 0 0 0 0 0 0
0 0 0 0 0 0 0 0 0 0 0 0 0 0 0 0 0 0 0 0 0 0 0 0 0
0 0 0 0 0 0 0 0 0 0 0 0 0 0 0 0 0 0 0 0 0 0 0 0 0
0 0 0 0 0 0 0 0 0 0 0 0 0 0 0 0 0 0 0 0 0 0 0 0 0
0 0 0 0 0 0 0 0 0 0 0 0 0 0 0 0 0 0 0 0 0 0 0 0 0
-0 -0 -0 -0 -0 -0 -0 -0 -0 -0 -0 -0 -0 -0 -0 -0 -0 -0 -0 -0 -0 -0 -0 -0 -0
0 0 0 0 0 0 0 0 0 0 0 0 0 0 0 0 0 0 0 0 0 0 0 0 0
0 0 0 0 0 0 0 0 0 0 0 0 0 0 0 0 0 0 0 0 0 0 0 0 0
0 0 0 0 0 0 0 0 0 0 0 0 0 0 0 0 0 0 0 0 0 0 0 0 0
-0.00019825 -0.00019825 -0.00019825 -0.00019825 -0.00019825 -0.00019825 -0.00019825 -0.00019825 -0.00019825 -0.00019825 -0.00019825 -0.00019825 -0.00019825 -0.00019825 -0.00019825 -0.00019825 -0.00019825 -0.00019825 -0.00019825 -0.00019825 -0.00019825 -0.00019825 -0.00019825 -0.00019825 -0.00019825
0.00055615 0.00055615 0.00055615 0.00055615 0.00055615 0.00055615 0.00055615 0.00055615 0.00055615 0.00055615 0.00055615 0.00055615 0.00055615 0.00055615 0.00055615 0.00055615 0.00055615 0.00055615 0.00055615 0.00055615 0.00055615 0.00055615 0.00055615 0.00055615 0.00055615
-0.0029142 -0.0029142 -0.0029142 -0.0029142 -0.0029142 -0.0029142 -0.0029142 -0.0029142 -0.0029142 -0.0029142 -0.0029142 -0.0029142 -0.0029142 -0.0029142 -0.0029142 -0.0029142 -0.0029142 -0.0029142 -0.0029142 -0.0029142 -0.0029142 -0.0029142 -0.0029142 -0.0029142 -0.0029142
0.018935 0.018935 0.018935 0.018935 0.018935 0.018935 0.018935 0.018935 0.018935 0.018935 0.018935 0.018935 0.018935 0.018935 0.018935 0.018935 0.018935 0.018935 0.018935 0.018935 0.018935 0.018935 0.018935 0.018935 0.018935
-1.211e-15 -1.211e-15 -1.211e-15 -1.211e-15 -1.211e-15 -1.211e-15 -1.211e-15 -1.211e-15 -1.211e-15 -1.211e-15 -1.211e-15 -1.211e-15 -1.211e-15 -1.211e-15 -1.211e-15 -1.211e-15 -1.211e-15 -1.211e-15 -1.211e-15 -1.211e-15 -1.211e-15 -1.211e-15 -1.211e-15 -1.211e-15 -1.211e-15
0.23853 0.23853 0.23853 0.23853 0.23853 0.23853 0.23853 0.23853 0.23853 0.23853 0.23853 0.23853 0.23853 0.23853 0.23853 0.23853 0.23853 0.23853 0.23853 0.23853 0.23853 0.23853 0.23853 0.23853 0.23853
1.6614 1.6614 1.6614 1.6614 1.6614 1.6614 1.6614 1.6614 1.6614 1.6614 1.6614 1.6614 1.6614 1.6614 1.6614 1.6614 1.6614 1.6614 1.6614 1.6614 1.6614 1.6614 1.6614 1.6614 1.6614
-1.0637 -1.0637 -1.0637 -1.0637 -1.0637 -1.0637 -1.0637 -1.0637 -1.0637 -1.0637 -1.0637 -1.0637 -1.0637 -1.0637 -1.0637 -1.0637 -1.0637 -1.0637 -1.0637 -1.0637 -1.0637 -1.0637 -1.0637 -1.0637 -1.0637
1.6554 1.6554 1.6554 1.6554 1.6554 1.6554 1.6554 1.6554 1.6554 1.6554 1.6554 1.6554 1.6554 1.6554 1.6554 1.6554 1.6554 1.6554 1.6554 1.6554 1.6554 1.6554 1.6554 1.6554 1.6554
0.25723 0.25723 0.25723 0.25723 0.25723 0.25723 0.25723 0.25723 0.25723 0.25723 0.25723 0.25723 0.25723 0.25723 0.25723 0.25723 0.25723 0.25723 0.25723 0.25723 0.25723 0.25723 0.25723 0.25723 0.25723
0.016341 0.016341 0.016341 0.016341 0.016341 0.016341 0.016341 0.016341 0.016341 0.016341 0.016341 0.016341 0.016341 0.016341 0.016341 0.016341 0.016341 0.016341 0.016341 0.016341 0.016341 0.016341 0.016341 0.016341 0.016341
-0.0017826 -0.0017826 -0.0017826 -0.0017826 -0.0017826 -0.0017826 -0.0017826 -0.0017826 -0.0017826 -0.0017826 -0.0017826 -0.0017826 -0.0017826 -0.0017826 -0.0017826 -0.0017826 -0.0017826 -0.0017826 -0.0017826 -0.0017826 -0.0017826 -0.0017826 -0.0017826 -0.0017826 -0.0017826
-0.0019635 -0.0019635 -0.0019635 -0.0019635 -0.0019635 -0.0019635 -0.0019635 -0.0019635 -0.0019635 -0.0019635 -0.0019635 -0.0019635 -0.0019635 -0.0019635 -0.0019635 -0.0019635 -0.0019635 -0.0019635 -0.0019635 -0.0019635 -0.0019635 -0.0019635 -0.0019635 -0.0019635 -0.0019635
-0.0018799 -0.0018799 -0.0018799 -0.0018799 -0.0018799 -0.0018799 -0.0018799 -0.0018799 -0.0018799 -0.0018799 -0.0018799 -0.0018799 -0.0018799 -0.0018799 -0.0018799 -0.0018799 -0.0018799 -0.0018799 -0.0018799 -0.0018799 -0.0018799 -0.0018799 -0.0018799 -0.0018799 -0.0018799
-0.0058085 -0.0058085 -0.0058085 -0.0058085 -0.0058085 -0.0058085 -0.0058085 -0.0058085 -0.0058085 -0.0058085 -0.0058085 -0.0058085 -0.0058085 -0.0058085 -0.0058085 -0.0058085 -0.0058085 -0.0058085 -0.0058085 -0.0058085 -0.0058085 -0.0058085 -0.0058085 -0.0058085 -0.0058085
-0.0056681 -0.0056681 -0.0056681 -0.0056681 -0.0056681 -0.0056681 -0.0056681 -0.0056681 -0.0056681 -0.0056681 -0.0056681 -0.0056681 -0.0056681 -0.0056681 -0.0056681 -0.0056681 -0.0056681 -0.0056681 -0.0056681 -0.0056681 -0.0056681 -0.0056681 -0.0056681 -0.0056681 -0.0056681
-0.0054835 -0.0054835 -0.0054835 -0.0054835 -0.0054835 -0.0054835 -0.0054835 -0.0054835 -0.0054835 -0.0054835 -0.0054835 -0.0054835 -0.0054835 -0.0054835 -0.0054835 -0.0054835 -0.0054835 -0.0054835 -0.0054835 -0.0054835 -0.0054835 -0.0054835 -0.0054835 -0.0054835 -0.0054835
-0.19068 -0.19068 -0.19068 -0.19068 -0.19068 -0.19068 -0.19068 -0.19068 -0.19068 -0.19068 -0.19068 -0.19068 -0.19068 -0.19068 -0.19068 -0.19068 -0.19068 -0.19068 -0.19068 -0.19068 -0.19068 -0.19068 -0.19068 -0.19068 -0.19068
-1.1385 -1.1385 -1.1385 -1.1385 -1.1385 -1.1385 -1.1385 -1.1385 -1.1385 -1.1385 -1.1385 -1.1385 -1.1385 -1.1385 -1.1385 -1.1385 -1.1385 -1.1385 -1.1385 -1.1385 -1.1385 -1.1385 -1.1385 -1.1385 -1.1385
-0.19038 -0.19038 -0.19038 -0.19038 -0.19038 -0.19038 -0.19038 -0.19038 -0.19038 -0.19038 -0.19038 -0.19038 -0.19038 -0.19038 -0.19038 -0.19038 -0.19038 -0.19038 -0.19038 -0.19038 -0.19038 -0.19038 -0.19038 -0.19038 -0.19038
-0.0059536 -0.0059536 -0.0059536 -0.0059536 -0.0059536 -0.0059536 -0.0059536 -0.0059536 -0.0059536 -0.0059536 -0.0059536 -0.0059536 -0.0059536 -0.0059536 -0.0059536 -0.0059536 -0.0059536 -0.0059536 -0.0059536 -0.0059536 -0.0059536 -0.0059536 -0.0059536 -0.0059536 -0.0059536
-0.0055955 -0.0055955 -0.0055955 -0.0055955 -0.0055955 -0.0055955 -0.0055955 -0.0055955 -0.0055955 -0.0055955 -0.0055955 -0.0055955 -0.0055955 -0.0055955 -0.0055955 -0.0055955 -0.0055955 -0.0055955 -0.0055955 -0.0055955 -0.0055955 -0.0055955 -0.0055955 -0.0055955 -0.0055955
0 0 0 0 0 0 0 0 0 0 0 0 0 0 0 0 0 0 0 0 0 0 0 0 0
0 0 0 0 0 0 0 0 0 0 0 0 0 0 0 0 0 0 0 0 0 0 0 0 0
0 0 0 0 0 0 0 0 0 0 0 0 0 0 0 0 0 0 0 0 0 0 0 0 0
0 0 0 0 0 0 0 0 0 0 0 0 0 0 0 0 0 0 0 0 0 0 0 0 0
0 0 0 0 0 0 0 0 0 0 0 0 0 0 0 0 0 0 0 0 0 0 0 0 0
0 0 0 0 0 0 0 0 0 0 0 0 0 0 0 0 0 0 0 0 0 0 0 0 0
-0 -0 -0 -0 -0 -0 -0 -0 -0 -0 -0 -0 -0 -0 -0 -0 -0 -0 -0 -0 -0 -0 -0 -0 -0
-0 -0 -0 -0 -0 -0 -0 -0 -0 -0 -0 -0 -0 -0 -0 -0 -0 -0 -0 -0 -0 -0 -0 -0 -0
0 0 0 0 0 0 0 0 0 0 0 0 0 0 0 0 0 0 0 0 0 0 0 0 0
0 0 0 0 0 0 0 0 0 0 0 0 0 0 0 0 0 0 0 0 0 0 0 0 0
0 0 0 0 0 0 0 0 0 0 0 0 0 0 0 0 0 0 0 0 0 0 0 0 0
0 0 0 0 0 0 0 0 0 0 0 0 0 0 0 0 0 0 0 0 0 0 0 0 0
0 0 0 0 0 0 0 0 0 0 0 0 0 0 0 0 0 0 0 0 0 0 0 0 0
0 0 0 0 0 0 0 0 0 0 0 0 0 0 0 0 0 0 0 0 0 0 0 0 0
0 0 0 0 0 0 0 0 0 0 0 0 0 0 0 0 0 0 0 0 0 0 0 0 0
0 0 0 0 0 0 0 0 0 0 0 0 0 0 0 0 0 0 0 0 0 0 0 0 0
0 0 0 0 0 0 0 0 0 0 0 0 0 0 0 0 0 0 0 0 0 0 0 0 0
0 0 0 0 0 0 0 0 0 0 0 0 0 0 0 0 0 0 0 0 0 0 0 0 0
-0 -0 -0 -0 -0 -0 -0 -0 -0 -0 -0 -0 -0 -0 -0 -0 -0 -0 -0 -0 -0 -0 -0 -0 -0
0 0 0 0 0 0 0 0 0 0 0 0 0 0 0 0 0 0 0 0 0 0 0 0 0
0 0 0 0 0 0 0 0 0 0 0 0 0 0 0 0 0 0 0 0 0 0 0 0 0
0 0 0 0 0 0 0 0 0 0 0 0 0 0 0 0 0 0 0 0 0 0 0 0 0
0 0 0 0 0 0 0 0 0 0 0 0 0 0 0 0 0 0 0 0 0 0 0 0 0
0 0 0 0 0 0 0 0 0 0 0 0 0 0 0 0 0 0 0 0 0 0 0 0 0
0 0 0 0 0 0 0 0 0 0 0 0 0 0 0 0 0 0 0 0 0 0 0 0 0
0 0 0 0 0 0 0 0 0 0 0 0 0 0 0 0 0 0 0 0 0 0 0 0 0
0 0 0 0 0 0 0 0 0 0 0 0 0 0 0 0 0 0 0 0 0 0 0 0 0
0 0 0 0 0 0 0 0 0 0 0 0 0 0 0 0 0 0 0 0 0 0 0 0 0
-0 -0 -0 -0 -0 -0 -0 -0 -0 -0 -0 -0 -0 -0 -0 -0 -0 -0 -0 -0 -0 -0 -0 -0 -0
-0 -0 -0 -0 -0 -0 -0 -0 -0 -0 -0 -0 -0 -0 -0 -0 -0 -0 -0 -0 -0 -0 -0 -0 -0
0 0 0 0 0 0 0 0 0 0 0 0 0 0 0 0 0 0 0 0 0 0 0 0 0
0 0 0 0 0 0 0 0 0 0 0 0 0 0 0 0 0 0 0 0 0 0 0 0 0
0 0 0 0 0 0 0 0 0 0 0 0 0 0 0 0 0 0 0 0 0 0 0 0 0
0 0 0 0 0 0 0 0 0 0 0 0 0 0 0 0 0 0 0 0 0 0 0 0 0
0 0 0 0 0 0 0 0 0 0 0 0 0 0 0 0 0 0 0 0 0 0 0 0 0
0 0 0 0 0 0 0 0 0 0 0 0 0 0 0 0 0 0 0 0 0 0 0 0 0
0 0 0 0 0 0 0 0 0 0 0 0 0 0 0 0 0 0 0 0 0 0 0 0 0
0 0 0 0 0 0 0 0 0 0 0 0 0 0 0 0 0 0 0 0 0 0 0 0 0
0 0 0 0 0 0 0 0 0 0 0 0 0 0 0 0 0 0 0 0 0 0 0 0 0
0 0 0 0 0 0 0 0 0 0 0 0 0 0 0 0 0 0 0 0 0 0 0 0 0
-0 -0 -0 -0 -0 -0 -0 -0 -0 -0 -0 -0 -0 -0 -0 -0 -0 -0 -0 -0 -0 -0 -0 -0 -0
0 0 0 0 0 0 0 0 0 0 0 0 0 0 0 0 0 0 0 0 0 0 0 0 0
0 0 0 0 0 0 0 0 0 0 0 0 0 0 0 0 0 0 0 0 0 0 0 0 0
0 0 0 0 0 0 0 0 0 0 0 0 0 0 0 0 0 0 0 0 0 0 0 0 0
0 0 0 0 0 0 0 0 0 0 0 0 0 0 0 0 0 0 0 0 0 0 0 0 0
0 0 0 0 0 0 0 0 0 0 0 0 0 0 0 0 0 0 0 0 0 0 0 0 0
0 0 0 0 0 0 0 0 0 0 0 0 0 0 0 0 0 0 0 0 0 0 0 0 0
0 0 0 0 0 0 0 0 0 0 0 0 0 0 0 0 0 0 0 0 0 0 0 0 0
0 0 0 0 0 0 0 0 0 0 0 0 0 0 0 0 0 0 0 0 0 0 0 0 0
0 0 0 0 0 0 0 0 0 0 0 0 0 0 0 0 0 0 0 0 0 0 0 0 0
-0 -0 -0 -0 -0 -0 -0 -0 -0 -0 -0 -0 -0 -0 -0 -0 -0 -0 -0 -0 -0 -0 -0 -0 -0
-0 -0 -0 -0 -0 -0 -0 -0 -0 -0 -0 -0 -0 -0 -0 -0 -0 -0 -0 -0 -0 -0 -0 -0 -0
0 0 0 0 0 0 0 0 0 0 0 0 0 0 0 0 0 0 0 0 0 0 0 0 0
0 0 0 0 0 0 0 0 0 0 0 0 0 0 0 0 0 0 0 0 0 0 0 0 0
0 0 0 0 0 0 0 0 0 0 0 0 0 0 0 0 0 0 0 0 0 0 0 0 0
0 0 0 0 0 0 0 0 0 0 0 0 0 0 0 0 0 0 0 0 0 0 0 0 0
0 0 0 0 0 0 0 0 0 0 0 0 0 0 0 0 0 0 0 0 0 0 0 0 0
0 0 0 0 0 0 0 0 0 0 0 0 0 0 0 0 0 0 0 0 0 0 0 0 0
0 0 0 0 0 0 0 0 0 0 0 0 0 0 0 0 0 0 0 0 0 0 0 0 0
0 0 0 0 0 0 0 0 0 0 0 0 0 0 0 0 0 0 0 0 0 0 0 0 0
0 0 0 0 0 0 0 0 0 0 0 0 0 0 0 0 0 0 0 0 0 0 0 0 0
0 0 0 0 0 0 0 0 0 0 0 0 0 0 0 0 0 0 0 0 0 0 0 0 0
-0 -0 -0 -0 -0 -0 -0 -0 -0 -0 -0 -0 -0 -0 -0 -0 -0 -0 -0 -0 -0 -0 -0 -0 -0
0 0 0 0 0 0 0 0 0 0 0 0 0 0 0 0 0 0 0 0 0 0 0 0 0
0 0 0 0 0 0 0 0 0 0 0 0 0 0 0 0 0 0 0 0 0 0 0 0 0
0 0 0 0 0 0 0 0 0 0 0 0 0 0 0 0 0 0 0 0 0 0 0 0 0
1 2 3 4 5 6 7 8 9 10 11 12 13 14 15 16 17 18 19 20 21 22 23 24 25
