0.89943
1.0758
0.7707
-0.052669
0
-0.089006
-0.064191
-0.043159
-0.031364
-0.027738
-0.018746
-1.4656
-3.1705
-1.198
-0.21098
0
-0.10147
-0.064717
-0.045717
-0.032642
-0.028328
-0.0192
-0.92963
-0.35896
-1.5857
-0.36307
0
-0.15944
-0.10224
-0.067725
-0.048143
-0.04169
-0.028124
-1.7551
-3.2002
-1.5177
-0.33162
0
-0.15248
-0.09611
-0.066682
-0.047441
-0.041068
-0.027893
5.093
0.013887
-6.0432
-0.72809
0
-0.12652
-0.056912
-0.031888
-0.018155
-0.01281
-0.0078714
1.1364
-0.49784
-1.4448
-0.34161
0
-0.096749
-0.048087
-0.028118
-0.016886
-0.011549
-0.0075737
0
0
0
0
0
0
0
0
0
0
0
0
0
0
0
0
0
0
0
0
0
0
1.2243
-0.78268
1.3318
0.14173
0
0.0025161
-0.0044112
-0.0036822
-0.0031731
-0.003141
-0.0021466
-0.21419
-0.92589
-0.16409
0.0039163
0
-0.007668
-0.0066396
-0.0052781
-0.0039754
-0.0035969
-0.0024172
0
0
0
0
0
0
0
0
0
0
0
0
0
0
0
0
0
0
0
0
0
0
0
0
0
0
0
0
0
0
0
0
0
0
0
0
0
0
0
0
0
0
0
0
0
0
0
0
0
0
0
0
0
0
0
0
0
0
0
0
0
0
0
0
0
0
