2.920858786789362616e-01
2.920858786789362616e-01
-1.205046470896797395e+00
-1.205046470896797395e+00
-8.036014979392778201e-01
-8.036014979392778201e-01
-1.205895859162111172e+00
-1.205895859162111172e+00
2.886008216254372094e-01
2.886008216254372094e-01
0.000000000000000000e+00
9.325670602338370641e-01
9.325670602338370641e-01
3.660603307410788876e+00
3.660603307410788876e+00
2.280741411814348307e+00
2.280741411814348307e+00
3.658876013014451978e+00
3.658876013014451978e+00
9.328418791003908472e-01
9.328418791003908472e-01
0.000000000000000000e+00
8.090206702305051678e-01
8.090206702305051678e-01
9.648807031207666807e-01
9.648807031207666807e-01
5.173350946338131084e-01
5.173350946338131084e-01
9.637549744616062952e-01
9.637549744616062952e-01
8.048165342460884553e-01
8.048165342460884553e-01
0.000000000000000000e+00
1.196920086085605295e+00
1.196920086085605295e+00
4.405918464262566836e+00
4.405918464262566836e+00
2.689002739095786243e+00
2.689002739095786243e+00
4.404253539374913373e+00
4.404253539374913373e+00
1.197034137362717576e+00
1.197034137362717576e+00
0.000000000000000000e+00
-1.014995290966141495e+00
-1.014995290966141495e+00
-4.872129696840927338e+00
-4.872129696840927338e+00
8.533450536773562467e-02
8.533450536773562467e-02
4.820552589235090224e+00
4.820552589235090224e+00
9.844265241641609876e-01
9.844265241641609876e-01
0.000000000000000000e+00
-3.651139464006477597e-01
-3.651139464006477597e-01
-8.223372044701809935e-01
-8.223372044701809935e-01
1.018574987512538277e-02
1.018574987512538277e-02
8.311927825549509929e-01
8.311927825549509929e-01
3.590743764308664265e-01
3.590743764308664265e-01
0.000000000000000000e+00
0.000000000000000000e+00
0.000000000000000000e+00
0.000000000000000000e+00
0.000000000000000000e+00
0.000000000000000000e+00
0.000000000000000000e+00
0.000000000000000000e+00
0.000000000000000000e+00
0.000000000000000000e+00
0.000000000000000000e+00
0.000000000000000000e+00
0.000000000000000000e+00
0.000000000000000000e+00
0.000000000000000000e+00
0.000000000000000000e+00
0.000000000000000000e+00
0.000000000000000000e+00
0.000000000000000000e+00
0.000000000000000000e+00
0.000000000000000000e+00
0.000000000000000000e+00
0.000000000000000000e+00
1.246593535211951931e+00
1.246593535211951931e+00
2.280577210378110564e+00
2.280577210378110564e+00
-6.480632857403695546e+00
-6.480632857403695546e+00
2.297044114673599591e+00
2.297044114673599591e+00
1.225333317073874051e+00
1.225333317073874051e+00
0.000000000000000000e+00
1.285063979190113198e-02
1.285063979190113198e-02
-1.432725068151573300e+00
-1.432725068151573300e+00
-1.498260993002362262e+00
-1.498260993002362262e+00
-1.444535364358606522e+00
-1.444535364358606522e+00
6.144000529999638083e-03
6.144000529999638083e-03
0.000000000000000000e+00
0.000000000000000000e+00
0.000000000000000000e+00
0.000000000000000000e+00
0.000000000000000000e+00
0.000000000000000000e+00
0.000000000000000000e+00
0.000000000000000000e+00
0.000000000000000000e+00
0.000000000000000000e+00
0.000000000000000000e+00
0.000000000000000000e+00
0.000000000000000000e+00
0.000000000000000000e+00
0.000000000000000000e+00
0.000000000000000000e+00
0.000000000000000000e+00
0.000000000000000000e+00
0.000000000000000000e+00
0.000000000000000000e+00
0.000000000000000000e+00
0.000000000000000000e+00
0.000000000000000000e+00
0.000000000000000000e+00
0.000000000000000000e+00
0.000000000000000000e+00
0.000000000000000000e+00
0.000000000000000000e+00
0.000000000000000000e+00
0.000000000000000000e+00
0.000000000000000000e+00
0.000000000000000000e+00
0.000000000000000000e+00
0.000000000000000000e+00
0.000000000000000000e+00
0.000000000000000000e+00
0.000000000000000000e+00
0.000000000000000000e+00
0.000000000000000000e+00
0.000000000000000000e+00
0.000000000000000000e+00
0.000000000000000000e+00
0.000000000000000000e+00
0.000000000000000000e+00
0.000000000000000000e+00
0.000000000000000000e+00
0.000000000000000000e+00
0.000000000000000000e+00
0.000000000000000000e+00
0.000000000000000000e+00
0.000000000000000000e+00
0.000000000000000000e+00
0.000000000000000000e+00
0.000000000000000000e+00
0.000000000000000000e+00
0.000000000000000000e+00
0.000000000000000000e+00
0.000000000000000000e+00
0.000000000000000000e+00
0.000000000000000000e+00
0.000000000000000000e+00
0.000000000000000000e+00
0.000000000000000000e+00
0.000000000000000000e+00
0.000000000000000000e+00
0.000000000000000000e+00
0.000000000000000000e+00
