1.7595
1.7595
3.7447
3.7447
1.6949
1.6949
0.45431
0.45431
0.17112
0.17112
0
-1.7696
-1.7696
-2.3066
-2.3066
-1.8831
-1.8831
0
0
-0.14362
-0.14362
0
-2.8511
-2.8511
-2.3072
-2.3072
-2.4992
-2.4992
-1.5839
-1.5839
-0.82447
-0.82447
0
-3.284
-3.284
-0.36667
-0.36667
-2.6656
-2.6656
0
0
-0.88406
-0.88406
0
5.7274
5.7274
0.25451
0.25451
-4.6817
-4.6817
-2.6686
-2.6686
-1.2204
-1.2204
0
9.7713
9.7713
-0.3523
-0.3523
-8.5173
-8.5173
0
0
-1.5083
-1.5083
0
0
0
0
0
0
0
0
0
0
0
0
-0
-0
0
0
0
0
0
0
0
0
0
1.1626
1.1626
-4.1786
-4.1786
0.78414
0.78414
1.5953
1.5953
0.82725
0.82725
0
4.7701
4.7701
-5.6601
-5.6601
4.1052
4.1052
0
0
1.1903
1.1903
0
0
0
0
0
0
0
0
0
0
0
0
-0
-0
0
0
0
0
0
0
0
0
0
0
0
0
0
0
0
0
0
0
0
0
-0
-0
0
0
0
0
0
0
0
0
0
0
0
0
0
0
0
0
0
0
0
0
-0
-0
0
0
0
0
0
0
0
0
0
