7.449709889370788574e+01
7.449709889370788574e+01
-1.734128000804549430e+01
-1.734128000804549430e+01
1.086101857206123888e+01
1.086101857206123888e+01
-1.632042817277496027e+01
-1.632042817277496027e+01
7.063064838528687517e+01
7.063064838528687517e+01
0.000000000000000000e+00
-3.013855884134454399e+01
-3.013855884134454399e+01
-1.582242207556353542e+01
-1.582242207556353542e+01
6.199225045580799076e+01
6.199225045580799076e+01
-1.749341292226922917e+01
-1.749341292226922917e+01
-2.990854719131591111e+01
-2.990854719131591111e+01
0.000000000000000000e+00
1.336444986265117318e+00
1.336444986265117318e+00
8.501897733451577732e-01
8.501897733451577732e-01
6.002432973583118336e-01
6.002432973583118336e-01
8.563259539171976797e-01
8.563259539171976797e-01
1.304784188954594137e+00
1.304784188954594137e+00
0.000000000000000000e+00
9.760769562050649606e-01
9.760769562050649606e-01
4.267439661828839270e+00
4.267439661828839270e+00
3.113412095516816969e+00
3.113412095516816969e+00
4.253910172114818700e+00
4.253910172114818700e+00
9.778238997373012165e-01
9.778238997373012165e-01
0.000000000000000000e+00
-1.173492415155891644e+00
-1.173492415155891644e+00
-4.837663742224430408e+00
-4.837663742224430408e+00
6.041962885546303674e-02
6.041962885546303674e-02
4.852836255901859630e+00
4.852836255901859630e+00
8.341804451532870424e-01
8.341804451532870424e-01
0.000000000000000000e+00
-2.987480244683872188e-01
-2.987480244683872188e-01
-7.807227182212287397e-01
-7.807227182212287397e-01
-1.173541841531387381e-01
-1.173541841531387381e-01
8.763727081429159016e-01
8.763727081429159016e-01
4.249495953017002337e-01
4.249495953017002337e-01
0.000000000000000000e+00
0.000000000000000000e+00
0.000000000000000000e+00
0.000000000000000000e+00
0.000000000000000000e+00
0.000000000000000000e+00
0.000000000000000000e+00
0.000000000000000000e+00
0.000000000000000000e+00
0.000000000000000000e+00
0.000000000000000000e+00
0.000000000000000000e+00
0.000000000000000000e+00
0.000000000000000000e+00
0.000000000000000000e+00
0.000000000000000000e+00
0.000000000000000000e+00
0.000000000000000000e+00
0.000000000000000000e+00
0.000000000000000000e+00
0.000000000000000000e+00
0.000000000000000000e+00
0.000000000000000000e+00
-2.331027746704653936e+01
-2.331027746704653936e+01
7.620585780335812132e+00
7.620585780335812132e+00
-1.034083796634079455e+01
-1.034083796634079455e+01
7.298938261766940272e+00
7.298938261766940272e+00
-2.205315580206034909e+01
-2.205315580206034909e+01
0.000000000000000000e+00
1.029530460965318461e+01
1.029530460965318461e+01
5.014846620388233589e+00
5.014846620388233589e+00
-2.125875648198723056e+01
-2.125875648198723056e+01
5.555450346594083655e+00
5.555450346594083655e+00
1.021257052294414081e+01
1.021257052294414081e+01
0.000000000000000000e+00
-4.341820527269409524e+01
-4.341820527269409524e+01
9.441495548315000264e+00
9.441495548315000264e+00
-6.825103157446991808e+00
-6.825103157446991808e+00
8.843686429383136982e+00
8.843686429383136982e+00
-4.115793982546843921e+01
-4.115793982546843921e+01
0.000000000000000000e+00
1.818007258047680352e+01
1.818007258047680352e+01
1.139974189128923854e+01
1.139974189128923854e+01
-3.493788965833569193e+01
-3.493788965833569193e+01
1.237644716528083499e+01
1.237644716528083499e+01
1.804565092230563650e+01
1.804565092230563650e+01
0.000000000000000000e+00
0.000000000000000000e+00
0.000000000000000000e+00
0.000000000000000000e+00
0.000000000000000000e+00
0.000000000000000000e+00
0.000000000000000000e+00
0.000000000000000000e+00
0.000000000000000000e+00
0.000000000000000000e+00
0.000000000000000000e+00
0.000000000000000000e+00
0.000000000000000000e+00
0.000000000000000000e+00
0.000000000000000000e+00
0.000000000000000000e+00
0.000000000000000000e+00
0.000000000000000000e+00
0.000000000000000000e+00
0.000000000000000000e+00
0.000000000000000000e+00
0.000000000000000000e+00
0.000000000000000000e+00
0.000000000000000000e+00
0.000000000000000000e+00
0.000000000000000000e+00
0.000000000000000000e+00
0.000000000000000000e+00
0.000000000000000000e+00
0.000000000000000000e+00
0.000000000000000000e+00
0.000000000000000000e+00
0.000000000000000000e+00
0.000000000000000000e+00
0.000000000000000000e+00
0.000000000000000000e+00
0.000000000000000000e+00
0.000000000000000000e+00
0.000000000000000000e+00
0.000000000000000000e+00
0.000000000000000000e+00
0.000000000000000000e+00
0.000000000000000000e+00
0.000000000000000000e+00
0.000000000000000000e+00
