0.000000000000000000e+00
0.000000000000000000e+00
-1.619568676276314623e+00
-1.619568676276314623e+00
0.000000000000000000e+00
0.000000000000000000e+00
-2.924098463625667055e+00
-2.924098463625667055e+00
9.156429653416154224e+00
9.156429653416154224e+00
0.000000000000000000e+00
7.891037304283142539e+00
7.891037304283142539e+00
0.000000000000000000e+00
0.000000000000000000e+00
9.633034360354182368e+00
9.633034360354182368e+00
0.000000000000000000e+00
0.000000000000000000e+00
0.000000000000000000e+00
0.000000000000000000e+00
0.000000000000000000e+00
0.000000000000000000e+00
0.000000000000000000e+00
1.153571650292428252e+00
1.153571650292428252e+00
0.000000000000000000e+00
0.000000000000000000e+00
9.669211380126236932e-01
9.669211380126236932e-01
3.159857169452348291e+00
3.159857169452348291e+00
0.000000000000000000e+00
6.260920170481456992e+00
6.260920170481456992e+00
0.000000000000000000e+00
0.000000000000000000e+00
1.496973132485488200e+01
1.496973132485488200e+01
0.000000000000000000e+00
0.000000000000000000e+00
0.000000000000000000e+00
0.000000000000000000e+00
0.000000000000000000e+00
0.000000000000000000e+00
0.000000000000000000e+00
-5.172456507041291118e+00
-5.172456507041291118e+00
0.000000000000000000e+00
0.000000000000000000e+00
5.246049962933713395e+00
5.246049962933713395e+00
-2.147372286550197074e-01
-2.147372286550197074e-01
0.000000000000000000e+00
-8.998098908151516140e-01
-8.998098908151516140e-01
0.000000000000000000e+00
0.000000000000000000e+00
4.472441355938512886e-01
4.472441355938512886e-01
0.000000000000000000e+00
0.000000000000000000e+00
0.000000000000000000e+00
0.000000000000000000e+00
0.000000000000000000e+00
0.000000000000000000e+00
0.000000000000000000e+00
0.000000000000000000e+00
0.000000000000000000e+00
0.000000000000000000e+00
0.000000000000000000e+00
0.000000000000000000e+00
0.000000000000000000e+00
0.000000000000000000e+00
0.000000000000000000e+00
0.000000000000000000e+00
0.000000000000000000e+00
0.000000000000000000e+00
0.000000000000000000e+00
0.000000000000000000e+00
0.000000000000000000e+00
0.000000000000000000e+00
0.000000000000000000e+00
0.000000000000000000e+00
0.000000000000000000e+00
0.000000000000000000e+00
0.000000000000000000e+00
0.000000000000000000e+00
0.000000000000000000e+00
-9.598886172479473289e-02
-9.598886172479473289e-02
0.000000000000000000e+00
0.000000000000000000e+00
-7.084191246611344361e+00
-7.084191246611344361e+00
3.892189734961051073e+01
3.892189734961051073e+01
0.000000000000000000e+00
1.401389146004363084e+01
1.401389146004363084e+01
0.000000000000000000e+00
0.000000000000000000e+00
-2.038034816779522984e+01
-2.038034816779522984e+01
0.000000000000000000e+00
0.000000000000000000e+00
0.000000000000000000e+00
0.000000000000000000e+00
0.000000000000000000e+00
0.000000000000000000e+00
0.000000000000000000e+00
0.000000000000000000e+00
0.000000000000000000e+00
0.000000000000000000e+00
0.000000000000000000e+00
0.000000000000000000e+00
0.000000000000000000e+00
0.000000000000000000e+00
0.000000000000000000e+00
0.000000000000000000e+00
0.000000000000000000e+00
0.000000000000000000e+00
0.000000000000000000e+00
0.000000000000000000e+00
0.000000000000000000e+00
0.000000000000000000e+00
0.000000000000000000e+00
0.000000000000000000e+00
0.000000000000000000e+00
0.000000000000000000e+00
0.000000000000000000e+00
0.000000000000000000e+00
0.000000000000000000e+00
0.000000000000000000e+00
0.000000000000000000e+00
0.000000000000000000e+00
0.000000000000000000e+00
0.000000000000000000e+00
0.000000000000000000e+00
0.000000000000000000e+00
0.000000000000000000e+00
0.000000000000000000e+00
0.000000000000000000e+00
0.000000000000000000e+00
0.000000000000000000e+00
0.000000000000000000e+00
0.000000000000000000e+00
0.000000000000000000e+00
0.000000000000000000e+00
0.000000000000000000e+00
0.000000000000000000e+00
0.000000000000000000e+00
0.000000000000000000e+00
0.000000000000000000e+00
0.000000000000000000e+00
0.000000000000000000e+00
0.000000000000000000e+00
0.000000000000000000e+00
0.000000000000000000e+00
0.000000000000000000e+00
0.000000000000000000e+00
0.000000000000000000e+00
0.000000000000000000e+00
0.000000000000000000e+00
0.000000000000000000e+00
0.000000000000000000e+00
0.000000000000000000e+00
0.000000000000000000e+00
0.000000000000000000e+00
0.000000000000000000e+00
0.000000000000000000e+00
0.000000000000000000e+00
0.000000000000000000e+00
0.000000000000000000e+00
0.000000000000000000e+00
