2.011411947534180289e+00
2.011411947534180289e+00
-1.583855289439291658e+00
-1.583855289439291658e+00
-6.639641617327609602e-01
-6.639641617327609602e-01
-1.584858816169999240e+00
-1.584858816169999240e+00
1.997992059603805881e+00
1.997992059603805881e+00
0.000000000000000000e+00
4.377835070248016436e+00
4.377835070248016436e+00
0.000000000000000000e+00
0.000000000000000000e+00
1.041951265421814732e+01
1.041951265421814732e+01
0.000000000000000000e+00
0.000000000000000000e+00
4.379548498828039094e+00
4.379548498828039094e+00
0.000000000000000000e+00
2.878499433012716935e+00
2.878499433012716935e+00
5.088895116313891798e-01
5.088895116313891798e-01
6.854114779303113192e-01
6.854114779303113192e-01
5.076456533111444180e-01
5.076456533111444180e-01
2.862351030986456379e+00
2.862351030986456379e+00
0.000000000000000000e+00
5.343852360654020472e+00
5.343852360654020472e+00
0.000000000000000000e+00
0.000000000000000000e+00
1.248532446279938490e+01
1.248532446279938490e+01
0.000000000000000000e+00
0.000000000000000000e+00
5.345703045924438790e+00
5.345703045924438790e+00
0.000000000000000000e+00
-1.040946250732975864e+00
-1.040946250732975864e+00
-5.007455209915454120e+00
-5.007455209915454120e+00
8.695532082846557653e-02
8.695532082846557653e-02
4.954329472047857230e+00
4.954329472047857230e+00
1.013971100267529568e+00
1.013971100267529568e+00
0.000000000000000000e+00
-3.711677589573856850e-01
-3.711677589573856850e-01
0.000000000000000000e+00
0.000000000000000000e+00
1.988476181700178647e-02
1.988476181700178647e-02
0.000000000000000000e+00
0.000000000000000000e+00
3.731270887253538282e-01
3.731270887253538282e-01
0.000000000000000000e+00
0.000000000000000000e+00
0.000000000000000000e+00
0.000000000000000000e+00
0.000000000000000000e+00
0.000000000000000000e+00
0.000000000000000000e+00
0.000000000000000000e+00
0.000000000000000000e+00
0.000000000000000000e+00
0.000000000000000000e+00
0.000000000000000000e+00
0.000000000000000000e+00
0.000000000000000000e+00
0.000000000000000000e+00
0.000000000000000000e+00
0.000000000000000000e+00
0.000000000000000000e+00
0.000000000000000000e+00
0.000000000000000000e+00
0.000000000000000000e+00
0.000000000000000000e+00
0.000000000000000000e+00
5.709444952678267571e-01
5.709444952678267571e-01
2.430504230558883538e+00
2.430504230558883538e+00
-6.535534747444255999e+00
-6.535534747444255999e+00
2.444999168028967773e+00
2.444999168028967773e+00
5.531703686617156501e-01
5.531703686617156501e-01
0.000000000000000000e+00
-1.341394349968298538e+00
-1.341394349968298538e+00
0.000000000000000000e+00
0.000000000000000000e+00
-4.697580954011073118e+00
-4.697580954011073118e+00
0.000000000000000000e+00
0.000000000000000000e+00
-1.348818354823600130e+00
-1.348818354823600130e+00
0.000000000000000000e+00
0.000000000000000000e+00
0.000000000000000000e+00
0.000000000000000000e+00
0.000000000000000000e+00
0.000000000000000000e+00
0.000000000000000000e+00
0.000000000000000000e+00
0.000000000000000000e+00
0.000000000000000000e+00
0.000000000000000000e+00
0.000000000000000000e+00
0.000000000000000000e+00
0.000000000000000000e+00
0.000000000000000000e+00
0.000000000000000000e+00
0.000000000000000000e+00
0.000000000000000000e+00
0.000000000000000000e+00
0.000000000000000000e+00
0.000000000000000000e+00
0.000000000000000000e+00
0.000000000000000000e+00
0.000000000000000000e+00
0.000000000000000000e+00
0.000000000000000000e+00
0.000000000000000000e+00
0.000000000000000000e+00
0.000000000000000000e+00
0.000000000000000000e+00
0.000000000000000000e+00
0.000000000000000000e+00
0.000000000000000000e+00
0.000000000000000000e+00
0.000000000000000000e+00
0.000000000000000000e+00
0.000000000000000000e+00
0.000000000000000000e+00
0.000000000000000000e+00
0.000000000000000000e+00
0.000000000000000000e+00
0.000000000000000000e+00
0.000000000000000000e+00
0.000000000000000000e+00
0.000000000000000000e+00
0.000000000000000000e+00
0.000000000000000000e+00
0.000000000000000000e+00
0.000000000000000000e+00
0.000000000000000000e+00
0.000000000000000000e+00
0.000000000000000000e+00
0.000000000000000000e+00
0.000000000000000000e+00
0.000000000000000000e+00
0.000000000000000000e+00
0.000000000000000000e+00
0.000000000000000000e+00
0.000000000000000000e+00
0.000000000000000000e+00
0.000000000000000000e+00
0.000000000000000000e+00
0.000000000000000000e+00
0.000000000000000000e+00
0.000000000000000000e+00
0.000000000000000000e+00
0.000000000000000000e+00
