-2.095850662179392643e+00
-2.095850662179392643e+00
0.000000000000000000e+00
0.000000000000000000e+00
-1.228085969987998016e+00
-1.228085969987998016e+00
-1.652011185000003657e+00
-1.652011185000003657e+00
1.703687806551190120e-01
1.703687806551190120e-01
0.000000000000000000e+00
7.335300989021245055e-01
7.335300989021245055e-01
0.000000000000000000e+00
0.000000000000000000e+00
3.869161803235968033e+00
3.869161803235968033e+00
6.579376869200682876e+00
6.579376869200682876e+00
1.556486280815796208e+00
1.556486280815796208e+00
0.000000000000000000e+00
6.546050422940977498e+00
6.546050422940977498e+00
0.000000000000000000e+00
0.000000000000000000e+00
1.372412545350911728e+00
1.372412545350911728e+00
9.257351730072027607e-02
9.257351730072027607e-02
1.680674619385222002e+00
1.680674619385222002e+00
0.000000000000000000e+00
3.617752850285378852e+00
3.617752850285378852e+00
0.000000000000000000e+00
0.000000000000000000e+00
4.296469157806937389e+00
4.296469157806937389e+00
6.080317222857545723e+00
6.080317222857545723e+00
1.858870798060284990e+00
1.858870798060284990e+00
0.000000000000000000e+00
-1.881423706648330807e+01
-1.881423706648330807e+01
0.000000000000000000e+00
0.000000000000000000e+00
-2.727896931128133140e+00
-2.727896931128133140e+00
5.632454505535088529e+00
5.632454505535088529e+00
-1.156979432684999809e+00
-1.156979432684999809e+00
0.000000000000000000e+00
-5.985159453738171820e+00
-5.985159453738171820e+00
0.000000000000000000e+00
0.000000000000000000e+00
3.014334435465011452e-01
3.014334435465011452e-01
4.091021690759362173e+00
4.091021690759362173e+00
4.080238336791501830e-01
4.080238336791501830e-01
0.000000000000000000e+00
0.000000000000000000e+00
0.000000000000000000e+00
0.000000000000000000e+00
0.000000000000000000e+00
0.000000000000000000e+00
0.000000000000000000e+00
0.000000000000000000e+00
0.000000000000000000e+00
0.000000000000000000e+00
0.000000000000000000e+00
0.000000000000000000e+00
0.000000000000000000e+00
0.000000000000000000e+00
0.000000000000000000e+00
0.000000000000000000e+00
0.000000000000000000e+00
0.000000000000000000e+00
0.000000000000000000e+00
0.000000000000000000e+00
0.000000000000000000e+00
0.000000000000000000e+00
0.000000000000000000e+00
8.630572155308341209e+00
8.630572155308341209e+00
0.000000000000000000e+00
0.000000000000000000e+00
-5.291430918235544567e+00
-5.291430918235544567e+00
2.221322701438911196e+00
2.221322701438911196e+00
2.034165205079556671e+00
2.034165205079556671e+00
0.000000000000000000e+00
2.083264866348414124e+00
2.083264866348414124e+00
0.000000000000000000e+00
0.000000000000000000e+00
-2.347907732191718999e+00
-2.347907732191718999e+00
-3.964965844724997357e+00
-3.964965844724997357e+00
-3.044399650339530972e-01
-3.044399650339530972e-01
0.000000000000000000e+00
0.000000000000000000e+00
0.000000000000000000e+00
0.000000000000000000e+00
0.000000000000000000e+00
0.000000000000000000e+00
0.000000000000000000e+00
0.000000000000000000e+00
0.000000000000000000e+00
0.000000000000000000e+00
0.000000000000000000e+00
0.000000000000000000e+00
0.000000000000000000e+00
0.000000000000000000e+00
0.000000000000000000e+00
0.000000000000000000e+00
0.000000000000000000e+00
0.000000000000000000e+00
0.000000000000000000e+00
0.000000000000000000e+00
0.000000000000000000e+00
0.000000000000000000e+00
0.000000000000000000e+00
0.000000000000000000e+00
0.000000000000000000e+00
0.000000000000000000e+00
0.000000000000000000e+00
0.000000000000000000e+00
0.000000000000000000e+00
0.000000000000000000e+00
0.000000000000000000e+00
0.000000000000000000e+00
0.000000000000000000e+00
0.000000000000000000e+00
0.000000000000000000e+00
0.000000000000000000e+00
0.000000000000000000e+00
0.000000000000000000e+00
0.000000000000000000e+00
0.000000000000000000e+00
0.000000000000000000e+00
0.000000000000000000e+00
0.000000000000000000e+00
0.000000000000000000e+00
0.000000000000000000e+00
0.000000000000000000e+00
0.000000000000000000e+00
0.000000000000000000e+00
0.000000000000000000e+00
0.000000000000000000e+00
0.000000000000000000e+00
0.000000000000000000e+00
0.000000000000000000e+00
0.000000000000000000e+00
0.000000000000000000e+00
0.000000000000000000e+00
0.000000000000000000e+00
0.000000000000000000e+00
0.000000000000000000e+00
0.000000000000000000e+00
0.000000000000000000e+00
0.000000000000000000e+00
0.000000000000000000e+00
0.000000000000000000e+00
0.000000000000000000e+00
0.000000000000000000e+00
0.000000000000000000e+00
