-3.721080784844984279e+00
-3.721080784844984279e+00
0.000000000000000000e+00
0.000000000000000000e+00
-1.225335908380720040e+00
-1.225335908380720040e+00
-1.362941086782236244e+00
-1.362941086782236244e+00
-7.980331872932072690e-02
-7.980331872932072690e-02
0.000000000000000000e+00
7.329727305609251564e-02
7.329727305609251564e-02
3.218555907225283619e+00
3.218555907225283619e+00
0.000000000000000000e+00
0.000000000000000000e+00
6.226227755688596766e+00
6.226227755688596766e+00
1.393807467858128035e+00
1.393807467858128035e+00
0.000000000000000000e+00
3.512342958178983565e+00
3.512342958178983565e+00
0.000000000000000000e+00
0.000000000000000000e+00
1.132428275924069361e+00
1.132428275924069361e+00
8.896784127930272845e-01
8.896784127930272845e-01
1.123288813699242272e+00
1.123288813699242272e+00
0.000000000000000000e+00
2.052859788697866783e+00
2.052859788697866783e+00
5.896046395870298440e+00
5.896046395870298440e+00
0.000000000000000000e+00
0.000000000000000000e+00
3.925332037817057085e+00
3.925332037817057085e+00
1.189495196242349895e+00
1.189495196242349895e+00
0.000000000000000000e+00
-1.620019793374103045e+01
-1.620019793374103045e+01
0.000000000000000000e+00
0.000000000000000000e+00
-2.185705501490469160e+00
-2.185705501490469160e+00
4.593244860033440347e+00
4.593244860033440347e+00
-5.529925175056535913e-01
-5.529925175056535913e-01
0.000000000000000000e+00
-4.181797489739256690e+00
-4.181797489739256690e+00
-4.927414746868659989e+00
-4.927414746868659989e+00
0.000000000000000000e+00
0.000000000000000000e+00
7.994647031356658218e+00
7.994647031356658218e+00
1.485224151794840575e+00
1.485224151794840575e+00
0.000000000000000000e+00
0.000000000000000000e+00
0.000000000000000000e+00
0.000000000000000000e+00
0.000000000000000000e+00
0.000000000000000000e+00
0.000000000000000000e+00
0.000000000000000000e+00
0.000000000000000000e+00
0.000000000000000000e+00
0.000000000000000000e+00
0.000000000000000000e+00
0.000000000000000000e+00
0.000000000000000000e+00
0.000000000000000000e+00
0.000000000000000000e+00
0.000000000000000000e+00
0.000000000000000000e+00
0.000000000000000000e+00
0.000000000000000000e+00
0.000000000000000000e+00
0.000000000000000000e+00
0.000000000000000000e+00
8.523278736402259526e+00
8.523278736402259526e+00
0.000000000000000000e+00
0.000000000000000000e+00
-5.509349357248360946e+00
-5.509349357248360946e+00
2.469539229697022442e+00
2.469539229697022442e+00
1.937207960640253246e+00
1.937207960640253246e+00
0.000000000000000000e+00
1.743844155039761867e+00
1.743844155039761867e+00
1.129903241615599629e-01
1.129903241615599629e-01
0.000000000000000000e+00
0.000000000000000000e+00
-5.319195197985489898e+00
-5.319195197985489898e+00
-6.405834777392297452e-01
-6.405834777392297452e-01
0.000000000000000000e+00
0.000000000000000000e+00
0.000000000000000000e+00
0.000000000000000000e+00
0.000000000000000000e+00
0.000000000000000000e+00
0.000000000000000000e+00
0.000000000000000000e+00
0.000000000000000000e+00
0.000000000000000000e+00
0.000000000000000000e+00
0.000000000000000000e+00
0.000000000000000000e+00
0.000000000000000000e+00
0.000000000000000000e+00
0.000000000000000000e+00
0.000000000000000000e+00
0.000000000000000000e+00
0.000000000000000000e+00
0.000000000000000000e+00
0.000000000000000000e+00
0.000000000000000000e+00
0.000000000000000000e+00
0.000000000000000000e+00
0.000000000000000000e+00
0.000000000000000000e+00
0.000000000000000000e+00
0.000000000000000000e+00
0.000000000000000000e+00
0.000000000000000000e+00
0.000000000000000000e+00
0.000000000000000000e+00
0.000000000000000000e+00
0.000000000000000000e+00
0.000000000000000000e+00
0.000000000000000000e+00
0.000000000000000000e+00
0.000000000000000000e+00
0.000000000000000000e+00
0.000000000000000000e+00
0.000000000000000000e+00
0.000000000000000000e+00
0.000000000000000000e+00
0.000000000000000000e+00
0.000000000000000000e+00
0.000000000000000000e+00
0.000000000000000000e+00
0.000000000000000000e+00
0.000000000000000000e+00
0.000000000000000000e+00
0.000000000000000000e+00
0.000000000000000000e+00
0.000000000000000000e+00
0.000000000000000000e+00
0.000000000000000000e+00
0.000000000000000000e+00
0.000000000000000000e+00
0.000000000000000000e+00
0.000000000000000000e+00
0.000000000000000000e+00
0.000000000000000000e+00
0.000000000000000000e+00
0.000000000000000000e+00
0.000000000000000000e+00
0.000000000000000000e+00
0.000000000000000000e+00
0.000000000000000000e+00
