7.492489108891662397e+01
7.492489108891662397e+01
-1.971839077444791144e+01
-1.971839077444791144e+01
1.113057406880634481e+01
1.113057406880634481e+01
-1.429770184501781927e+01
-1.429770184501781927e+01
7.184818537569807972e+01
7.184818537569807972e+01
0.000000000000000000e+00
-3.409276070846562590e+01
-3.409276070846562590e+01
0.000000000000000000e+00
0.000000000000000000e+00
5.715575829376062700e+01
5.715575829376062700e+01
-2.856446899306887133e+01
-2.856446899306887133e+01
-3.353048297599912786e+01
-3.353048297599912786e+01
0.000000000000000000e+00
1.221065850748543458e+00
1.221065850748543458e+00
1.491316442616175797e+00
1.491316442616175797e+00
5.275419238024250390e-01
5.275419238024250390e-01
3.107797338205946502e-01
3.107797338205946502e-01
9.764042722889634263e-01
9.764042722889634263e-01
0.000000000000000000e+00
2.042558295031750681e+00
2.042558295031750681e+00
0.000000000000000000e+00
0.000000000000000000e+00
4.417854511341634094e+00
4.417854511341634094e+00
7.239866655213964997e+00
7.239866655213964997e+00
1.954690295181486848e+00
1.954690295181486848e+00
0.000000000000000000e+00
-1.152383947445741574e+00
-1.152383947445741574e+00
-4.954957059909669503e+00
-4.954957059909669503e+00
7.372025369820400797e-02
7.372025369820400797e-02
4.952643250638970152e+00
4.952643250638970152e+00
8.942571378460610898e-01
8.942571378460610898e-01
0.000000000000000000e+00
-4.938594439053646257e-01
-4.938594439053646257e-01
0.000000000000000000e+00
0.000000000000000000e+00
-3.560002833013120593e-01
-3.560002833013120593e-01
3.300957255232054299e-01
3.300957255232054299e-01
2.462331170320564422e-01
2.462331170320564422e-01
0.000000000000000000e+00
0.000000000000000000e+00
0.000000000000000000e+00
0.000000000000000000e+00
0.000000000000000000e+00
0.000000000000000000e+00
0.000000000000000000e+00
0.000000000000000000e+00
0.000000000000000000e+00
0.000000000000000000e+00
0.000000000000000000e+00
0.000000000000000000e+00
0.000000000000000000e+00
0.000000000000000000e+00
0.000000000000000000e+00
0.000000000000000000e+00
0.000000000000000000e+00
0.000000000000000000e+00
0.000000000000000000e+00
0.000000000000000000e+00
0.000000000000000000e+00
0.000000000000000000e+00
0.000000000000000000e+00
-2.344586430919542863e+01
-2.344586430919542863e+01
8.374000512685345399e+00
8.374000512685345399e+00
-1.042627238753141228e+01
-1.042627238753141228e+01
6.657844108148761819e+00
6.657844108148761819e+00
-2.243904876031942663e+01
-2.243904876031942663e+01
0.000000000000000000e+00
1.154857138353676405e+01
1.154857138353676405e+01
0.000000000000000000e+00
0.000000000000000000e+00
-1.972585170561707457e+01
-1.972585170561707457e+01
9.064372549252576405e+00
9.064372549252576405e+00
1.136052703316355483e+01
1.136052703316355483e+01
0.000000000000000000e+00
-4.372642108094387225e+01
-4.372642108094387225e+01
1.115415679920174341e+01
1.115415679920174341e+01
-7.019312556842208117e+00
-7.019312556842208117e+00
7.386352151291863066e+00
7.386352151291863066e+00
-4.203515112519857411e+01
-4.203515112519857411e+01
0.000000000000000000e+00
2.102899674998502633e+01
2.102899674998502633e+01
0.000000000000000000e+00
0.000000000000000000e+00
-3.145329279678846035e+01
-3.145329279678846035e+01
2.035292390622324277e+01
2.035292390622324277e+01
2.065518395681997177e+01
2.065518395681997177e+01
0.000000000000000000e+00
0.000000000000000000e+00
0.000000000000000000e+00
0.000000000000000000e+00
0.000000000000000000e+00
0.000000000000000000e+00
0.000000000000000000e+00
0.000000000000000000e+00
0.000000000000000000e+00
0.000000000000000000e+00
0.000000000000000000e+00
0.000000000000000000e+00
0.000000000000000000e+00
0.000000000000000000e+00
0.000000000000000000e+00
0.000000000000000000e+00
0.000000000000000000e+00
0.000000000000000000e+00
0.000000000000000000e+00
0.000000000000000000e+00
0.000000000000000000e+00
0.000000000000000000e+00
0.000000000000000000e+00
0.000000000000000000e+00
0.000000000000000000e+00
0.000000000000000000e+00
0.000000000000000000e+00
0.000000000000000000e+00
0.000000000000000000e+00
0.000000000000000000e+00
0.000000000000000000e+00
0.000000000000000000e+00
0.000000000000000000e+00
0.000000000000000000e+00
0.000000000000000000e+00
0.000000000000000000e+00
0.000000000000000000e+00
0.000000000000000000e+00
0.000000000000000000e+00
0.000000000000000000e+00
0.000000000000000000e+00
0.000000000000000000e+00
0.000000000000000000e+00
0.000000000000000000e+00
0.000000000000000000e+00
