-3.981035598830495736e+00
-3.981035598830495736e+00
0.000000000000000000e+00
0.000000000000000000e+00
-1.634165334727857966e+00
-1.634165334727857966e+00
-1.301415412571857333e+00
-1.301415412571857333e+00
1.590653780372691006e+00
1.590653780372691006e+00
0.000000000000000000e+00
3.059610598578839102e+00
3.059610598578839102e+00
0.000000000000000000e+00
0.000000000000000000e+00
1.213404916460349625e+01
1.213404916460349625e+01
0.000000000000000000e+00
0.000000000000000000e+00
5.084440850381756860e+00
5.084440850381756860e+00
0.000000000000000000e+00
4.803860749592198331e+00
4.803860749592198331e+00
0.000000000000000000e+00
0.000000000000000000e+00
9.971351590024997158e-01
9.971351590024997158e-01
4.165758591235348973e-01
4.165758591235348973e-01
2.993227998957491032e+00
2.993227998957491032e+00
0.000000000000000000e+00
5.767395226016265752e+00
5.767395226016265752e+00
0.000000000000000000e+00
0.000000000000000000e+00
1.193444733831595528e+01
1.193444733831595528e+01
0.000000000000000000e+00
0.000000000000000000e+00
5.119222554350074894e+00
5.119222554350074894e+00
0.000000000000000000e+00
-1.998643507554331933e+01
-1.998643507554331933e+01
0.000000000000000000e+00
0.000000000000000000e+00
-2.980394929395624004e+00
-2.980394929395624004e+00
5.850453099962214409e+00
5.850453099962214409e+00
-2.738537421497109214e-01
-2.738537421497109214e-01
0.000000000000000000e+00
-4.538814918714463076e+00
-4.538814918714463076e+00
0.000000000000000000e+00
0.000000000000000000e+00
5.440496631326054100e+00
5.440496631326054100e+00
0.000000000000000000e+00
0.000000000000000000e+00
2.601687299845879764e+00
2.601687299845879764e+00
0.000000000000000000e+00
0.000000000000000000e+00
0.000000000000000000e+00
0.000000000000000000e+00
0.000000000000000000e+00
0.000000000000000000e+00
0.000000000000000000e+00
0.000000000000000000e+00
0.000000000000000000e+00
0.000000000000000000e+00
0.000000000000000000e+00
0.000000000000000000e+00
0.000000000000000000e+00
0.000000000000000000e+00
0.000000000000000000e+00
0.000000000000000000e+00
0.000000000000000000e+00
0.000000000000000000e+00
0.000000000000000000e+00
0.000000000000000000e+00
0.000000000000000000e+00
0.000000000000000000e+00
0.000000000000000000e+00
9.766651457863908092e+00
9.766651457863908092e+00
0.000000000000000000e+00
0.000000000000000000e+00
-5.046713091084129132e+00
-5.046713091084129132e+00
2.010041254788568210e+00
2.010041254788568210e+00
1.178251092602284666e+00
1.178251092602284666e+00
0.000000000000000000e+00
6.814862607675691297e-01
6.814862607675691297e-01
0.000000000000000000e+00
0.000000000000000000e+00
-7.328621977597562065e+00
-7.328621977597562065e+00
0.000000000000000000e+00
0.000000000000000000e+00
-2.430510510643220989e+00
-2.430510510643220989e+00
0.000000000000000000e+00
0.000000000000000000e+00
0.000000000000000000e+00
0.000000000000000000e+00
0.000000000000000000e+00
0.000000000000000000e+00
0.000000000000000000e+00
0.000000000000000000e+00
0.000000000000000000e+00
0.000000000000000000e+00
0.000000000000000000e+00
0.000000000000000000e+00
0.000000000000000000e+00
0.000000000000000000e+00
0.000000000000000000e+00
0.000000000000000000e+00
0.000000000000000000e+00
0.000000000000000000e+00
0.000000000000000000e+00
0.000000000000000000e+00
0.000000000000000000e+00
0.000000000000000000e+00
0.000000000000000000e+00
0.000000000000000000e+00
0.000000000000000000e+00
0.000000000000000000e+00
0.000000000000000000e+00
0.000000000000000000e+00
0.000000000000000000e+00
0.000000000000000000e+00
0.000000000000000000e+00
0.000000000000000000e+00
0.000000000000000000e+00
0.000000000000000000e+00
0.000000000000000000e+00
0.000000000000000000e+00
0.000000000000000000e+00
0.000000000000000000e+00
0.000000000000000000e+00
0.000000000000000000e+00
0.000000000000000000e+00
0.000000000000000000e+00
0.000000000000000000e+00
0.000000000000000000e+00
0.000000000000000000e+00
0.000000000000000000e+00
0.000000000000000000e+00
0.000000000000000000e+00
0.000000000000000000e+00
0.000000000000000000e+00
0.000000000000000000e+00
0.000000000000000000e+00
0.000000000000000000e+00
0.000000000000000000e+00
0.000000000000000000e+00
0.000000000000000000e+00
0.000000000000000000e+00
0.000000000000000000e+00
0.000000000000000000e+00
0.000000000000000000e+00
0.000000000000000000e+00
0.000000000000000000e+00
0.000000000000000000e+00
0.000000000000000000e+00
0.000000000000000000e+00
0.000000000000000000e+00
0.000000000000000000e+00
