0.000000000000000000e+00
0.000000000000000000e+00
-1.111154041363087597e+00
-1.111154041363087597e+00
-9.143956627692769734e-01
-9.143956627692769734e-01
-1.549983979614111274e+00
-1.549983979614111274e+00
2.124731015625562769e+00
2.124731015625562769e+00
0.000000000000000000e+00
4.557061639661688979e+00
4.557061639661688979e+00
0.000000000000000000e+00
0.000000000000000000e+00
1.070796759097017237e+01
1.070796759097017237e+01
0.000000000000000000e+00
0.000000000000000000e+00
4.525694818005225883e+00
4.525694818005225883e+00
0.000000000000000000e+00
0.000000000000000000e+00
0.000000000000000000e+00
1.185364699242665409e+00
1.185364699242665409e+00
3.270229665038802969e-01
3.270229665038802969e-01
5.575544735185613554e-01
5.575544735185613554e-01
3.043725121707392400e+00
3.043725121707392400e+00
0.000000000000000000e+00
5.600340634510850180e+00
5.600340634510850180e+00
0.000000000000000000e+00
0.000000000000000000e+00
1.289812770427772293e+01
1.289812770427772293e+01
0.000000000000000000e+00
0.000000000000000000e+00
5.554850703322080641e+00
5.554850703322080641e+00
0.000000000000000000e+00
0.000000000000000000e+00
0.000000000000000000e+00
-5.252087639639731798e+00
-5.252087639639731798e+00
2.165586735325071288e-01
2.165586735325071288e-01
4.936281040744521675e+00
4.936281040744521675e+00
9.483811343461335808e-01
9.483811343461335808e-01
0.000000000000000000e+00
-4.639211234243716397e-01
-4.639211234243716397e-01
0.000000000000000000e+00
0.000000000000000000e+00
-1.293964857591196060e-01
-1.293964857591196060e-01
0.000000000000000000e+00
0.000000000000000000e+00
2.974934209466539858e-01
2.974934209466539858e-01
0.000000000000000000e+00
0.000000000000000000e+00
0.000000000000000000e+00
0.000000000000000000e+00
0.000000000000000000e+00
0.000000000000000000e+00
0.000000000000000000e+00
0.000000000000000000e+00
0.000000000000000000e+00
0.000000000000000000e+00
0.000000000000000000e+00
0.000000000000000000e+00
0.000000000000000000e+00
0.000000000000000000e+00
0.000000000000000000e+00
0.000000000000000000e+00
0.000000000000000000e+00
0.000000000000000000e+00
0.000000000000000000e+00
0.000000000000000000e+00
0.000000000000000000e+00
0.000000000000000000e+00
0.000000000000000000e+00
0.000000000000000000e+00
0.000000000000000000e+00
2.564681705156363734e+00
2.564681705156363734e+00
-6.606620378179292707e+00
-6.606620378179292707e+00
2.454898480787532922e+00
2.454898480787532922e+00
5.891455498598368035e-01
5.891455498598368035e-01
0.000000000000000000e+00
-1.290520423651064563e+00
-1.290520423651064563e+00
0.000000000000000000e+00
0.000000000000000000e+00
-4.615702272484266899e+00
-4.615702272484266899e+00
0.000000000000000000e+00
0.000000000000000000e+00
-1.307334343286258971e+00
-1.307334343286258971e+00
0.000000000000000000e+00
0.000000000000000000e+00
0.000000000000000000e+00
0.000000000000000000e+00
0.000000000000000000e+00
0.000000000000000000e+00
0.000000000000000000e+00
0.000000000000000000e+00
0.000000000000000000e+00
0.000000000000000000e+00
0.000000000000000000e+00
0.000000000000000000e+00
0.000000000000000000e+00
0.000000000000000000e+00
0.000000000000000000e+00
0.000000000000000000e+00
0.000000000000000000e+00
0.000000000000000000e+00
0.000000000000000000e+00
0.000000000000000000e+00
0.000000000000000000e+00
0.000000000000000000e+00
0.000000000000000000e+00
0.000000000000000000e+00
0.000000000000000000e+00
0.000000000000000000e+00
0.000000000000000000e+00
0.000000000000000000e+00
0.000000000000000000e+00
0.000000000000000000e+00
0.000000000000000000e+00
0.000000000000000000e+00
0.000000000000000000e+00
0.000000000000000000e+00
0.000000000000000000e+00
0.000000000000000000e+00
0.000000000000000000e+00
0.000000000000000000e+00
0.000000000000000000e+00
0.000000000000000000e+00
0.000000000000000000e+00
0.000000000000000000e+00
0.000000000000000000e+00
0.000000000000000000e+00
0.000000000000000000e+00
0.000000000000000000e+00
0.000000000000000000e+00
0.000000000000000000e+00
0.000000000000000000e+00
0.000000000000000000e+00
0.000000000000000000e+00
0.000000000000000000e+00
0.000000000000000000e+00
0.000000000000000000e+00
0.000000000000000000e+00
0.000000000000000000e+00
0.000000000000000000e+00
0.000000000000000000e+00
0.000000000000000000e+00
0.000000000000000000e+00
0.000000000000000000e+00
0.000000000000000000e+00
0.000000000000000000e+00
0.000000000000000000e+00
0.000000000000000000e+00
0.000000000000000000e+00
0.000000000000000000e+00
