7.960568806160661204e+00
7.960568806160661204e+00
0.000000000000000000e+00
0.000000000000000000e+00
5.779835166992413065e-01
5.779835166992413065e-01
-1.649476136934876891e+01
-1.649476136934876891e+01
9.500948841205841688e+01
9.500948841205841688e+01
0.000000000000000000e+00
-8.389852554047779165e+01
-8.389852554047779165e+01
0.000000000000000000e+00
0.000000000000000000e+00
8.734220976115463486e+01
8.734220976115463486e+01
-2.354871697151673615e+01
-2.354871697151673615e+01
-4.987328754009620724e+01
-4.987328754009620724e+01
0.000000000000000000e+00
6.285626951664208484e+00
6.285626951664208484e+00
0.000000000000000000e+00
0.000000000000000000e+00
1.325642133021660118e+00
1.325642133021660118e+00
4.769449666492011630e-01
4.769449666492011630e-01
-7.753021648966433865e-01
-7.753021648966433865e-01
0.000000000000000000e+00
5.809405036263109778e+00
5.809405036263109778e+00
0.000000000000000000e+00
0.000000000000000000e+00
2.134830915121138872e+00
2.134830915121138872e+00
6.860521629172671609e+00
6.860521629172671609e+00
3.190708662181530819e+00
3.190708662181530819e+00
0.000000000000000000e+00
-1.797958578416859510e+01
-1.797958578416859510e+01
0.000000000000000000e+00
0.000000000000000000e+00
-2.577998826961063195e+00
-2.577998826961063195e+00
4.400552782118939632e+00
4.400552782118939632e+00
6.714370113061054468e+00
6.714370113061054468e+00
0.000000000000000000e+00
-1.300935469407447087e+01
-1.300935469407447087e+01
0.000000000000000000e+00
0.000000000000000000e+00
7.229434680580755668e+00
7.229434680580755668e+00
1.590484373574055699e+00
1.590484373574055699e+00
-3.860486126940652518e+00
-3.860486126940652518e+00
0.000000000000000000e+00
0.000000000000000000e+00
0.000000000000000000e+00
0.000000000000000000e+00
0.000000000000000000e+00
0.000000000000000000e+00
0.000000000000000000e+00
0.000000000000000000e+00
0.000000000000000000e+00
0.000000000000000000e+00
0.000000000000000000e+00
0.000000000000000000e+00
0.000000000000000000e+00
0.000000000000000000e+00
0.000000000000000000e+00
0.000000000000000000e+00
0.000000000000000000e+00
0.000000000000000000e+00
0.000000000000000000e+00
0.000000000000000000e+00
0.000000000000000000e+00
0.000000000000000000e+00
0.000000000000000000e+00
4.992524783594325832e+00
4.992524783594325832e+00
0.000000000000000000e+00
0.000000000000000000e+00
-5.944801272352250088e+00
-5.944801272352250088e+00
7.590890713908761356e+00
7.590890713908761356e+00
-3.227518426039669208e+01
-3.227518426039669208e+01
0.000000000000000000e+00
3.270006924199390852e+01
3.270006924199390852e+01
0.000000000000000000e+00
0.000000000000000000e+00
-3.254542521724847148e+01
-3.254542521724847148e+01
6.934284425915057781e+00
6.934284425915057781e+00
1.830098456663577977e+01
1.830098456663577977e+01
0.000000000000000000e+00
-5.846527166778757945e+00
-5.846527166778757945e+00
0.000000000000000000e+00
0.000000000000000000e+00
-1.049999391160051365e+00
-1.049999391160051365e+00
8.629168906060900923e+00
8.629168906060900923e+00
-5.513686965266417417e+01
-5.513686965266417417e+01
0.000000000000000000e+00
4.920276188097789571e+01
4.920276188097789571e+01
0.000000000000000000e+00
0.000000000000000000e+00
-4.852894652179351453e+01
-4.852894652179351453e+01
1.751564954878411129e+01
1.751564954878411129e+01
2.989986354207648489e+01
2.989986354207648489e+01
0.000000000000000000e+00
0.000000000000000000e+00
0.000000000000000000e+00
0.000000000000000000e+00
0.000000000000000000e+00
0.000000000000000000e+00
0.000000000000000000e+00
0.000000000000000000e+00
0.000000000000000000e+00
0.000000000000000000e+00
0.000000000000000000e+00
0.000000000000000000e+00
0.000000000000000000e+00
0.000000000000000000e+00
0.000000000000000000e+00
0.000000000000000000e+00
0.000000000000000000e+00
0.000000000000000000e+00
0.000000000000000000e+00
0.000000000000000000e+00
0.000000000000000000e+00
0.000000000000000000e+00
0.000000000000000000e+00
0.000000000000000000e+00
0.000000000000000000e+00
0.000000000000000000e+00
0.000000000000000000e+00
0.000000000000000000e+00
0.000000000000000000e+00
0.000000000000000000e+00
0.000000000000000000e+00
0.000000000000000000e+00
0.000000000000000000e+00
0.000000000000000000e+00
0.000000000000000000e+00
0.000000000000000000e+00
0.000000000000000000e+00
0.000000000000000000e+00
0.000000000000000000e+00
0.000000000000000000e+00
0.000000000000000000e+00
0.000000000000000000e+00
0.000000000000000000e+00
0.000000000000000000e+00
0.000000000000000000e+00
