-3.394452926457205422e+00
-3.394452926457205422e+00
0.000000000000000000e+00
0.000000000000000000e+00
-1.402995482028838836e+00
-1.402995482028838836e+00
-1.234970376480084342e+00
-1.234970376480084342e+00
-9.484751221362580642e-02
-9.484751221362580642e-02
0.000000000000000000e+00
-3.424381234794615647e-02
-3.424381234794615647e-02
2.490921587477032961e+00
2.490921587477032961e+00
2.891625670522816716e+00
2.891625670522816716e+00
5.216438866929683726e+00
5.216438866929683726e+00
1.162259150046329514e+00
1.162259150046329514e+00
0.000000000000000000e+00
3.760832272761108541e+00
3.760832272761108541e+00
0.000000000000000000e+00
0.000000000000000000e+00
9.972698546470848413e-01
9.972698546470848413e-01
9.870349403302984825e-01
9.870349403302984825e-01
1.111843613201620951e+00
1.111843613201620951e+00
0.000000000000000000e+00
1.971045546846689422e+00
1.971045546846689422e+00
5.342482611467000986e+00
5.342482611467000986e+00
2.199867716253575356e+00
2.199867716253575356e+00
3.157112970163440835e+00
3.157112970163440835e+00
1.013339729682632750e+00
1.013339729682632750e+00
0.000000000000000000e+00
-1.592005963897704746e+01
-1.592005963897704746e+01
0.000000000000000000e+00
0.000000000000000000e+00
-2.338078450497146576e+00
-2.338078450497146576e+00
4.703001256014880838e+00
4.703001256014880838e+00
-5.658954423498290254e-01
-5.658954423498290254e-01
0.000000000000000000e+00
-4.274032048147270224e+00
-4.274032048147270224e+00
-5.551483491501006284e+00
-5.551483491501006284e+00
2.480055095221787020e+00
2.480055095221787020e+00
7.128583313568424451e+00
7.128583313568424451e+00
1.286632545961104990e+00
1.286632545961104990e+00
0.000000000000000000e+00
0.000000000000000000e+00
0.000000000000000000e+00
0.000000000000000000e+00
0.000000000000000000e+00
0.000000000000000000e+00
0.000000000000000000e+00
0.000000000000000000e+00
0.000000000000000000e+00
0.000000000000000000e+00
0.000000000000000000e+00
0.000000000000000000e+00
0.000000000000000000e+00
0.000000000000000000e+00
0.000000000000000000e+00
0.000000000000000000e+00
0.000000000000000000e+00
0.000000000000000000e+00
0.000000000000000000e+00
0.000000000000000000e+00
0.000000000000000000e+00
0.000000000000000000e+00
0.000000000000000000e+00
8.223450102337679368e+00
8.223450102337679368e+00
0.000000000000000000e+00
0.000000000000000000e+00
-5.346266429912228446e+00
-5.346266429912228446e+00
2.352068284445882007e+00
2.352068284445882007e+00
1.951017805291185292e+00
1.951017805291185292e+00
0.000000000000000000e+00
1.842561689121722690e+00
1.842561689121722690e+00
7.809235655742132742e-01
7.809235655742132742e-01
-2.654373020410281114e+00
-2.654373020410281114e+00
-4.392257659024179972e+00
-4.392257659024179972e+00
-4.280332801163465595e-01
-4.280332801163465595e-01
0.000000000000000000e+00
0.000000000000000000e+00
0.000000000000000000e+00
0.000000000000000000e+00
0.000000000000000000e+00
0.000000000000000000e+00
0.000000000000000000e+00
0.000000000000000000e+00
0.000000000000000000e+00
0.000000000000000000e+00
0.000000000000000000e+00
0.000000000000000000e+00
0.000000000000000000e+00
0.000000000000000000e+00
0.000000000000000000e+00
0.000000000000000000e+00
0.000000000000000000e+00
0.000000000000000000e+00
0.000000000000000000e+00
0.000000000000000000e+00
0.000000000000000000e+00
0.000000000000000000e+00
0.000000000000000000e+00
0.000000000000000000e+00
0.000000000000000000e+00
0.000000000000000000e+00
0.000000000000000000e+00
0.000000000000000000e+00
0.000000000000000000e+00
0.000000000000000000e+00
0.000000000000000000e+00
0.000000000000000000e+00
0.000000000000000000e+00
0.000000000000000000e+00
0.000000000000000000e+00
0.000000000000000000e+00
0.000000000000000000e+00
0.000000000000000000e+00
0.000000000000000000e+00
0.000000000000000000e+00
0.000000000000000000e+00
0.000000000000000000e+00
0.000000000000000000e+00
0.000000000000000000e+00
0.000000000000000000e+00
0.000000000000000000e+00
0.000000000000000000e+00
0.000000000000000000e+00
0.000000000000000000e+00
0.000000000000000000e+00
0.000000000000000000e+00
0.000000000000000000e+00
0.000000000000000000e+00
0.000000000000000000e+00
0.000000000000000000e+00
0.000000000000000000e+00
0.000000000000000000e+00
0.000000000000000000e+00
0.000000000000000000e+00
0.000000000000000000e+00
0.000000000000000000e+00
0.000000000000000000e+00
0.000000000000000000e+00
0.000000000000000000e+00
0.000000000000000000e+00
0.000000000000000000e+00
0.000000000000000000e+00
