6.9913 6.9913 6.9913 6.9913 6.9913 6.9913 6.9913 6.9913 6.9913 6.9913 6.9913 6.9913 6.9913 6.9913 6.9913 6.9913 6.9913 6.9913 6.9913 6.9913 6.9913 6.9913 6.9913 6.9913 6.9913
13.261 13.261 13.261 13.261 13.261 13.261 13.261 13.261 13.261 13.261 13.261 13.261 13.261 13.261 13.261 13.261 13.261 13.261 13.261 13.261 13.261 13.261 13.261 13.261 13.261
22.486 22.486 22.486 22.486 22.486 22.486 22.486 22.486 22.486 22.486 22.486 22.486 22.486 22.486 22.486 22.486 22.486 22.486 22.486 22.486 22.486 22.486 22.486 22.486 22.486
-11.721 -11.721 -11.721 -11.721 -11.721 -11.721 -11.721 -11.721 -11.721 -11.721 -11.721 -11.721 -11.721 -11.721 -11.721 -11.721 -11.721 -11.721 -11.721 -11.721 -11.721 -11.721 -11.721 -11.721 -11.721
14.473 14.473 14.473 14.473 14.473 14.473 14.473 14.473 14.473 14.473 14.473 14.473 14.473 14.473 14.473 14.473 14.473 14.473 14.473 14.473 14.473 14.473 14.473 14.473 14.473
-11.657 -11.657 -11.657 -11.657 -11.657 -11.657 -11.657 -11.657 -11.657 -11.657 -11.657 -11.657 -11.657 -11.657 -11.657 -11.657 -11.657 -11.657 -11.657 -11.657 -11.657 -11.657 -11.657 -11.657 -11.657
21.7 21.7 21.7 21.7 21.7 21.7 21.7 21.7 21.7 21.7 21.7 21.7 21.7 21.7 21.7 21.7 21.7 21.7 21.7 21.7 21.7 21.7 21.7 21.7 21.7
13.214 13.214 13.214 13.214 13.214 13.214 13.214 13.214 13.214 13.214 13.214 13.214 13.214 13.214 13.214 13.214 13.214 13.214 13.214 13.214 13.214 13.214 13.214 13.214 13.214
7.0847 7.0847 7.0847 7.0847 7.0847 7.0847 7.0847 7.0847 7.0847 7.0847 7.0847 7.0847 7.0847 7.0847 7.0847 7.0847 7.0847 7.0847 7.0847 7.0847 7.0847 7.0847 7.0847 7.0847 7.0847
5.1556 5.1556 5.1556 5.1556 5.1556 5.1556 5.1556 5.1556 5.1556 5.1556 5.1556 5.1556 5.1556 5.1556 5.1556 5.1556 5.1556 5.1556 5.1556 5.1556 5.1556 5.1556 5.1556 5.1556 5.1556
2.7838 2.7838 2.7838 2.7838 2.7838 2.7838 2.7838 2.7838 2.7838 2.7838 2.7838 2.7838 2.7838 2.7838 2.7838 2.7838 2.7838 2.7838 2.7838 2.7838 2.7838 2.7838 2.7838 2.7838 2.7838
7.3667 7.3667 7.3667 7.3667 7.3667 7.3667 7.3667 7.3667 7.3667 7.3667 7.3667 7.3667 7.3667 7.3667 7.3667 7.3667 7.3667 7.3667 7.3667 7.3667 7.3667 7.3667 7.3667 7.3667 7.3667
13.489 13.489 13.489 13.489 13.489 13.489 13.489 13.489 13.489 13.489 13.489 13.489 13.489 13.489 13.489 13.489 13.489 13.489 13.489 13.489 13.489 13.489 13.489 13.489 13.489
21.81 21.81 21.81 21.81 21.81 21.81 21.81 21.81 21.81 21.81 21.81 21.81 21.81 21.81 21.81 21.81 21.81 21.81 21.81 21.81 21.81 21.81 21.81 21.81 21.81
-21.338 -21.338 -21.338 -21.338 -21.338 -21.338 -21.338 -21.338 -21.338 -21.338 -21.338 -21.338 -21.338 -21.338 -21.338 -21.338 -21.338 -21.338 -21.338 -21.338 -21.338 -21.338 -21.338 -21.338 -21.338
-28.178 -28.178 -28.178 -28.178 -28.178 -28.178 -28.178 -28.178 -28.178 -28.178 -28.178 -28.178 -28.178 -28.178 -28.178 -28.178 -28.178 -28.178 -28.178 -28.178 -28.178 -28.178 -28.178 -28.178 -28.178
-21.408 -21.408 -21.408 -21.408 -21.408 -21.408 -21.408 -21.408 -21.408 -21.408 -21.408 -21.408 -21.408 -21.408 -21.408 -21.408 -21.408 -21.408 -21.408 -21.408 -21.408 -21.408 -21.408 -21.408 -21.408
21.986 21.986 21.986 21.986 21.986 21.986 21.986 21.986 21.986 21.986 21.986 21.986 21.986 21.986 21.986 21.986 21.986 21.986 21.986 21.986 21.986 21.986 21.986 21.986 21.986
13.415 13.415 13.415 13.415 13.415 13.415 13.415 13.415 13.415 13.415 13.415 13.415 13.415 13.415 13.415 13.415 13.415 13.415 13.415 13.415 13.415 13.415 13.415 13.415 13.415
7.3247 7.3247 7.3247 7.3247 7.3247 7.3247 7.3247 7.3247 7.3247 7.3247 7.3247 7.3247 7.3247 7.3247 7.3247 7.3247 7.3247 7.3247 7.3247 7.3247 7.3247 7.3247 7.3247 7.3247 7.3247
5.2578 5.2578 5.2578 5.2578 5.2578 5.2578 5.2578 5.2578 5.2578 5.2578 5.2578 5.2578 5.2578 5.2578 5.2578 5.2578 5.2578 5.2578 5.2578 5.2578 5.2578 5.2578 5.2578 5.2578 5.2578
2.7728 2.7728 2.7728 2.7728 2.7728 2.7728 2.7728 2.7728 2.7728 2.7728 2.7728 2.7728 2.7728 2.7728 2.7728 2.7728 2.7728 2.7728 2.7728 2.7728 2.7728 2.7728 2.7728 2.7728 2.7728
-0.94795 -0.94795 -0.94795 -0.94795 -0.94795 -0.94795 -0.94795 -0.94795 -0.94795 -0.94795 -0.94795 -0.94795 -0.94795 -0.94795 -0.94795 -0.94795 -0.94795 -0.94795 -0.94795 -0.94795 -0.94795 -0.94795 -0.94795 -0.94795 -0.94795
-2.8119 -2.8119 -2.8119 -2.8119 -2.8119 -2.8119 -2.8119 -2.8119 -2.8119 -2.8119 -2.8119 -2.8119 -2.8119 -2.8119 -2.8119 -2.8119 -2.8119 -2.8119 -2.8119 -2.8119 -2.8119 -2.8119 -2.8119 -2.8119 -2.8119
-5.3563 -5.3563 -5.3563 -5.3563 -5.3563 -5.3563 -5.3563 -5.3563 -5.3563 -5.3563 -5.3563 -5.3563 -5.3563 -5.3563 -5.3563 -5.3563 -5.3563 -5.3563 -5.3563 -5.3563 -5.3563 -5.3563 -5.3563 -5.3563 -5.3563
-9.3631 -9.3631 -9.3631 -9.3631 -9.3631 -9.3631 -9.3631 -9.3631 -9.3631 -9.3631 -9.3631 -9.3631 -9.3631 -9.3631 -9.3631 -9.3631 -9.3631 -9.3631 -9.3631 -9.3631 -9.3631 -9.3631 -9.3631 -9.3631 -9.3631
2.4463 2.4463 2.4463 2.4463 2.4463 2.4463 2.4463 2.4463 2.4463 2.4463 2.4463 2.4463 2.4463 2.4463 2.4463 2.4463 2.4463 2.4463 2.4463 2.4463 2.4463 2.4463 2.4463 2.4463 2.4463
-5.3479 -5.3479 -5.3479 -5.3479 -5.3479 -5.3479 -5.3479 -5.3479 -5.3479 -5.3479 -5.3479 -5.3479 -5.3479 -5.3479 -5.3479 -5.3479 -5.3479 -5.3479 -5.3479 -5.3479 -5.3479 -5.3479 -5.3479 -5.3479 -5.3479
2.4267 2.4267 2.4267 2.4267 2.4267 2.4267 2.4267 2.4267 2.4267 2.4267 2.4267 2.4267 2.4267 2.4267 2.4267 2.4267 2.4267 2.4267 2.4267 2.4267 2.4267 2.4267 2.4267 2.4267 2.4267
-9.087 -9.087 -9.087 -9.087 -9.087 -9.087 -9.087 -9.087 -9.087 -9.087 -9.087 -9.087 -9.087 -9.087 -9.087 -9.087 -9.087 -9.087 -9.087 -9.087 -9.087 -9.087 -9.087 -9.087 -9.087
-5.322 -5.322 -5.322 -5.322 -5.322 -5.322 -5.322 -5.322 -5.322 -5.322 -5.322 -5.322 -5.322 -5.322 -5.322 -5.322 -5.322 -5.322 -5.322 -5.322 -5.322 -5.322 -5.322 -5.322 -5.322
-2.8455 -2.8455 -2.8455 -2.8455 -2.8455 -2.8455 -2.8455 -2.8455 -2.8455 -2.8455 -2.8455 -2.8455 -2.8455 -2.8455 -2.8455 -2.8455 -2.8455 -2.8455 -2.8455 -2.8455 -2.8455 -2.8455 -2.8455 -2.8455 -2.8455
-2.0561 -2.0561 -2.0561 -2.0561 -2.0561 -2.0561 -2.0561 -2.0561 -2.0561 -2.0561 -2.0561 -2.0561 -2.0561 -2.0561 -2.0561 -2.0561 -2.0561 -2.0561 -2.0561 -2.0561 -2.0561 -2.0561 -2.0561 -2.0561 -2.0561
-1.1067 -1.1067 -1.1067 -1.1067 -1.1067 -1.1067 -1.1067 -1.1067 -1.1067 -1.1067 -1.1067 -1.1067 -1.1067 -1.1067 -1.1067 -1.1067 -1.1067 -1.1067 -1.1067 -1.1067 -1.1067 -1.1067 -1.1067 -1.1067 -1.1067
-2.8732 -2.8732 -2.8732 -2.8732 -2.8732 -2.8732 -2.8732 -2.8732 -2.8732 -2.8732 -2.8732 -2.8732 -2.8732 -2.8732 -2.8732 -2.8732 -2.8732 -2.8732 -2.8732 -2.8732 -2.8732 -2.8732 -2.8732 -2.8732 -2.8732
-5.2901 -5.2901 -5.2901 -5.2901 -5.2901 -5.2901 -5.2901 -5.2901 -5.2901 -5.2901 -5.2901 -5.2901 -5.2901 -5.2901 -5.2901 -5.2901 -5.2901 -5.2901 -5.2901 -5.2901 -5.2901 -5.2901 -5.2901 -5.2901 -5.2901
-9.3059 -9.3059 -9.3059 -9.3059 -9.3059 -9.3059 -9.3059 -9.3059 -9.3059 -9.3059 -9.3059 -9.3059 -9.3059 -9.3059 -9.3059 -9.3059 -9.3059 -9.3059 -9.3059 -9.3059 -9.3059 -9.3059 -9.3059 -9.3059 -9.3059
-1.2031 -1.2031 -1.2031 -1.2031 -1.2031 -1.2031 -1.2031 -1.2031 -1.2031 -1.2031 -1.2031 -1.2031 -1.2031 -1.2031 -1.2031 -1.2031 -1.2031 -1.2031 -1.2031 -1.2031 -1.2031 -1.2031 -1.2031 -1.2031 -1.2031
4.1897 4.1897 4.1897 4.1897 4.1897 4.1897 4.1897 4.1897 4.1897 4.1897 4.1897 4.1897 4.1897 4.1897 4.1897 4.1897 4.1897 4.1897 4.1897 4.1897 4.1897 4.1897 4.1897 4.1897 4.1897
-1.168 -1.168 -1.168 -1.168 -1.168 -1.168 -1.168 -1.168 -1.168 -1.168 -1.168 -1.168 -1.168 -1.168 -1.168 -1.168 -1.168 -1.168 -1.168 -1.168 -1.168 -1.168 -1.168 -1.168 -1.168
-9.3349 -9.3349 -9.3349 -9.3349 -9.3349 -9.3349 -9.3349 -9.3349 -9.3349 -9.3349 -9.3349 -9.3349 -9.3349 -9.3349 -9.3349 -9.3349 -9.3349 -9.3349 -9.3349 -9.3349 -9.3349 -9.3349 -9.3349 -9.3349 -9.3349
-5.2556 -5.2556 -5.2556 -5.2556 -5.2556 -5.2556 -5.2556 -5.2556 -5.2556 -5.2556 -5.2556 -5.2556 -5.2556 -5.2556 -5.2556 -5.2556 -5.2556 -5.2556 -5.2556 -5.2556 -5.2556 -5.2556 -5.2556 -5.2556 -5.2556
-2.8542 -2.8542 -2.8542 -2.8542 -2.8542 -2.8542 -2.8542 -2.8542 -2.8542 -2.8542 -2.8542 -2.8542 -2.8542 -2.8542 -2.8542 -2.8542 -2.8542 -2.8542 -2.8542 -2.8542 -2.8542 -2.8542 -2.8542 -2.8542 -2.8542
-2.057 -2.057 -2.057 -2.057 -2.057 -2.057 -2.057 -2.057 -2.057 -2.057 -2.057 -2.057 -2.057 -2.057 -2.057 -2.057 -2.057 -2.057 -2.057 -2.057 -2.057 -2.057 -2.057 -2.057 -2.057
-1.0923 -1.0923 -1.0923 -1.0923 -1.0923 -1.0923 -1.0923 -1.0923 -1.0923 -1.0923 -1.0923 -1.0923 -1.0923 -1.0923 -1.0923 -1.0923 -1.0923 -1.0923 -1.0923 -1.0923 -1.0923 -1.0923 -1.0923 -1.0923 -1.0923
-0.14523 -0.14523 -0.14523 -0.14523 -0.14523 -0.14523 -0.14523 -0.14523 -0.14523 -0.14523 -0.14523 -0.14523 -0.14523 -0.14523 -0.14523 -0.14523 -0.14523 -0.14523 -0.14523 -0.14523 -0.14523 -0.14523 -0.14523 -0.14523 -0.14523
-5.5535 -5.5535 -5.5535 -5.5535 -5.5535 -5.5535 -5.5535 -5.5535 -5.5535 -5.5535 -5.5535 -5.5535 -5.5535 -5.5535 -5.5535 -5.5535 -5.5535 -5.5535 -5.5535 -5.5535 -5.5535 -5.5535 -5.5535 -5.5535 -5.5535
-20.507 -20.507 -20.507 -20.507 -20.507 -20.507 -20.507 -20.507 -20.507 -20.507 -20.507 -20.507 -20.507 -20.507 -20.507 -20.507 -20.507 -20.507 -20.507 -20.507 -20.507 -20.507 -20.507 -20.507 -20.507
-65.815 -65.815 -65.815 -65.815 -65.815 -65.815 -65.815 -65.815 -65.815 -65.815 -65.815 -65.815 -65.815 -65.815 -65.815 -65.815 -65.815 -65.815 -65.815 -65.815 -65.815 -65.815 -65.815 -65.815 -65.815
14.822 14.822 14.822 14.822 14.822 14.822 14.822 14.822 14.822 14.822 14.822 14.822 14.822 14.822 14.822 14.822 14.822 14.822 14.822 14.822 14.822 14.822 14.822 14.822 14.822
0.039486 0.039486 0.039486 0.039486 0.039486 0.039486 0.039486 0.039486 0.039486 0.039486 0.039486 0.039486 0.039486 0.039486 0.039486 0.039486 0.039486 0.039486 0.039486 0.039486 0.039486 0.039486 0.039486 0.039486 0.039486
-14.917 -14.917 -14.917 -14.917 -14.917 -14.917 -14.917 -14.917 -14.917 -14.917 -14.917 -14.917 -14.917 -14.917 -14.917 -14.917 -14.917 -14.917 -14.917 -14.917 -14.917 -14.917 -14.917 -14.917 -14.917
65.455 65.455 65.455 65.455 65.455 65.455 65.455 65.455 65.455 65.455 65.455 65.455 65.455 65.455 65.455 65.455 65.455 65.455 65.455 65.455 65.455 65.455 65.455 65.455 65.455
20.696 20.696 20.696 20.696 20.696 20.696 20.696 20.696 20.696 20.696 20.696 20.696 20.696 20.696 20.696 20.696 20.696 20.696 20.696 20.696 20.696 20.696 20.696 20.696 20.696
4.9974 4.9974 4.9974 4.9974 4.9974 4.9974 4.9974 4.9974 4.9974 4.9974 4.9974 4.9974 4.9974 4.9974 4.9974 4.9974 4.9974 4.9974 4.9974 4.9974 4.9974 4.9974 4.9974 4.9974 4.9974
3.223 3.223 3.223 3.223 3.223 3.223 3.223 3.223 3.223 3.223 3.223 3.223 3.223 3.223 3.223 3.223 3.223 3.223 3.223 3.223 3.223 3.223 3.223 3.223 3.223
1.5973 1.5973 1.5973 1.5973 1.5973 1.5973 1.5973 1.5973 1.5973 1.5973 1.5973 1.5973 1.5973 1.5973 1.5973 1.5973 1.5973 1.5973 1.5973 1.5973 1.5973 1.5973 1.5973 1.5973 1.5973
-3.1772 -3.1772 -3.1772 -3.1772 -3.1772 -3.1772 -3.1772 -3.1772 -3.1772 -3.1772 -3.1772 -3.1772 -3.1772 -3.1772 -3.1772 -3.1772 -3.1772 -3.1772 -3.1772 -3.1772 -3.1772 -3.1772 -3.1772 -3.1772 -3.1772
-6.609 -6.609 -6.609 -6.609 -6.609 -6.609 -6.609 -6.609 -6.609 -6.609 -6.609 -6.609 -6.609 -6.609 -6.609 -6.609 -6.609 -6.609 -6.609 -6.609 -6.609 -6.609 -6.609 -6.609 -6.609
2.5455 2.5455 2.5455 2.5455 2.5455 2.5455 2.5455 2.5455 2.5455 2.5455 2.5455 2.5455 2.5455 2.5455 2.5455 2.5455 2.5455 2.5455 2.5455 2.5455 2.5455 2.5455 2.5455 2.5455 2.5455
58.014 58.014 58.014 58.014 58.014 58.014 58.014 58.014 58.014 58.014 58.014 58.014 58.014 58.014 58.014 58.014 58.014 58.014 58.014 58.014 58.014 58.014 58.014 58.014 58.014
-0.68123 -0.68123 -0.68123 -0.68123 -0.68123 -0.68123 -0.68123 -0.68123 -0.68123 -0.68123 -0.68123 -0.68123 -0.68123 -0.68123 -0.68123 -0.68123 -0.68123 -0.68123 -0.68123 -0.68123 -0.68123 -0.68123 -0.68123 -0.68123 -0.68123
-58.023 -58.023 -58.023 -58.023 -58.023 -58.023 -58.023 -58.023 -58.023 -58.023 -58.023 -58.023 -58.023 -58.023 -58.023 -58.023 -58.023 -58.023 -58.023 -58.023 -58.023 -58.023 -58.023 -58.023 -58.023
-2.5216 -2.5216 -2.5216 -2.5216 -2.5216 -2.5216 -2.5216 -2.5216 -2.5216 -2.5216 -2.5216 -2.5216 -2.5216 -2.5216 -2.5216 -2.5216 -2.5216 -2.5216 -2.5216 -2.5216 -2.5216 -2.5216 -2.5216 -2.5216 -2.5216
6.728 6.728 6.728 6.728 6.728 6.728 6.728 6.728 6.728 6.728 6.728 6.728 6.728 6.728 6.728 6.728 6.728 6.728 6.728 6.728 6.728 6.728 6.728 6.728 6.728
2.9047 2.9047 2.9047 2.9047 2.9047 2.9047 2.9047 2.9047 2.9047 2.9047 2.9047 2.9047 2.9047 2.9047 2.9047 2.9047 2.9047 2.9047 2.9047 2.9047 2.9047 2.9047 2.9047 2.9047 2.9047
2.4918 2.4918 2.4918 2.4918 2.4918 2.4918 2.4918 2.4918 2.4918 2.4918 2.4918 2.4918 2.4918 2.4918 2.4918 2.4918 2.4918 2.4918 2.4918 2.4918 2.4918 2.4918 2.4918 2.4918 2.4918
1.1999 1.1999 1.1999 1.1999 1.1999 1.1999 1.1999 1.1999 1.1999 1.1999 1.1999 1.1999 1.1999 1.1999 1.1999 1.1999 1.1999 1.1999 1.1999 1.1999 1.1999 1.1999 1.1999 1.1999 1.1999
-0.0085753 -0.0085753 -0.0085753 -0.0085753 -0.0085753 -0.0085753 -0.0085753 -0.0085753 -0.0085753 -0.0085753 -0.0085753 -0.0085753 -0.0085753 -0.0085753 -0.0085753 -0.0085753 -0.0085753 -0.0085753 -0.0085753 -0.0085753 -0.0085753 -0.0085753 -0.0085753 -0.0085753 -0.0085753
-1.2792 -1.2792 -1.2792 -1.2792 -1.2792 -1.2792 -1.2792 -1.2792 -1.2792 -1.2792 -1.2792 -1.2792 -1.2792 -1.2792 -1.2792 -1.2792 -1.2792 -1.2792 -1.2792 -1.2792 -1.2792 -1.2792 -1.2792 -1.2792 -1.2792
-2.4253 -2.4253 -2.4253 -2.4253 -2.4253 -2.4253 -2.4253 -2.4253 -2.4253 -2.4253 -2.4253 -2.4253 -2.4253 -2.4253 -2.4253 -2.4253 -2.4253 -2.4253 -2.4253 -2.4253 -2.4253 -2.4253 -2.4253 -2.4253 -2.4253
-4.1166 -4.1166 -4.1166 -4.1166 -4.1166 -4.1166 -4.1166 -4.1166 -4.1166 -4.1166 -4.1166 -4.1166 -4.1166 -4.1166 -4.1166 -4.1166 -4.1166 -4.1166 -4.1166 -4.1166 -4.1166 -4.1166 -4.1166 -4.1166 -4.1166
2.1626 2.1626 2.1626 2.1626 2.1626 2.1626 2.1626 2.1626 2.1626 2.1626 2.1626 2.1626 2.1626 2.1626 2.1626 2.1626 2.1626 2.1626 2.1626 2.1626 2.1626 2.1626 2.1626 2.1626 2.1626
-2.3931 -2.3931 -2.3931 -2.3931 -2.3931 -2.3931 -2.3931 -2.3931 -2.3931 -2.3931 -2.3931 -2.3931 -2.3931 -2.3931 -2.3931 -2.3931 -2.3931 -2.3931 -2.3931 -2.3931 -2.3931 -2.3931 -2.3931 -2.3931 -2.3931
2.1516 2.1516 2.1516 2.1516 2.1516 2.1516 2.1516 2.1516 2.1516 2.1516 2.1516 2.1516 2.1516 2.1516 2.1516 2.1516 2.1516 2.1516 2.1516 2.1516 2.1516 2.1516 2.1516 2.1516 2.1516
-3.9776 -3.9776 -3.9776 -3.9776 -3.9776 -3.9776 -3.9776 -3.9776 -3.9776 -3.9776 -3.9776 -3.9776 -3.9776 -3.9776 -3.9776 -3.9776 -3.9776 -3.9776 -3.9776 -3.9776 -3.9776 -3.9776 -3.9776 -3.9776 -3.9776
-2.414 -2.414 -2.414 -2.414 -2.414 -2.414 -2.414 -2.414 -2.414 -2.414 -2.414 -2.414 -2.414 -2.414 -2.414 -2.414 -2.414 -2.414 -2.414 -2.414 -2.414 -2.414 -2.414 -2.414 -2.414
-1.2957 -1.2957 -1.2957 -1.2957 -1.2957 -1.2957 -1.2957 -1.2957 -1.2957 -1.2957 -1.2957 -1.2957 -1.2957 -1.2957 -1.2957 -1.2957 -1.2957 -1.2957 -1.2957 -1.2957 -1.2957 -1.2957 -1.2957 -1.2957 -1.2957
-0.94154 -0.94154 -0.94154 -0.94154 -0.94154 -0.94154 -0.94154 -0.94154 -0.94154 -0.94154 -0.94154 -0.94154 -0.94154 -0.94154 -0.94154 -0.94154 -0.94154 -0.94154 -0.94154 -0.94154 -0.94154 -0.94154 -0.94154 -0.94154 -0.94154
-0.5081 -0.5081 -0.5081 -0.5081 -0.5081 -0.5081 -0.5081 -0.5081 -0.5081 -0.5081 -0.5081 -0.5081 -0.5081 -0.5081 -0.5081 -0.5081 -0.5081 -0.5081 -0.5081 -0.5081 -0.5081 -0.5081 -0.5081 -0.5081 -0.5081
-1.3387 -1.3387 -1.3387 -1.3387 -1.3387 -1.3387 -1.3387 -1.3387 -1.3387 -1.3387 -1.3387 -1.3387 -1.3387 -1.3387 -1.3387 -1.3387 -1.3387 -1.3387 -1.3387 -1.3387 -1.3387 -1.3387 -1.3387 -1.3387 -1.3387
-2.4577 -2.4577 -2.4577 -2.4577 -2.4577 -2.4577 -2.4577 -2.4577 -2.4577 -2.4577 -2.4577 -2.4577 -2.4577 -2.4577 -2.4577 -2.4577 -2.4577 -2.4577 -2.4577 -2.4577 -2.4577 -2.4577 -2.4577 -2.4577 -2.4577
-4.099 -4.099 -4.099 -4.099 -4.099 -4.099 -4.099 -4.099 -4.099 -4.099 -4.099 -4.099 -4.099 -4.099 -4.099 -4.099 -4.099 -4.099 -4.099 -4.099 -4.099 -4.099 -4.099 -4.099 -4.099
2.3519 2.3519 2.3519 2.3519 2.3519 2.3519 2.3519 2.3519 2.3519 2.3519 2.3519 2.3519 2.3519 2.3519 2.3519 2.3519 2.3519 2.3519 2.3519 2.3519 2.3519 2.3519 2.3519 2.3519 2.3519
4.0397 4.0397 4.0397 4.0397 4.0397 4.0397 4.0397 4.0397 4.0397 4.0397 4.0397 4.0397 4.0397 4.0397 4.0397 4.0397 4.0397 4.0397 4.0397 4.0397 4.0397 4.0397 4.0397 4.0397 4.0397
2.3651 2.3651 2.3651 2.3651 2.3651 2.3651 2.3651 2.3651 2.3651 2.3651 2.3651 2.3651 2.3651 2.3651 2.3651 2.3651 2.3651 2.3651 2.3651 2.3651 2.3651 2.3651 2.3651 2.3651 2.3651
-4.1251 -4.1251 -4.1251 -4.1251 -4.1251 -4.1251 -4.1251 -4.1251 -4.1251 -4.1251 -4.1251 -4.1251 -4.1251 -4.1251 -4.1251 -4.1251 -4.1251 -4.1251 -4.1251 -4.1251 -4.1251 -4.1251 -4.1251 -4.1251 -4.1251
-2.4433 -2.4433 -2.4433 -2.4433 -2.4433 -2.4433 -2.4433 -2.4433 -2.4433 -2.4433 -2.4433 -2.4433 -2.4433 -2.4433 -2.4433 -2.4433 -2.4433 -2.4433 -2.4433 -2.4433 -2.4433 -2.4433 -2.4433 -2.4433 -2.4433
-1.3307 -1.3307 -1.3307 -1.3307 -1.3307 -1.3307 -1.3307 -1.3307 -1.3307 -1.3307 -1.3307 -1.3307 -1.3307 -1.3307 -1.3307 -1.3307 -1.3307 -1.3307 -1.3307 -1.3307 -1.3307 -1.3307 -1.3307 -1.3307 -1.3307
-0.95605 -0.95605 -0.95605 -0.95605 -0.95605 -0.95605 -0.95605 -0.95605 -0.95605 -0.95605 -0.95605 -0.95605 -0.95605 -0.95605 -0.95605 -0.95605 -0.95605 -0.95605 -0.95605 -0.95605 -0.95605 -0.95605 -0.95605 -0.95605 -0.95605
-0.50521 -0.50521 -0.50521 -0.50521 -0.50521 -0.50521 -0.50521 -0.50521 -0.50521 -0.50521 -0.50521 -0.50521 -0.50521 -0.50521 -0.50521 -0.50521 -0.50521 -0.50521 -0.50521 -0.50521 -0.50521 -0.50521 -0.50521 -0.50521 -0.50521
0.027756 0.027756 0.027756 0.027756 0.027756 0.027756 0.027756 0.027756 0.027756 0.027756 0.027756 0.027756 0.027756 0.027756 0.027756 0.027756 0.027756 0.027756 0.027756 0.027756 0.027756 0.027756 0.027756 0.027756 0.027756
-0.24554 -0.24554 -0.24554 -0.24554 -0.24554 -0.24554 -0.24554 -0.24554 -0.24554 -0.24554 -0.24554 -0.24554 -0.24554 -0.24554 -0.24554 -0.24554 -0.24554 -0.24554 -0.24554 -0.24554 -0.24554 -0.24554 -0.24554 -0.24554 -0.24554
-0.29509 -0.29509 -0.29509 -0.29509 -0.29509 -0.29509 -0.29509 -0.29509 -0.29509 -0.29509 -0.29509 -0.29509 -0.29509 -0.29509 -0.29509 -0.29509 -0.29509 -0.29509 -0.29509 -0.29509 -0.29509 -0.29509 -0.29509 -0.29509 -0.29509
0.76868 0.76868 0.76868 0.76868 0.76868 0.76868 0.76868 0.76868 0.76868 0.76868 0.76868 0.76868 0.76868 0.76868 0.76868 0.76868 0.76868 0.76868 0.76868 0.76868 0.76868 0.76868 0.76868 0.76868 0.76868
2.0684 2.0684 2.0684 2.0684 2.0684 2.0684 2.0684 2.0684 2.0684 2.0684 2.0684 2.0684 2.0684 2.0684 2.0684 2.0684 2.0684 2.0684 2.0684 2.0684 2.0684 2.0684 2.0684 2.0684 2.0684
-8.9044 -8.9044 -8.9044 -8.9044 -8.9044 -8.9044 -8.9044 -8.9044 -8.9044 -8.9044 -8.9044 -8.9044 -8.9044 -8.9044 -8.9044 -8.9044 -8.9044 -8.9044 -8.9044 -8.9044 -8.9044 -8.9044 -8.9044 -8.9044 -8.9044
2.0829 2.0829 2.0829 2.0829 2.0829 2.0829 2.0829 2.0829 2.0829 2.0829 2.0829 2.0829 2.0829 2.0829 2.0829 2.0829 2.0829 2.0829 2.0829 2.0829 2.0829 2.0829 2.0829 2.0829 2.0829
0.72174 0.72174 0.72174 0.72174 0.72174 0.72174 0.72174 0.72174 0.72174 0.72174 0.72174 0.72174 0.72174 0.72174 0.72174 0.72174 0.72174 0.72174 0.72174 0.72174 0.72174 0.72174 0.72174 0.72174 0.72174
-0.30746 -0.30746 -0.30746 -0.30746 -0.30746 -0.30746 -0.30746 -0.30746 -0.30746 -0.30746 -0.30746 -0.30746 -0.30746 -0.30746 -0.30746 -0.30746 -0.30746 -0.30746 -0.30746 -0.30746 -0.30746 -0.30746 -0.30746 -0.30746 -0.30746
-0.26014 -0.26014 -0.26014 -0.26014 -0.26014 -0.26014 -0.26014 -0.26014 -0.26014 -0.26014 -0.26014 -0.26014 -0.26014 -0.26014 -0.26014 -0.26014 -0.26014 -0.26014 -0.26014 -0.26014 -0.26014 -0.26014 -0.26014 -0.26014 -0.26014
-0.21528 -0.21528 -0.21528 -0.21528 -0.21528 -0.21528 -0.21528 -0.21528 -0.21528 -0.21528 -0.21528 -0.21528 -0.21528 -0.21528 -0.21528 -0.21528 -0.21528 -0.21528 -0.21528 -0.21528 -0.21528 -0.21528 -0.21528 -0.21528 -0.21528
-0.12652 -0.12652 -0.12652 -0.12652 -0.12652 -0.12652 -0.12652 -0.12652 -0.12652 -0.12652 -0.12652 -0.12652 -0.12652 -0.12652 -0.12652 -0.12652 -0.12652 -0.12652 -0.12652 -0.12652 -0.12652 -0.12652 -0.12652 -0.12652 -0.12652
-0.26936 -0.26936 -0.26936 -0.26936 -0.26936 -0.26936 -0.26936 -0.26936 -0.26936 -0.26936 -0.26936 -0.26936 -0.26936 -0.26936 -0.26936 -0.26936 -0.26936 -0.26936 -0.26936 -0.26936 -0.26936 -0.26936 -0.26936 -0.26936 -0.26936
-0.44275 -0.44275 -0.44275 -0.44275 -0.44275 -0.44275 -0.44275 -0.44275 -0.44275 -0.44275 -0.44275 -0.44275 -0.44275 -0.44275 -0.44275 -0.44275 -0.44275 -0.44275 -0.44275 -0.44275 -0.44275 -0.44275 -0.44275 -0.44275 -0.44275
-0.84688 -0.84688 -0.84688 -0.84688 -0.84688 -0.84688 -0.84688 -0.84688 -0.84688 -0.84688 -0.84688 -0.84688 -0.84688 -0.84688 -0.84688 -0.84688 -0.84688 -0.84688 -0.84688 -0.84688 -0.84688 -0.84688 -0.84688 -0.84688 -0.84688
-3.5918 -3.5918 -3.5918 -3.5918 -3.5918 -3.5918 -3.5918 -3.5918 -3.5918 -3.5918 -3.5918 -3.5918 -3.5918 -3.5918 -3.5918 -3.5918 -3.5918 -3.5918 -3.5918 -3.5918 -3.5918 -3.5918 -3.5918 -3.5918 -3.5918
-2.5084 -2.5084 -2.5084 -2.5084 -2.5084 -2.5084 -2.5084 -2.5084 -2.5084 -2.5084 -2.5084 -2.5084 -2.5084 -2.5084 -2.5084 -2.5084 -2.5084 -2.5084 -2.5084 -2.5084 -2.5084 -2.5084 -2.5084 -2.5084 -2.5084
-3.5375 -3.5375 -3.5375 -3.5375 -3.5375 -3.5375 -3.5375 -3.5375 -3.5375 -3.5375 -3.5375 -3.5375 -3.5375 -3.5375 -3.5375 -3.5375 -3.5375 -3.5375 -3.5375 -3.5375 -3.5375 -3.5375 -3.5375 -3.5375 -3.5375
-0.84198 -0.84198 -0.84198 -0.84198 -0.84198 -0.84198 -0.84198 -0.84198 -0.84198 -0.84198 -0.84198 -0.84198 -0.84198 -0.84198 -0.84198 -0.84198 -0.84198 -0.84198 -0.84198 -0.84198 -0.84198 -0.84198 -0.84198 -0.84198 -0.84198
-0.44447 -0.44447 -0.44447 -0.44447 -0.44447 -0.44447 -0.44447 -0.44447 -0.44447 -0.44447 -0.44447 -0.44447 -0.44447 -0.44447 -0.44447 -0.44447 -0.44447 -0.44447 -0.44447 -0.44447 -0.44447 -0.44447 -0.44447 -0.44447 -0.44447
-0.27313 -0.27313 -0.27313 -0.27313 -0.27313 -0.27313 -0.27313 -0.27313 -0.27313 -0.27313 -0.27313 -0.27313 -0.27313 -0.27313 -0.27313 -0.27313 -0.27313 -0.27313 -0.27313 -0.27313 -0.27313 -0.27313 -0.27313 -0.27313 -0.27313
-0.21552 -0.21552 -0.21552 -0.21552 -0.21552 -0.21552 -0.21552 -0.21552 -0.21552 -0.21552 -0.21552 -0.21552 -0.21552 -0.21552 -0.21552 -0.21552 -0.21552 -0.21552 -0.21552 -0.21552 -0.21552 -0.21552 -0.21552 -0.21552 -0.21552
-0.12372 -0.12372 -0.12372 -0.12372 -0.12372 -0.12372 -0.12372 -0.12372 -0.12372 -0.12372 -0.12372 -0.12372 -0.12372 -0.12372 -0.12372 -0.12372 -0.12372 -0.12372 -0.12372 -0.12372 -0.12372 -0.12372 -0.12372 -0.12372 -0.12372
-0.40288 -0.40288 -0.40288 -0.40288 -0.40288 -0.40288 -0.40288 -0.40288 -0.40288 -0.40288 -0.40288 -0.40288 -0.40288 -0.40288 -0.40288 -0.40288 -0.40288 -0.40288 -0.40288 -0.40288 -0.40288 -0.40288 -0.40288 -0.40288 -0.40288
0.9616 0.9616 0.9616 0.9616 0.9616 0.9616 0.9616 0.9616 0.9616 0.9616 0.9616 0.9616 0.9616 0.9616 0.9616 0.9616 0.9616 0.9616 0.9616 0.9616 0.9616 0.9616 0.9616 0.9616 0.9616
1.8181 1.8181 1.8181 1.8181 1.8181 1.8181 1.8181 1.8181 1.8181 1.8181 1.8181 1.8181 1.8181 1.8181 1.8181 1.8181 1.8181 1.8181 1.8181 1.8181 1.8181 1.8181 1.8181 1.8181 1.8181
3.0372 3.0372 3.0372 3.0372 3.0372 3.0372 3.0372 3.0372 3.0372 3.0372 3.0372 3.0372 3.0372 3.0372 3.0372 3.0372 3.0372 3.0372 3.0372 3.0372 3.0372 3.0372 3.0372 3.0372 3.0372
-2.0489 -2.0489 -2.0489 -2.0489 -2.0489 -2.0489 -2.0489 -2.0489 -2.0489 -2.0489 -2.0489 -2.0489 -2.0489 -2.0489 -2.0489 -2.0489 -2.0489 -2.0489 -2.0489 -2.0489 -2.0489 -2.0489 -2.0489 -2.0489 -2.0489
1.7203 1.7203 1.7203 1.7203 1.7203 1.7203 1.7203 1.7203 1.7203 1.7203 1.7203 1.7203 1.7203 1.7203 1.7203 1.7203 1.7203 1.7203 1.7203 1.7203 1.7203 1.7203 1.7203 1.7203 1.7203
-2.0404 -2.0404 -2.0404 -2.0404 -2.0404 -2.0404 -2.0404 -2.0404 -2.0404 -2.0404 -2.0404 -2.0404 -2.0404 -2.0404 -2.0404 -2.0404 -2.0404 -2.0404 -2.0404 -2.0404 -2.0404 -2.0404 -2.0404 -2.0404 -2.0404
2.9309 2.9309 2.9309 2.9309 2.9309 2.9309 2.9309 2.9309 2.9309 2.9309 2.9309 2.9309 2.9309 2.9309 2.9309 2.9309 2.9309 2.9309 2.9309 2.9309 2.9309 2.9309 2.9309 2.9309 2.9309
1.8115 1.8115 1.8115 1.8115 1.8115 1.8115 1.8115 1.8115 1.8115 1.8115 1.8115 1.8115 1.8115 1.8115 1.8115 1.8115 1.8115 1.8115 1.8115 1.8115 1.8115 1.8115 1.8115 1.8115 1.8115
0.97453 0.97453 0.97453 0.97453 0.97453 0.97453 0.97453 0.97453 0.97453 0.97453 0.97453 0.97453 0.97453 0.97453 0.97453 0.97453 0.97453 0.97453 0.97453 0.97453 0.97453 0.97453 0.97453 0.97453 0.97453
0.70994 0.70994 0.70994 0.70994 0.70994 0.70994 0.70994 0.70994 0.70994 0.70994 0.70994 0.70994 0.70994 0.70994 0.70994 0.70994 0.70994 0.70994 0.70994 0.70994 0.70994 0.70994 0.70994 0.70994 0.70994
0.38357 0.38357 0.38357 0.38357 0.38357 0.38357 0.38357 0.38357 0.38357 0.38357 0.38357 0.38357 0.38357 0.38357 0.38357 0.38357 0.38357 0.38357 0.38357 0.38357 0.38357 0.38357 0.38357 0.38357 0.38357
1.0169 1.0169 1.0169 1.0169 1.0169 1.0169 1.0169 1.0169 1.0169 1.0169 1.0169 1.0169 1.0169 1.0169 1.0169 1.0169 1.0169 1.0169 1.0169 1.0169 1.0169 1.0169 1.0169 1.0169 1.0169
1.8657 1.8657 1.8657 1.8657 1.8657 1.8657 1.8657 1.8657 1.8657 1.8657 1.8657 1.8657 1.8657 1.8657 1.8657 1.8657 1.8657 1.8657 1.8657 1.8657 1.8657 1.8657 1.8657 1.8657 1.8657
3.0557 3.0557 3.0557 3.0557 3.0557 3.0557 3.0557 3.0557 3.0557 3.0557 3.0557 3.0557 3.0557 3.0557 3.0557 3.0557 3.0557 3.0557 3.0557 3.0557 3.0557 3.0557 3.0557 3.0557 3.0557
-2.5396 -2.5396 -2.5396 -2.5396 -2.5396 -2.5396 -2.5396 -2.5396 -2.5396 -2.5396 -2.5396 -2.5396 -2.5396 -2.5396 -2.5396 -2.5396 -2.5396 -2.5396 -2.5396 -2.5396 -2.5396 -2.5396 -2.5396 -2.5396 -2.5396
-3.6126 -3.6126 -3.6126 -3.6126 -3.6126 -3.6126 -3.6126 -3.6126 -3.6126 -3.6126 -3.6126 -3.6126 -3.6126 -3.6126 -3.6126 -3.6126 -3.6126 -3.6126 -3.6126 -3.6126 -3.6126 -3.6126 -3.6126 -3.6126 -3.6126
-2.5495 -2.5495 -2.5495 -2.5495 -2.5495 -2.5495 -2.5495 -2.5495 -2.5495 -2.5495 -2.5495 -2.5495 -2.5495 -2.5495 -2.5495 -2.5495 -2.5495 -2.5495 -2.5495 -2.5495 -2.5495 -2.5495 -2.5495 -2.5495 -2.5495
3.0793 3.0793 3.0793 3.0793 3.0793 3.0793 3.0793 3.0793 3.0793 3.0793 3.0793 3.0793 3.0793 3.0793 3.0793 3.0793 3.0793 3.0793 3.0793 3.0793 3.0793 3.0793 3.0793 3.0793 3.0793
1.8555 1.8555 1.8555 1.8555 1.8555 1.8555 1.8555 1.8555 1.8555 1.8555 1.8555 1.8555 1.8555 1.8555 1.8555 1.8555 1.8555 1.8555 1.8555 1.8555 1.8555 1.8555 1.8555 1.8555 1.8555
1.0111 1.0111 1.0111 1.0111 1.0111 1.0111 1.0111 1.0111 1.0111 1.0111 1.0111 1.0111 1.0111 1.0111 1.0111 1.0111 1.0111 1.0111 1.0111 1.0111 1.0111 1.0111 1.0111 1.0111 1.0111
0.72549 0.72549 0.72549 0.72549 0.72549 0.72549 0.72549 0.72549 0.72549 0.72549 0.72549 0.72549 0.72549 0.72549 0.72549 0.72549 0.72549 0.72549 0.72549 0.72549 0.72549 0.72549 0.72549 0.72549 0.72549
0.38265 0.38265 0.38265 0.38265 0.38265 0.38265 0.38265 0.38265 0.38265 0.38265 0.38265 0.38265 0.38265 0.38265 0.38265 0.38265 0.38265 0.38265 0.38265 0.38265 0.38265 0.38265 0.38265 0.38265 0.38265
-0.18752 -0.18752 -0.18752 -0.18752 -0.18752 -0.18752 -0.18752 -0.18752 -0.18752 -0.18752 -0.18752 -0.18752 -0.18752 -0.18752 -0.18752 -0.18752 -0.18752 -0.18752 -0.18752 -0.18752 -0.18752 -0.18752 -0.18752 -0.18752 -0.18752
-0.94117 -0.94117 -0.94117 -0.94117 -0.94117 -0.94117 -0.94117 -0.94117 -0.94117 -0.94117 -0.94117 -0.94117 -0.94117 -0.94117 -0.94117 -0.94117 -0.94117 -0.94117 -0.94117 -0.94117 -0.94117 -0.94117 -0.94117 -0.94117 -0.94117
-3.3293 -3.3293 -3.3293 -3.3293 -3.3293 -3.3293 -3.3293 -3.3293 -3.3293 -3.3293 -3.3293 -3.3293 -3.3293 -3.3293 -3.3293 -3.3293 -3.3293 -3.3293 -3.3293 -3.3293 -3.3293 -3.3293 -3.3293 -3.3293 -3.3293
-10.637 -10.637 -10.637 -10.637 -10.637 -10.637 -10.637 -10.637 -10.637 -10.637 -10.637 -10.637 -10.637 -10.637 -10.637 -10.637 -10.637 -10.637 -10.637 -10.637 -10.637 -10.637 -10.637 -10.637 -10.637
1.8927 1.8927 1.8927 1.8927 1.8927 1.8927 1.8927 1.8927 1.8927 1.8927 1.8927 1.8927 1.8927 1.8927 1.8927 1.8927 1.8927 1.8927 1.8927 1.8927 1.8927 1.8927 1.8927 1.8927 1.8927
0.003365 0.003365 0.003365 0.003365 0.003365 0.003365 0.003365 0.003365 0.003365 0.003365 0.003365 0.003365 0.003365 0.003365 0.003365 0.003365 0.003365 0.003365 0.003365 0.003365 0.003365 0.003365 0.003365 0.003365 0.003365
-1.9044 -1.9044 -1.9044 -1.9044 -1.9044 -1.9044 -1.9044 -1.9044 -1.9044 -1.9044 -1.9044 -1.9044 -1.9044 -1.9044 -1.9044 -1.9044 -1.9044 -1.9044 -1.9044 -1.9044 -1.9044 -1.9044 -1.9044 -1.9044 -1.9044
10.57 10.57 10.57 10.57 10.57 10.57 10.57 10.57 10.57 10.57 10.57 10.57 10.57 10.57 10.57 10.57 10.57 10.57 10.57 10.57 10.57 10.57 10.57 10.57 10.57
3.3494 3.3494 3.3494 3.3494 3.3494 3.3494 3.3494 3.3494 3.3494 3.3494 3.3494 3.3494 3.3494 3.3494 3.3494 3.3494 3.3494 3.3494 3.3494 3.3494 3.3494 3.3494 3.3494 3.3494 3.3494
0.85922 0.85922 0.85922 0.85922 0.85922 0.85922 0.85922 0.85922 0.85922 0.85922 0.85922 0.85922 0.85922 0.85922 0.85922 0.85922 0.85922 0.85922 0.85922 0.85922 0.85922 0.85922 0.85922 0.85922 0.85922
0.54084 0.54084 0.54084 0.54084 0.54084 0.54084 0.54084 0.54084 0.54084 0.54084 0.54084 0.54084 0.54084 0.54084 0.54084 0.54084 0.54084 0.54084 0.54084 0.54084 0.54084 0.54084 0.54084 0.54084 0.54084
0.25798 0.25798 0.25798 0.25798 0.25798 0.25798 0.25798 0.25798 0.25798 0.25798 0.25798 0.25798 0.25798 0.25798 0.25798 0.25798 0.25798 0.25798 0.25798 0.25798 0.25798 0.25798 0.25798 0.25798 0.25798
-0.59574 -0.59574 -0.59574 -0.59574 -0.59574 -0.59574 -0.59574 -0.59574 -0.59574 -0.59574 -0.59574 -0.59574 -0.59574 -0.59574 -0.59574 -0.59574 -0.59574 -0.59574 -0.59574 -0.59574 -0.59574 -0.59574 -0.59574 -0.59574 -0.59574
-1.3111 -1.3111 -1.3111 -1.3111 -1.3111 -1.3111 -1.3111 -1.3111 -1.3111 -1.3111 -1.3111 -1.3111 -1.3111 -1.3111 -1.3111 -1.3111 -1.3111 -1.3111 -1.3111 -1.3111 -1.3111 -1.3111 -1.3111 -1.3111 -1.3111
-0.7371 -0.7371 -0.7371 -0.7371 -0.7371 -0.7371 -0.7371 -0.7371 -0.7371 -0.7371 -0.7371 -0.7371 -0.7371 -0.7371 -0.7371 -0.7371 -0.7371 -0.7371 -0.7371 -0.7371 -0.7371 -0.7371 -0.7371 -0.7371 -0.7371
6.1911 6.1911 6.1911 6.1911 6.1911 6.1911 6.1911 6.1911 6.1911 6.1911 6.1911 6.1911 6.1911 6.1911 6.1911 6.1911 6.1911 6.1911 6.1911 6.1911 6.1911 6.1911 6.1911 6.1911 6.1911
-0.094717 -0.094717 -0.094717 -0.094717 -0.094717 -0.094717 -0.094717 -0.094717 -0.094717 -0.094717 -0.094717 -0.094717 -0.094717 -0.094717 -0.094717 -0.094717 -0.094717 -0.094717 -0.094717 -0.094717 -0.094717 -0.094717 -0.094717 -0.094717 -0.094717
-6.1972 -6.1972 -6.1972 -6.1972 -6.1972 -6.1972 -6.1972 -6.1972 -6.1972 -6.1972 -6.1972 -6.1972 -6.1972 -6.1972 -6.1972 -6.1972 -6.1972 -6.1972 -6.1972 -6.1972 -6.1972 -6.1972 -6.1972 -6.1972 -6.1972
0.72748 0.72748 0.72748 0.72748 0.72748 0.72748 0.72748 0.72748 0.72748 0.72748 0.72748 0.72748 0.72748 0.72748 0.72748 0.72748 0.72748 0.72748 0.72748 0.72748 0.72748 0.72748 0.72748 0.72748 0.72748
1.3214 1.3214 1.3214 1.3214 1.3214 1.3214 1.3214 1.3214 1.3214 1.3214 1.3214 1.3214 1.3214 1.3214 1.3214 1.3214 1.3214 1.3214 1.3214 1.3214 1.3214 1.3214 1.3214 1.3214 1.3214
0.55346 0.55346 0.55346 0.55346 0.55346 0.55346 0.55346 0.55346 0.55346 0.55346 0.55346 0.55346 0.55346 0.55346 0.55346 0.55346 0.55346 0.55346 0.55346 0.55346 0.55346 0.55346 0.55346 0.55346 0.55346
0.43272 0.43272 0.43272 0.43272 0.43272 0.43272 0.43272 0.43272 0.43272 0.43272 0.43272 0.43272 0.43272 0.43272 0.43272 0.43272 0.43272 0.43272 0.43272 0.43272 0.43272 0.43272 0.43272 0.43272 0.43272
0.20095 0.20095 0.20095 0.20095 0.20095 0.20095 0.20095 0.20095 0.20095 0.20095 0.20095 0.20095 0.20095 0.20095 0.20095 0.20095 0.20095 0.20095 0.20095 0.20095 0.20095 0.20095 0.20095 0.20095 0.20095
-0.001394 -0.001394 -0.001394 -0.001394 -0.001394 -0.001394 -0.001394 -0.001394 -0.001394 -0.001394 -0.001394 -0.001394 -0.001394 -0.001394 -0.001394 -0.001394 -0.001394 -0.001394 -0.001394 -0.001394 -0.001394 -0.001394 -0.001394 -0.001394 -0.001394
0.12945 0.12945 0.12945 0.12945 0.12945 0.12945 0.12945 0.12945 0.12945 0.12945 0.12945 0.12945 0.12945 0.12945 0.12945 0.12945 0.12945 0.12945 0.12945 0.12945 0.12945 0.12945 0.12945 0.12945 0.12945
0.53124 0.53124 0.53124 0.53124 0.53124 0.53124 0.53124 0.53124 0.53124 0.53124 0.53124 0.53124 0.53124 0.53124 0.53124 0.53124 0.53124 0.53124 0.53124 0.53124 0.53124 0.53124 0.53124 0.53124 0.53124
1.7603 1.7603 1.7603 1.7603 1.7603 1.7603 1.7603 1.7603 1.7603 1.7603 1.7603 1.7603 1.7603 1.7603 1.7603 1.7603 1.7603 1.7603 1.7603 1.7603 1.7603 1.7603 1.7603 1.7603 1.7603
0.076996 0.076996 0.076996 0.076996 0.076996 0.076996 0.076996 0.076996 0.076996 0.076996 0.076996 0.076996 0.076996 0.076996 0.076996 0.076996 0.076996 0.076996 0.076996 0.076996 0.076996 0.076996 0.076996 0.076996 0.076996
-0.0024426 -0.0024426 -0.0024426 -0.0024426 -0.0024426 -0.0024426 -0.0024426 -0.0024426 -0.0024426 -0.0024426 -0.0024426 -0.0024426 -0.0024426 -0.0024426 -0.0024426 -0.0024426 -0.0024426 -0.0024426 -0.0024426 -0.0024426 -0.0024426 -0.0024426 -0.0024426 -0.0024426 -0.0024426
-0.072791 -0.072791 -0.072791 -0.072791 -0.072791 -0.072791 -0.072791 -0.072791 -0.072791 -0.072791 -0.072791 -0.072791 -0.072791 -0.072791 -0.072791 -0.072791 -0.072791 -0.072791 -0.072791 -0.072791 -0.072791 -0.072791 -0.072791 -0.072791 -0.072791
-1.7541 -1.7541 -1.7541 -1.7541 -1.7541 -1.7541 -1.7541 -1.7541 -1.7541 -1.7541 -1.7541 -1.7541 -1.7541 -1.7541 -1.7541 -1.7541 -1.7541 -1.7541 -1.7541 -1.7541 -1.7541 -1.7541 -1.7541 -1.7541 -1.7541
-0.53978 -0.53978 -0.53978 -0.53978 -0.53978 -0.53978 -0.53978 -0.53978 -0.53978 -0.53978 -0.53978 -0.53978 -0.53978 -0.53978 -0.53978 -0.53978 -0.53978 -0.53978 -0.53978 -0.53978 -0.53978 -0.53978 -0.53978 -0.53978 -0.53978
-0.11239 -0.11239 -0.11239 -0.11239 -0.11239 -0.11239 -0.11239 -0.11239 -0.11239 -0.11239 -0.11239 -0.11239 -0.11239 -0.11239 -0.11239 -0.11239 -0.11239 -0.11239 -0.11239 -0.11239 -0.11239 -0.11239 -0.11239 -0.11239 -0.11239
-0.076633 -0.076633 -0.076633 -0.076633 -0.076633 -0.076633 -0.076633 -0.076633 -0.076633 -0.076633 -0.076633 -0.076633 -0.076633 -0.076633 -0.076633 -0.076633 -0.076633 -0.076633 -0.076633 -0.076633 -0.076633 -0.076633 -0.076633 -0.076633 -0.076633
-0.041413 -0.041413 -0.041413 -0.041413 -0.041413 -0.041413 -0.041413 -0.041413 -0.041413 -0.041413 -0.041413 -0.041413 -0.041413 -0.041413 -0.041413 -0.041413 -0.041413 -0.041413 -0.041413 -0.041413 -0.041413 -0.041413 -0.041413 -0.041413 -0.041413
0.051475 0.051475 0.051475 0.051475 0.051475 0.051475 0.051475 0.051475 0.051475 0.051475 0.051475 0.051475 0.051475 0.051475 0.051475 0.051475 0.051475 0.051475 0.051475 0.051475 0.051475 0.051475 0.051475 0.051475 0.051475
0.07891 0.07891 0.07891 0.07891 0.07891 0.07891 0.07891 0.07891 0.07891 0.07891 0.07891 0.07891 0.07891 0.07891 0.07891 0.07891 0.07891 0.07891 0.07891 0.07891 0.07891 0.07891 0.07891 0.07891 0.07891
-0.50024 -0.50024 -0.50024 -0.50024 -0.50024 -0.50024 -0.50024 -0.50024 -0.50024 -0.50024 -0.50024 -0.50024 -0.50024 -0.50024 -0.50024 -0.50024 -0.50024 -0.50024 -0.50024 -0.50024 -0.50024 -0.50024 -0.50024 -0.50024 -0.50024
-2.7062 -2.7062 -2.7062 -2.7062 -2.7062 -2.7062 -2.7062 -2.7062 -2.7062 -2.7062 -2.7062 -2.7062 -2.7062 -2.7062 -2.7062 -2.7062 -2.7062 -2.7062 -2.7062 -2.7062 -2.7062 -2.7062 -2.7062 -2.7062 -2.7062
0.023221 0.023221 0.023221 0.023221 0.023221 0.023221 0.023221 0.023221 0.023221 0.023221 0.023221 0.023221 0.023221 0.023221 0.023221 0.023221 0.023221 0.023221 0.023221 0.023221 0.023221 0.023221 0.023221 0.023221 0.023221
2.7053 2.7053 2.7053 2.7053 2.7053 2.7053 2.7053 2.7053 2.7053 2.7053 2.7053 2.7053 2.7053 2.7053 2.7053 2.7053 2.7053 2.7053 2.7053 2.7053 2.7053 2.7053 2.7053 2.7053 2.7053
0.49486 0.49486 0.49486 0.49486 0.49486 0.49486 0.49486 0.49486 0.49486 0.49486 0.49486 0.49486 0.49486 0.49486 0.49486 0.49486 0.49486 0.49486 0.49486 0.49486 0.49486 0.49486 0.49486 0.49486 0.49486
-0.08515 -0.08515 -0.08515 -0.08515 -0.08515 -0.08515 -0.08515 -0.08515 -0.08515 -0.08515 -0.08515 -0.08515 -0.08515 -0.08515 -0.08515 -0.08515 -0.08515 -0.08515 -0.08515 -0.08515 -0.08515 -0.08515 -0.08515 -0.08515 -0.08515
-0.043821 -0.043821 -0.043821 -0.043821 -0.043821 -0.043821 -0.043821 -0.043821 -0.043821 -0.043821 -0.043821 -0.043821 -0.043821 -0.043821 -0.043821 -0.043821 -0.043821 -0.043821 -0.043821 -0.043821 -0.043821 -0.043821 -0.043821 -0.043821 -0.043821
-0.053201 -0.053201 -0.053201 -0.053201 -0.053201 -0.053201 -0.053201 -0.053201 -0.053201 -0.053201 -0.053201 -0.053201 -0.053201 -0.053201 -0.053201 -0.053201 -0.053201 -0.053201 -0.053201 -0.053201 -0.053201 -0.053201 -0.053201 -0.053201 -0.053201
-0.028341 -0.028341 -0.028341 -0.028341 -0.028341 -0.028341 -0.028341 -0.028341 -0.028341 -0.028341 -0.028341 -0.028341 -0.028341 -0.028341 -0.028341 -0.028341 -0.028341 -0.028341 -0.028341 -0.028341 -0.028341 -0.028341 -0.028341 -0.028341 -0.028341
0.00023537 0.00023537 0.00023537 0.00023537 0.00023537 0.00023537 0.00023537 0.00023537 0.00023537 0.00023537 0.00023537 0.00023537 0.00023537 0.00023537 0.00023537 0.00023537 0.00023537 0.00023537 0.00023537 0.00023537 0.00023537 0.00023537 0.00023537 0.00023537 0.00023537
1 2 3 4 5 6 7 8 9 10 11 12 13 14 15 16 17 18 19 20 21 22 23 24 25
