-0.049819 -0.049819 -0.049819 -0.049819 -0.049819 -0.049819 -0.049819 -0.049819 -0.049819 -0.049819 -0.049819 -0.049819 -0.049819 -0.049819 -0.049819 -0.049819 -0.049819 -0.049819 -0.049819 -0.049819 -0.049819 -0.049819 -0.049819 -0.049819 -0.049819
-0.041554 -0.041554 -0.041554 -0.041554 -0.041554 -0.041554 -0.041554 -0.041554 -0.041554 -0.041554 -0.041554 -0.041554 -0.041554 -0.041554 -0.041554 -0.041554 -0.041554 -0.041554 -0.041554 -0.041554 -0.041554 -0.041554 -0.041554 -0.041554 -0.041554
0.2904 0.2904 0.2904 0.2904 0.2904 0.2904 0.2904 0.2904 0.2904 0.2904 0.2904 0.2904 0.2904 0.2904 0.2904 0.2904 0.2904 0.2904 0.2904 0.2904 0.2904 0.2904 0.2904 0.2904 0.2904
6.1528 6.1528 6.1528 6.1528 6.1528 6.1528 6.1528 6.1528 6.1528 6.1528 6.1528 6.1528 6.1528 6.1528 6.1528 6.1528 6.1528 6.1528 6.1528 6.1528 6.1528 6.1528 6.1528 6.1528 6.1528
4.711 4.711 4.711 4.711 4.711 4.711 4.711 4.711 4.711 4.711 4.711 4.711 4.711 4.711 4.711 4.711 4.711 4.711 4.711 4.711 4.711 4.711 4.711 4.711 4.711
6.1671 6.1671 6.1671 6.1671 6.1671 6.1671 6.1671 6.1671 6.1671 6.1671 6.1671 6.1671 6.1671 6.1671 6.1671 6.1671 6.1671 6.1671 6.1671 6.1671 6.1671 6.1671 6.1671 6.1671 6.1671
0.29306 0.29306 0.29306 0.29306 0.29306 0.29306 0.29306 0.29306 0.29306 0.29306 0.29306 0.29306 0.29306 0.29306 0.29306 0.29306 0.29306 0.29306 0.29306 0.29306 0.29306 0.29306 0.29306 0.29306 0.29306
-0.043722 -0.043722 -0.043722 -0.043722 -0.043722 -0.043722 -0.043722 -0.043722 -0.043722 -0.043722 -0.043722 -0.043722 -0.043722 -0.043722 -0.043722 -0.043722 -0.043722 -0.043722 -0.043722 -0.043722 -0.043722 -0.043722 -0.043722 -0.043722 -0.043722
-0.050729 -0.050729 -0.050729 -0.050729 -0.050729 -0.050729 -0.050729 -0.050729 -0.050729 -0.050729 -0.050729 -0.050729 -0.050729 -0.050729 -0.050729 -0.050729 -0.050729 -0.050729 -0.050729 -0.050729 -0.050729 -0.050729 -0.050729 -0.050729 -0.050729
-0.04351 -0.04351 -0.04351 -0.04351 -0.04351 -0.04351 -0.04351 -0.04351 -0.04351 -0.04351 -0.04351 -0.04351 -0.04351 -0.04351 -0.04351 -0.04351 -0.04351 -0.04351 -0.04351 -0.04351 -0.04351 -0.04351 -0.04351 -0.04351 -0.04351
-0.025205 -0.025205 -0.025205 -0.025205 -0.025205 -0.025205 -0.025205 -0.025205 -0.025205 -0.025205 -0.025205 -0.025205 -0.025205 -0.025205 -0.025205 -0.025205 -0.025205 -0.025205 -0.025205 -0.025205 -0.025205 -0.025205 -0.025205 -0.025205 -0.025205
-0.11433 -0.11433 -0.11433 -0.11433 -0.11433 -0.11433 -0.11433 -0.11433 -0.11433 -0.11433 -0.11433 -0.11433 -0.11433 -0.11433 -0.11433 -0.11433 -0.11433 -0.11433 -0.11433 -0.11433 -0.11433 -0.11433 -0.11433 -0.11433 -0.11433
-0.27397 -0.27397 -0.27397 -0.27397 -0.27397 -0.27397 -0.27397 -0.27397 -0.27397 -0.27397 -0.27397 -0.27397 -0.27397 -0.27397 -0.27397 -0.27397 -0.27397 -0.27397 -0.27397 -0.27397 -0.27397 -0.27397 -0.27397 -0.27397 -0.27397
-0.82658 -0.82658 -0.82658 -0.82658 -0.82658 -0.82658 -0.82658 -0.82658 -0.82658 -0.82658 -0.82658 -0.82658 -0.82658 -0.82658 -0.82658 -0.82658 -0.82658 -0.82658 -0.82658 -0.82658 -0.82658 -0.82658 -0.82658 -0.82658 -0.82658
-3.2846 -3.2846 -3.2846 -3.2846 -3.2846 -3.2846 -3.2846 -3.2846 -3.2846 -3.2846 -3.2846 -3.2846 -3.2846 -3.2846 -3.2846 -3.2846 -3.2846 -3.2846 -3.2846 -3.2846 -3.2846 -3.2846 -3.2846 -3.2846 -3.2846
-1.9568 -1.9568 -1.9568 -1.9568 -1.9568 -1.9568 -1.9568 -1.9568 -1.9568 -1.9568 -1.9568 -1.9568 -1.9568 -1.9568 -1.9568 -1.9568 -1.9568 -1.9568 -1.9568 -1.9568 -1.9568 -1.9568 -1.9568 -1.9568 -1.9568
-3.2857 -3.2857 -3.2857 -3.2857 -3.2857 -3.2857 -3.2857 -3.2857 -3.2857 -3.2857 -3.2857 -3.2857 -3.2857 -3.2857 -3.2857 -3.2857 -3.2857 -3.2857 -3.2857 -3.2857 -3.2857 -3.2857 -3.2857 -3.2857 -3.2857
-0.83514 -0.83514 -0.83514 -0.83514 -0.83514 -0.83514 -0.83514 -0.83514 -0.83514 -0.83514 -0.83514 -0.83514 -0.83514 -0.83514 -0.83514 -0.83514 -0.83514 -0.83514 -0.83514 -0.83514 -0.83514 -0.83514 -0.83514 -0.83514 -0.83514
-0.26864 -0.26864 -0.26864 -0.26864 -0.26864 -0.26864 -0.26864 -0.26864 -0.26864 -0.26864 -0.26864 -0.26864 -0.26864 -0.26864 -0.26864 -0.26864 -0.26864 -0.26864 -0.26864 -0.26864 -0.26864 -0.26864 -0.26864 -0.26864 -0.26864
-0.11244 -0.11244 -0.11244 -0.11244 -0.11244 -0.11244 -0.11244 -0.11244 -0.11244 -0.11244 -0.11244 -0.11244 -0.11244 -0.11244 -0.11244 -0.11244 -0.11244 -0.11244 -0.11244 -0.11244 -0.11244 -0.11244 -0.11244 -0.11244 -0.11244
-0.072272 -0.072272 -0.072272 -0.072272 -0.072272 -0.072272 -0.072272 -0.072272 -0.072272 -0.072272 -0.072272 -0.072272 -0.072272 -0.072272 -0.072272 -0.072272 -0.072272 -0.072272 -0.072272 -0.072272 -0.072272 -0.072272 -0.072272 -0.072272 -0.072272
-0.035918 -0.035918 -0.035918 -0.035918 -0.035918 -0.035918 -0.035918 -0.035918 -0.035918 -0.035918 -0.035918 -0.035918 -0.035918 -0.035918 -0.035918 -0.035918 -0.035918 -0.035918 -0.035918 -0.035918 -0.035918 -0.035918 -0.035918 -0.035918 -0.035918
0.93705 0.93705 0.93705 0.93705 0.93705 0.93705 0.93705 0.93705 0.93705 0.93705 0.93705 0.93705 0.93705 0.93705 0.93705 0.93705 0.93705 0.93705 0.93705 0.93705 0.93705 0.93705 0.93705 0.93705 0.93705
-0.01544 -0.01544 -0.01544 -0.01544 -0.01544 -0.01544 -0.01544 -0.01544 -0.01544 -0.01544 -0.01544 -0.01544 -0.01544 -0.01544 -0.01544 -0.01544 -0.01544 -0.01544 -0.01544 -0.01544 -0.01544 -0.01544 -0.01544 -0.01544 -0.01544
-0.022667 -0.022667 -0.022667 -0.022667 -0.022667 -0.022667 -0.022667 -0.022667 -0.022667 -0.022667 -0.022667 -0.022667 -0.022667 -0.022667 -0.022667 -0.022667 -0.022667 -0.022667 -0.022667 -0.022667 -0.022667 -0.022667 -0.022667 -0.022667 -0.022667
-0.027817 -0.027817 -0.027817 -0.027817 -0.027817 -0.027817 -0.027817 -0.027817 -0.027817 -0.027817 -0.027817 -0.027817 -0.027817 -0.027817 -0.027817 -0.027817 -0.027817 -0.027817 -0.027817 -0.027817 -0.027817 -0.027817 -0.027817 -0.027817 -0.027817
0.12421 0.12421 0.12421 0.12421 0.12421 0.12421 0.12421 0.12421 0.12421 0.12421 0.12421 0.12421 0.12421 0.12421 0.12421 0.12421 0.12421 0.12421 0.12421 0.12421 0.12421 0.12421 0.12421 0.12421 0.12421
-0.32129 -0.32129 -0.32129 -0.32129 -0.32129 -0.32129 -0.32129 -0.32129 -0.32129 -0.32129 -0.32129 -0.32129 -0.32129 -0.32129 -0.32129 -0.32129 -0.32129 -0.32129 -0.32129 -0.32129 -0.32129 -0.32129 -0.32129 -0.32129 -0.32129
0.12447 0.12447 0.12447 0.12447 0.12447 0.12447 0.12447 0.12447 0.12447 0.12447 0.12447 0.12447 0.12447 0.12447 0.12447 0.12447 0.12447 0.12447 0.12447 0.12447 0.12447 0.12447 0.12447 0.12447 0.12447
-0.025912 -0.025912 -0.025912 -0.025912 -0.025912 -0.025912 -0.025912 -0.025912 -0.025912 -0.025912 -0.025912 -0.025912 -0.025912 -0.025912 -0.025912 -0.025912 -0.025912 -0.025912 -0.025912 -0.025912 -0.025912 -0.025912 -0.025912 -0.025912 -0.025912
-0.024724 -0.024724 -0.024724 -0.024724 -0.024724 -0.024724 -0.024724 -0.024724 -0.024724 -0.024724 -0.024724 -0.024724 -0.024724 -0.024724 -0.024724 -0.024724 -0.024724 -0.024724 -0.024724 -0.024724 -0.024724 -0.024724 -0.024724 -0.024724 -0.024724
-0.015687 -0.015687 -0.015687 -0.015687 -0.015687 -0.015687 -0.015687 -0.015687 -0.015687 -0.015687 -0.015687 -0.015687 -0.015687 -0.015687 -0.015687 -0.015687 -0.015687 -0.015687 -0.015687 -0.015687 -0.015687 -0.015687 -0.015687 -0.015687 -0.015687
-0.011338 -0.011338 -0.011338 -0.011338 -0.011338 -0.011338 -0.011338 -0.011338 -0.011338 -0.011338 -0.011338 -0.011338 -0.011338 -0.011338 -0.011338 -0.011338 -0.011338 -0.011338 -0.011338 -0.011338 -0.011338 -0.011338 -0.011338 -0.011338 -0.011338
-0.0063933 -0.0063933 -0.0063933 -0.0063933 -0.0063933 -0.0063933 -0.0063933 -0.0063933 -0.0063933 -0.0063933 -0.0063933 -0.0063933 -0.0063933 -0.0063933 -0.0063933 -0.0063933 -0.0063933 -0.0063933 -0.0063933 -0.0063933 -0.0063933 -0.0063933 -0.0063933 -0.0063933 -0.0063933
-0.019285 -0.019285 -0.019285 -0.019285 -0.019285 -0.019285 -0.019285 -0.019285 -0.019285 -0.019285 -0.019285 -0.019285 -0.019285 -0.019285 -0.019285 -0.019285 -0.019285 -0.019285 -0.019285 -0.019285 -0.019285 -0.019285 -0.019285 -0.019285 -0.019285
-0.04346 -0.04346 -0.04346 -0.04346 -0.04346 -0.04346 -0.04346 -0.04346 -0.04346 -0.04346 -0.04346 -0.04346 -0.04346 -0.04346 -0.04346 -0.04346 -0.04346 -0.04346 -0.04346 -0.04346 -0.04346 -0.04346 -0.04346 -0.04346 -0.04346
-0.10029 -0.10029 -0.10029 -0.10029 -0.10029 -0.10029 -0.10029 -0.10029 -0.10029 -0.10029 -0.10029 -0.10029 -0.10029 -0.10029 -0.10029 -0.10029 -0.10029 -0.10029 -0.10029 -0.10029 -0.10029 -0.10029 -0.10029 -0.10029 -0.10029
-0.39903 -0.39903 -0.39903 -0.39903 -0.39903 -0.39903 -0.39903 -0.39903 -0.39903 -0.39903 -0.39903 -0.39903 -0.39903 -0.39903 -0.39903 -0.39903 -0.39903 -0.39903 -0.39903 -0.39903 -0.39903 -0.39903 -0.39903 -0.39903 -0.39903
-0.256 -0.256 -0.256 -0.256 -0.256 -0.256 -0.256 -0.256 -0.256 -0.256 -0.256 -0.256 -0.256 -0.256 -0.256 -0.256 -0.256 -0.256 -0.256 -0.256 -0.256 -0.256 -0.256 -0.256 -0.256
-0.3992 -0.3992 -0.3992 -0.3992 -0.3992 -0.3992 -0.3992 -0.3992 -0.3992 -0.3992 -0.3992 -0.3992 -0.3992 -0.3992 -0.3992 -0.3992 -0.3992 -0.3992 -0.3992 -0.3992 -0.3992 -0.3992 -0.3992 -0.3992 -0.3992
-0.10404 -0.10404 -0.10404 -0.10404 -0.10404 -0.10404 -0.10404 -0.10404 -0.10404 -0.10404 -0.10404 -0.10404 -0.10404 -0.10404 -0.10404 -0.10404 -0.10404 -0.10404 -0.10404 -0.10404 -0.10404 -0.10404 -0.10404 -0.10404 -0.10404
-0.041168 -0.041168 -0.041168 -0.041168 -0.041168 -0.041168 -0.041168 -0.041168 -0.041168 -0.041168 -0.041168 -0.041168 -0.041168 -0.041168 -0.041168 -0.041168 -0.041168 -0.041168 -0.041168 -0.041168 -0.041168 -0.041168 -0.041168 -0.041168 -0.041168
-0.018618 -0.018618 -0.018618 -0.018618 -0.018618 -0.018618 -0.018618 -0.018618 -0.018618 -0.018618 -0.018618 -0.018618 -0.018618 -0.018618 -0.018618 -0.018618 -0.018618 -0.018618 -0.018618 -0.018618 -0.018618 -0.018618 -0.018618 -0.018618 -0.018618
-0.013632 -0.013632 -0.013632 -0.013632 -0.013632 -0.013632 -0.013632 -0.013632 -0.013632 -0.013632 -0.013632 -0.013632 -0.013632 -0.013632 -0.013632 -0.013632 -0.013632 -0.013632 -0.013632 -0.013632 -0.013632 -0.013632 -0.013632 -0.013632 -0.013632
-0.006785 -0.006785 -0.006785 -0.006785 -0.006785 -0.006785 -0.006785 -0.006785 -0.006785 -0.006785 -0.006785 -0.006785 -0.006785 -0.006785 -0.006785 -0.006785 -0.006785 -0.006785 -0.006785 -0.006785 -0.006785 -0.006785 -0.006785 -0.006785 -0.006785
3.4947 3.4947 3.4947 3.4947 3.4947 3.4947 3.4947 3.4947 3.4947 3.4947 3.4947 3.4947 3.4947 3.4947 3.4947 3.4947 3.4947 3.4947 3.4947 3.4947 3.4947 3.4947 3.4947 3.4947 3.4947
0.26254 0.26254 0.26254 0.26254 0.26254 0.26254 0.26254 0.26254 0.26254 0.26254 0.26254 0.26254 0.26254 0.26254 0.26254 0.26254 0.26254 0.26254 0.26254 0.26254 0.26254 0.26254 0.26254 0.26254 0.26254
0.75658 0.75658 0.75658 0.75658 0.75658 0.75658 0.75658 0.75658 0.75658 0.75658 0.75658 0.75658 0.75658 0.75658 0.75658 0.75658 0.75658 0.75658 0.75658 0.75658 0.75658 0.75658 0.75658 0.75658 0.75658
3.5286 3.5286 3.5286 3.5286 3.5286 3.5286 3.5286 3.5286 3.5286 3.5286 3.5286 3.5286 3.5286 3.5286 3.5286 3.5286 3.5286 3.5286 3.5286 3.5286 3.5286 3.5286 3.5286 3.5286 3.5286
24.834 24.834 24.834 24.834 24.834 24.834 24.834 24.834 24.834 24.834 24.834 24.834 24.834 24.834 24.834 24.834 24.834 24.834 24.834 24.834 24.834 24.834 24.834 24.834 24.834
0.043673 0.043673 0.043673 0.043673 0.043673 0.043673 0.043673 0.043673 0.043673 0.043673 0.043673 0.043673 0.043673 0.043673 0.043673 0.043673 0.043673 0.043673 0.043673 0.043673 0.043673 0.043673 0.043673 0.043673 0.043673
-24.942 -24.942 -24.942 -24.942 -24.942 -24.942 -24.942 -24.942 -24.942 -24.942 -24.942 -24.942 -24.942 -24.942 -24.942 -24.942 -24.942 -24.942 -24.942 -24.942 -24.942 -24.942 -24.942 -24.942 -24.942
-3.5594 -3.5594 -3.5594 -3.5594 -3.5594 -3.5594 -3.5594 -3.5594 -3.5594 -3.5594 -3.5594 -3.5594 -3.5594 -3.5594 -3.5594 -3.5594 -3.5594 -3.5594 -3.5594 -3.5594 -3.5594 -3.5594 -3.5594 -3.5594 -3.5594
-0.78247 -0.78247 -0.78247 -0.78247 -0.78247 -0.78247 -0.78247 -0.78247 -0.78247 -0.78247 -0.78247 -0.78247 -0.78247 -0.78247 -0.78247 -0.78247 -0.78247 -0.78247 -0.78247 -0.78247 -0.78247 -0.78247 -0.78247 -0.78247 -0.78247
-0.33474 -0.33474 -0.33474 -0.33474 -0.33474 -0.33474 -0.33474 -0.33474 -0.33474 -0.33474 -0.33474 -0.33474 -0.33474 -0.33474 -0.33474 -0.33474 -0.33474 -0.33474 -0.33474 -0.33474 -0.33474 -0.33474 -0.33474 -0.33474 -0.33474
-0.12648 -0.12648 -0.12648 -0.12648 -0.12648 -0.12648 -0.12648 -0.12648 -0.12648 -0.12648 -0.12648 -0.12648 -0.12648 -0.12648 -0.12648 -0.12648 -0.12648 -0.12648 -0.12648 -0.12648 -0.12648 -0.12648 -0.12648 -0.12648 -0.12648
-0.065194 -0.065194 -0.065194 -0.065194 -0.065194 -0.065194 -0.065194 -0.065194 -0.065194 -0.065194 -0.065194 -0.065194 -0.065194 -0.065194 -0.065194 -0.065194 -0.065194 -0.065194 -0.065194 -0.065194 -0.065194 -0.065194 -0.065194 -0.065194 -0.065194
0.27183 0.27183 0.27183 0.27183 0.27183 0.27183 0.27183 0.27183 0.27183 0.27183 0.27183 0.27183 0.27183 0.27183 0.27183 0.27183 0.27183 0.27183 0.27183 0.27183 0.27183 0.27183 0.27183 0.27183 0.27183
0.76258 0.76258 0.76258 0.76258 0.76258 0.76258 0.76258 0.76258 0.76258 0.76258 0.76258 0.76258 0.76258 0.76258 0.76258 0.76258 0.76258 0.76258 0.76258 0.76258 0.76258 0.76258 0.76258 0.76258 0.76258
2.4635 2.4635 2.4635 2.4635 2.4635 2.4635 2.4635 2.4635 2.4635 2.4635 2.4635 2.4635 2.4635 2.4635 2.4635 2.4635 2.4635 2.4635 2.4635 2.4635 2.4635 2.4635 2.4635 2.4635 2.4635
5.711 5.711 5.711 5.711 5.711 5.711 5.711 5.711 5.711 5.711 5.711 5.711 5.711 5.711 5.711 5.711 5.711 5.711 5.711 5.711 5.711 5.711 5.711 5.711 5.711
-0.012384 -0.012384 -0.012384 -0.012384 -0.012384 -0.012384 -0.012384 -0.012384 -0.012384 -0.012384 -0.012384 -0.012384 -0.012384 -0.012384 -0.012384 -0.012384 -0.012384 -0.012384 -0.012384 -0.012384 -0.012384 -0.012384 -0.012384 -0.012384 -0.012384
-5.7864 -5.7864 -5.7864 -5.7864 -5.7864 -5.7864 -5.7864 -5.7864 -5.7864 -5.7864 -5.7864 -5.7864 -5.7864 -5.7864 -5.7864 -5.7864 -5.7864 -5.7864 -5.7864 -5.7864 -5.7864 -5.7864 -5.7864 -5.7864 -5.7864
-2.5049 -2.5049 -2.5049 -2.5049 -2.5049 -2.5049 -2.5049 -2.5049 -2.5049 -2.5049 -2.5049 -2.5049 -2.5049 -2.5049 -2.5049 -2.5049 -2.5049 -2.5049 -2.5049 -2.5049 -2.5049 -2.5049 -2.5049 -2.5049 -2.5049
-0.71135 -0.71135 -0.71135 -0.71135 -0.71135 -0.71135 -0.71135 -0.71135 -0.71135 -0.71135 -0.71135 -0.71135 -0.71135 -0.71135 -0.71135 -0.71135 -0.71135 -0.71135 -0.71135 -0.71135 -0.71135 -0.71135 -0.71135 -0.71135 -0.71135
-0.20844 -0.20844 -0.20844 -0.20844 -0.20844 -0.20844 -0.20844 -0.20844 -0.20844 -0.20844 -0.20844 -0.20844 -0.20844 -0.20844 -0.20844 -0.20844 -0.20844 -0.20844 -0.20844 -0.20844 -0.20844 -0.20844 -0.20844 -0.20844 -0.20844
-0.17308 -0.17308 -0.17308 -0.17308 -0.17308 -0.17308 -0.17308 -0.17308 -0.17308 -0.17308 -0.17308 -0.17308 -0.17308 -0.17308 -0.17308 -0.17308 -0.17308 -0.17308 -0.17308 -0.17308 -0.17308 -0.17308 -0.17308 -0.17308 -0.17308
-0.070395 -0.070395 -0.070395 -0.070395 -0.070395 -0.070395 -0.070395 -0.070395 -0.070395 -0.070395 -0.070395 -0.070395 -0.070395 -0.070395 -0.070395 -0.070395 -0.070395 -0.070395 -0.070395 -0.070395 -0.070395 -0.070395 -0.070395 -0.070395 -0.070395
-0.017445 -0.017445 -0.017445 -0.017445 -0.017445 -0.017445 -0.017445 -0.017445 -0.017445 -0.017445 -0.017445 -0.017445 -0.017445 -0.017445 -0.017445 -0.017445 -0.017445 -0.017445 -0.017445 -0.017445 -0.017445 -0.017445 -0.017445 -0.017445 -0.017445
0 0 0 0 0 0 0 0 0 0 0 0 0 0 0 0 0 0 0 0 0 0 0 0 0
0 0 0 0 0 0 0 0 0 0 0 0 0 0 0 0 0 0 0 0 0 0 0 0 0
0 0 0 0 0 0 0 0 0 0 0 0 0 0 0 0 0 0 0 0 0 0 0 0 0
-0 -0 -0 -0 -0 -0 -0 -0 -0 -0 -0 -0 -0 -0 -0 -0 -0 -0 -0 -0 -0 -0 -0 -0 -0
-0 -0 -0 -0 -0 -0 -0 -0 -0 -0 -0 -0 -0 -0 -0 -0 -0 -0 -0 -0 -0 -0 -0 -0 -0
-0 -0 -0 -0 -0 -0 -0 -0 -0 -0 -0 -0 -0 -0 -0 -0 -0 -0 -0 -0 -0 -0 -0 -0 -0
0 0 0 0 0 0 0 0 0 0 0 0 0 0 0 0 0 0 0 0 0 0 0 0 0
0 0 0 0 0 0 0 0 0 0 0 0 0 0 0 0 0 0 0 0 0 0 0 0 0
0 0 0 0 0 0 0 0 0 0 0 0 0 0 0 0 0 0 0 0 0 0 0 0 0
0 0 0 0 0 0 0 0 0 0 0 0 0 0 0 0 0 0 0 0 0 0 0 0 0
0 0 0 0 0 0 0 0 0 0 0 0 0 0 0 0 0 0 0 0 0 0 0 0 0
0 0 0 0 0 0 0 0 0 0 0 0 0 0 0 0 0 0 0 0 0 0 0 0 0
0 0 0 0 0 0 0 0 0 0 0 0 0 0 0 0 0 0 0 0 0 0 0 0 0
0 0 0 0 0 0 0 0 0 0 0 0 0 0 0 0 0 0 0 0 0 0 0 0 0
0 0 0 0 0 0 0 0 0 0 0 0 0 0 0 0 0 0 0 0 0 0 0 0 0
0 0 0 0 0 0 0 0 0 0 0 0 0 0 0 0 0 0 0 0 0 0 0 0 0
0 0 0 0 0 0 0 0 0 0 0 0 0 0 0 0 0 0 0 0 0 0 0 0 0
0 0 0 0 0 0 0 0 0 0 0 0 0 0 0 0 0 0 0 0 0 0 0 0 0
0 0 0 0 0 0 0 0 0 0 0 0 0 0 0 0 0 0 0 0 0 0 0 0 0
0 0 0 0 0 0 0 0 0 0 0 0 0 0 0 0 0 0 0 0 0 0 0 0 0
0 0 0 0 0 0 0 0 0 0 0 0 0 0 0 0 0 0 0 0 0 0 0 0 0
0 0 0 0 0 0 0 0 0 0 0 0 0 0 0 0 0 0 0 0 0 0 0 0 0
0 0 0 0 0 0 0 0 0 0 0 0 0 0 0 0 0 0 0 0 0 0 0 0 0
0.040269 0.040269 0.040269 0.040269 0.040269 0.040269 0.040269 0.040269 0.040269 0.040269 0.040269 0.040269 0.040269 0.040269 0.040269 0.040269 0.040269 0.040269 0.040269 0.040269 0.040269 0.040269 0.040269 0.040269 0.040269
0.48327 0.48327 0.48327 0.48327 0.48327 0.48327 0.48327 0.48327 0.48327 0.48327 0.48327 0.48327 0.48327 0.48327 0.48327 0.48327 0.48327 0.48327 0.48327 0.48327 0.48327 0.48327 0.48327 0.48327 0.48327
2.1606 2.1606 2.1606 2.1606 2.1606 2.1606 2.1606 2.1606 2.1606 2.1606 2.1606 2.1606 2.1606 2.1606 2.1606 2.1606 2.1606 2.1606 2.1606 2.1606 2.1606 2.1606 2.1606 2.1606 2.1606
9.1275 9.1275 9.1275 9.1275 9.1275 9.1275 9.1275 9.1275 9.1275 9.1275 9.1275 9.1275 9.1275 9.1275 9.1275 9.1275 9.1275 9.1275 9.1275 9.1275 9.1275 9.1275 9.1275 9.1275 9.1275
-19.43 -19.43 -19.43 -19.43 -19.43 -19.43 -19.43 -19.43 -19.43 -19.43 -19.43 -19.43 -19.43 -19.43 -19.43 -19.43 -19.43 -19.43 -19.43 -19.43 -19.43 -19.43 -19.43 -19.43 -19.43
9.1515 9.1515 9.1515 9.1515 9.1515 9.1515 9.1515 9.1515 9.1515 9.1515 9.1515 9.1515 9.1515 9.1515 9.1515 9.1515 9.1515 9.1515 9.1515 9.1515 9.1515 9.1515 9.1515 9.1515 9.1515
2.3202 2.3202 2.3202 2.3202 2.3202 2.3202 2.3202 2.3202 2.3202 2.3202 2.3202 2.3202 2.3202 2.3202 2.3202 2.3202 2.3202 2.3202 2.3202 2.3202 2.3202 2.3202 2.3202 2.3202 2.3202
0.34984 0.34984 0.34984 0.34984 0.34984 0.34984 0.34984 0.34984 0.34984 0.34984 0.34984 0.34984 0.34984 0.34984 0.34984 0.34984 0.34984 0.34984 0.34984 0.34984 0.34984 0.34984 0.34984 0.34984 0.34984
0.015922 0.015922 0.015922 0.015922 0.015922 0.015922 0.015922 0.015922 0.015922 0.015922 0.015922 0.015922 0.015922 0.015922 0.015922 0.015922 0.015922 0.015922 0.015922 0.015922 0.015922 0.015922 0.015922 0.015922 0.015922
0.026879 0.026879 0.026879 0.026879 0.026879 0.026879 0.026879 0.026879 0.026879 0.026879 0.026879 0.026879 0.026879 0.026879 0.026879 0.026879 0.026879 0.026879 0.026879 0.026879 0.026879 0.026879 0.026879 0.026879 0.026879
-0.0064477 -0.0064477 -0.0064477 -0.0064477 -0.0064477 -0.0064477 -0.0064477 -0.0064477 -0.0064477 -0.0064477 -0.0064477 -0.0064477 -0.0064477 -0.0064477 -0.0064477 -0.0064477 -0.0064477 -0.0064477 -0.0064477 -0.0064477 -0.0064477 -0.0064477 -0.0064477 -0.0064477 -0.0064477
0.058562 0.058562 0.058562 0.058562 0.058562 0.058562 0.058562 0.058562 0.058562 0.058562 0.058562 0.058562 0.058562 0.058562 0.058562 0.058562 0.058562 0.058562 0.058562 0.058562 0.058562 0.058562 0.058562 0.058562 0.058562
0.0039659 0.0039659 0.0039659 0.0039659 0.0039659 0.0039659 0.0039659 0.0039659 0.0039659 0.0039659 0.0039659 0.0039659 0.0039659 0.0039659 0.0039659 0.0039659 0.0039659 0.0039659 0.0039659 0.0039659 0.0039659 0.0039659 0.0039659 0.0039659 0.0039659
1.0516 1.0516 1.0516 1.0516 1.0516 1.0516 1.0516 1.0516 1.0516 1.0516 1.0516 1.0516 1.0516 1.0516 1.0516 1.0516 1.0516 1.0516 1.0516 1.0516 1.0516 1.0516 1.0516 1.0516 1.0516
-1.1514 -1.1514 -1.1514 -1.1514 -1.1514 -1.1514 -1.1514 -1.1514 -1.1514 -1.1514 -1.1514 -1.1514 -1.1514 -1.1514 -1.1514 -1.1514 -1.1514 -1.1514 -1.1514 -1.1514 -1.1514 -1.1514 -1.1514 -1.1514 -1.1514
-2.7332 -2.7332 -2.7332 -2.7332 -2.7332 -2.7332 -2.7332 -2.7332 -2.7332 -2.7332 -2.7332 -2.7332 -2.7332 -2.7332 -2.7332 -2.7332 -2.7332 -2.7332 -2.7332 -2.7332 -2.7332 -2.7332 -2.7332 -2.7332 -2.7332
-1.16 -1.16 -1.16 -1.16 -1.16 -1.16 -1.16 -1.16 -1.16 -1.16 -1.16 -1.16 -1.16 -1.16 -1.16 -1.16 -1.16 -1.16 -1.16 -1.16 -1.16 -1.16 -1.16 -1.16 -1.16
0.86104 0.86104 0.86104 0.86104 0.86104 0.86104 0.86104 0.86104 0.86104 0.86104 0.86104 0.86104 0.86104 0.86104 0.86104 0.86104 0.86104 0.86104 0.86104 0.86104 0.86104 0.86104 0.86104 0.86104 0.86104
0.12367 0.12367 0.12367 0.12367 0.12367 0.12367 0.12367 0.12367 0.12367 0.12367 0.12367 0.12367 0.12367 0.12367 0.12367 0.12367 0.12367 0.12367 0.12367 0.12367 0.12367 0.12367 0.12367 0.12367 0.12367
0.081375 0.081375 0.081375 0.081375 0.081375 0.081375 0.081375 0.081375 0.081375 0.081375 0.081375 0.081375 0.081375 0.081375 0.081375 0.081375 0.081375 0.081375 0.081375 0.081375 0.081375 0.081375 0.081375 0.081375 0.081375
0.0017759 0.0017759 0.0017759 0.0017759 0.0017759 0.0017759 0.0017759 0.0017759 0.0017759 0.0017759 0.0017759 0.0017759 0.0017759 0.0017759 0.0017759 0.0017759 0.0017759 0.0017759 0.0017759 0.0017759 0.0017759 0.0017759 0.0017759 0.0017759 0.0017759
0.013827 0.013827 0.013827 0.013827 0.013827 0.013827 0.013827 0.013827 0.013827 0.013827 0.013827 0.013827 0.013827 0.013827 0.013827 0.013827 0.013827 0.013827 0.013827 0.013827 0.013827 0.013827 0.013827 0.013827 0.013827
0.3803 0.3803 0.3803 0.3803 0.3803 0.3803 0.3803 0.3803 0.3803 0.3803 0.3803 0.3803 0.3803 0.3803 0.3803 0.3803 0.3803 0.3803 0.3803 0.3803 0.3803 0.3803 0.3803 0.3803 0.3803
0 0 0 0 0 0 0 0 0 0 0 0 0 0 0 0 0 0 0 0 0 0 0 0 0
0 0 0 0 0 0 0 0 0 0 0 0 0 0 0 0 0 0 0 0 0 0 0 0 0
0 0 0 0 0 0 0 0 0 0 0 0 0 0 0 0 0 0 0 0 0 0 0 0 0
-0 -0 -0 -0 -0 -0 -0 -0 -0 -0 -0 -0 -0 -0 -0 -0 -0 -0 -0 -0 -0 -0 -0 -0 -0
-0 -0 -0 -0 -0 -0 -0 -0 -0 -0 -0 -0 -0 -0 -0 -0 -0 -0 -0 -0 -0 -0 -0 -0 -0
-0 -0 -0 -0 -0 -0 -0 -0 -0 -0 -0 -0 -0 -0 -0 -0 -0 -0 -0 -0 -0 -0 -0 -0 -0
0 0 0 0 0 0 0 0 0 0 0 0 0 0 0 0 0 0 0 0 0 0 0 0 0
0 0 0 0 0 0 0 0 0 0 0 0 0 0 0 0 0 0 0 0 0 0 0 0 0
0 0 0 0 0 0 0 0 0 0 0 0 0 0 0 0 0 0 0 0 0 0 0 0 0
0 0 0 0 0 0 0 0 0 0 0 0 0 0 0 0 0 0 0 0 0 0 0 0 0
0 0 0 0 0 0 0 0 0 0 0 0 0 0 0 0 0 0 0 0 0 0 0 0 0
0 0 0 0 0 0 0 0 0 0 0 0 0 0 0 0 0 0 0 0 0 0 0 0 0
0 0 0 0 0 0 0 0 0 0 0 0 0 0 0 0 0 0 0 0 0 0 0 0 0
0 0 0 0 0 0 0 0 0 0 0 0 0 0 0 0 0 0 0 0 0 0 0 0 0
0 0 0 0 0 0 0 0 0 0 0 0 0 0 0 0 0 0 0 0 0 0 0 0 0
0 0 0 0 0 0 0 0 0 0 0 0 0 0 0 0 0 0 0 0 0 0 0 0 0
0 0 0 0 0 0 0 0 0 0 0 0 0 0 0 0 0 0 0 0 0 0 0 0 0
0 0 0 0 0 0 0 0 0 0 0 0 0 0 0 0 0 0 0 0 0 0 0 0 0
0 0 0 0 0 0 0 0 0 0 0 0 0 0 0 0 0 0 0 0 0 0 0 0 0
0 0 0 0 0 0 0 0 0 0 0 0 0 0 0 0 0 0 0 0 0 0 0 0 0
0 0 0 0 0 0 0 0 0 0 0 0 0 0 0 0 0 0 0 0 0 0 0 0 0
0 0 0 0 0 0 0 0 0 0 0 0 0 0 0 0 0 0 0 0 0 0 0 0 0
0 0 0 0 0 0 0 0 0 0 0 0 0 0 0 0 0 0 0 0 0 0 0 0 0
0 0 0 0 0 0 0 0 0 0 0 0 0 0 0 0 0 0 0 0 0 0 0 0 0
0 0 0 0 0 0 0 0 0 0 0 0 0 0 0 0 0 0 0 0 0 0 0 0 0
0 0 0 0 0 0 0 0 0 0 0 0 0 0 0 0 0 0 0 0 0 0 0 0 0
-0 -0 -0 -0 -0 -0 -0 -0 -0 -0 -0 -0 -0 -0 -0 -0 -0 -0 -0 -0 -0 -0 -0 -0 -0
-0 -0 -0 -0 -0 -0 -0 -0 -0 -0 -0 -0 -0 -0 -0 -0 -0 -0 -0 -0 -0 -0 -0 -0 -0
-0 -0 -0 -0 -0 -0 -0 -0 -0 -0 -0 -0 -0 -0 -0 -0 -0 -0 -0 -0 -0 -0 -0 -0 -0
0 0 0 0 0 0 0 0 0 0 0 0 0 0 0 0 0 0 0 0 0 0 0 0 0
0 0 0 0 0 0 0 0 0 0 0 0 0 0 0 0 0 0 0 0 0 0 0 0 0
0 0 0 0 0 0 0 0 0 0 0 0 0 0 0 0 0 0 0 0 0 0 0 0 0
0 0 0 0 0 0 0 0 0 0 0 0 0 0 0 0 0 0 0 0 0 0 0 0 0
0 0 0 0 0 0 0 0 0 0 0 0 0 0 0 0 0 0 0 0 0 0 0 0 0
0 0 0 0 0 0 0 0 0 0 0 0 0 0 0 0 0 0 0 0 0 0 0 0 0
0 0 0 0 0 0 0 0 0 0 0 0 0 0 0 0 0 0 0 0 0 0 0 0 0
0 0 0 0 0 0 0 0 0 0 0 0 0 0 0 0 0 0 0 0 0 0 0 0 0
0 0 0 0 0 0 0 0 0 0 0 0 0 0 0 0 0 0 0 0 0 0 0 0 0
0 0 0 0 0 0 0 0 0 0 0 0 0 0 0 0 0 0 0 0 0 0 0 0 0
0 0 0 0 0 0 0 0 0 0 0 0 0 0 0 0 0 0 0 0 0 0 0 0 0
0 0 0 0 0 0 0 0 0 0 0 0 0 0 0 0 0 0 0 0 0 0 0 0 0
0 0 0 0 0 0 0 0 0 0 0 0 0 0 0 0 0 0 0 0 0 0 0 0 0
0 0 0 0 0 0 0 0 0 0 0 0 0 0 0 0 0 0 0 0 0 0 0 0 0
0 0 0 0 0 0 0 0 0 0 0 0 0 0 0 0 0 0 0 0 0 0 0 0 0
0 0 0 0 0 0 0 0 0 0 0 0 0 0 0 0 0 0 0 0 0 0 0 0 0
0 0 0 0 0 0 0 0 0 0 0 0 0 0 0 0 0 0 0 0 0 0 0 0 0
0 0 0 0 0 0 0 0 0 0 0 0 0 0 0 0 0 0 0 0 0 0 0 0 0
0 0 0 0 0 0 0 0 0 0 0 0 0 0 0 0 0 0 0 0 0 0 0 0 0
0 0 0 0 0 0 0 0 0 0 0 0 0 0 0 0 0 0 0 0 0 0 0 0 0
-0 -0 -0 -0 -0 -0 -0 -0 -0 -0 -0 -0 -0 -0 -0 -0 -0 -0 -0 -0 -0 -0 -0 -0 -0
-0 -0 -0 -0 -0 -0 -0 -0 -0 -0 -0 -0 -0 -0 -0 -0 -0 -0 -0 -0 -0 -0 -0 -0 -0
-0 -0 -0 -0 -0 -0 -0 -0 -0 -0 -0 -0 -0 -0 -0 -0 -0 -0 -0 -0 -0 -0 -0 -0 -0
0 0 0 0 0 0 0 0 0 0 0 0 0 0 0 0 0 0 0 0 0 0 0 0 0
0 0 0 0 0 0 0 0 0 0 0 0 0 0 0 0 0 0 0 0 0 0 0 0 0
0 0 0 0 0 0 0 0 0 0 0 0 0 0 0 0 0 0 0 0 0 0 0 0 0
0 0 0 0 0 0 0 0 0 0 0 0 0 0 0 0 0 0 0 0 0 0 0 0 0
0 0 0 0 0 0 0 0 0 0 0 0 0 0 0 0 0 0 0 0 0 0 0 0 0
0 0 0 0 0 0 0 0 0 0 0 0 0 0 0 0 0 0 0 0 0 0 0 0 0
0 0 0 0 0 0 0 0 0 0 0 0 0 0 0 0 0 0 0 0 0 0 0 0 0
0 0 0 0 0 0 0 0 0 0 0 0 0 0 0 0 0 0 0 0 0 0 0 0 0
0 0 0 0 0 0 0 0 0 0 0 0 0 0 0 0 0 0 0 0 0 0 0 0 0
0 0 0 0 0 0 0 0 0 0 0 0 0 0 0 0 0 0 0 0 0 0 0 0 0
0 0 0 0 0 0 0 0 0 0 0 0 0 0 0 0 0 0 0 0 0 0 0 0 0
0 0 0 0 0 0 0 0 0 0 0 0 0 0 0 0 0 0 0 0 0 0 0 0 0
0 0 0 0 0 0 0 0 0 0 0 0 0 0 0 0 0 0 0 0 0 0 0 0 0
0 0 0 0 0 0 0 0 0 0 0 0 0 0 0 0 0 0 0 0 0 0 0 0 0
0 0 0 0 0 0 0 0 0 0 0 0 0 0 0 0 0 0 0 0 0 0 0 0 0
0 0 0 0 0 0 0 0 0 0 0 0 0 0 0 0 0 0 0 0 0 0 0 0 0
0 0 0 0 0 0 0 0 0 0 0 0 0 0 0 0 0 0 0 0 0 0 0 0 0
1 2 3 4 5 6 7 8 9 10 11 12 13 14 15 16 17 18 19 20 21 22 23 24 25
