57.698 57.698 57.698 57.698 57.698 57.698 57.698 57.698 57.698 57.698 57.698 57.698 57.698 57.698 57.698 57.698 57.698 57.698 57.698 57.698 57.698 57.698 57.698 57.698 57.698
87.885 87.885 87.885 87.885 87.885 87.885 87.885 87.885 87.885 87.885 87.885 87.885 87.885 87.885 87.885 87.885 87.885 87.885 87.885 87.885 87.885 87.885 87.885 87.885 87.885
198.49 198.49 198.49 198.49 198.49 198.49 198.49 198.49 198.49 198.49 198.49 198.49 198.49 198.49 198.49 198.49 198.49 198.49 198.49 198.49 198.49 198.49 198.49 198.49 198.49
-56.018 -56.018 -56.018 -56.018 -56.018 -56.018 -56.018 -56.018 -56.018 -56.018 -56.018 -56.018 -56.018 -56.018 -56.018 -56.018 -56.018 -56.018 -56.018 -56.018 -56.018 -56.018 -56.018 -56.018 -56.018
53.021 53.021 53.021 53.021 53.021 53.021 53.021 53.021 53.021 53.021 53.021 53.021 53.021 53.021 53.021 53.021 53.021 53.021 53.021 53.021 53.021 53.021 53.021 53.021 53.021
-50.683 -50.683 -50.683 -50.683 -50.683 -50.683 -50.683 -50.683 -50.683 -50.683 -50.683 -50.683 -50.683 -50.683 -50.683 -50.683 -50.683 -50.683 -50.683 -50.683 -50.683 -50.683 -50.683 -50.683 -50.683
139.11 139.11 139.11 139.11 139.11 139.11 139.11 139.11 139.11 139.11 139.11 139.11 139.11 139.11 139.11 139.11 139.11 139.11 139.11 139.11 139.11 139.11 139.11 139.11 139.11
105.22 105.22 105.22 105.22 105.22 105.22 105.22 105.22 105.22 105.22 105.22 105.22 105.22 105.22 105.22 105.22 105.22 105.22 105.22 105.22 105.22 105.22 105.22 105.22 105.22
63.911 63.911 63.911 63.911 63.911 63.911 63.911 63.911 63.911 63.911 63.911 63.911 63.911 63.911 63.911 63.911 63.911 63.911 63.911 63.911 63.911 63.911 63.911 63.911 63.911
36.685 36.685 36.685 36.685 36.685 36.685 36.685 36.685 36.685 36.685 36.685 36.685 36.685 36.685 36.685 36.685 36.685 36.685 36.685 36.685 36.685 36.685 36.685 36.685 36.685
23.348 23.348 23.348 23.348 23.348 23.348 23.348 23.348 23.348 23.348 23.348 23.348 23.348 23.348 23.348 23.348 23.348 23.348 23.348 23.348 23.348 23.348 23.348 23.348 23.348
64.308 64.308 64.308 64.308 64.308 64.308 64.308 64.308 64.308 64.308 64.308 64.308 64.308 64.308 64.308 64.308 64.308 64.308 64.308 64.308 64.308 64.308 64.308 64.308 64.308
141.89 141.89 141.89 141.89 141.89 141.89 141.89 141.89 141.89 141.89 141.89 141.89 141.89 141.89 141.89 141.89 141.89 141.89 141.89 141.89 141.89 141.89 141.89 141.89 141.89
218.4 218.4 218.4 218.4 218.4 218.4 218.4 218.4 218.4 218.4 218.4 218.4 218.4 218.4 218.4 218.4 218.4 218.4 218.4 218.4 218.4 218.4 218.4 218.4 218.4
-79.9 -79.9 -79.9 -79.9 -79.9 -79.9 -79.9 -79.9 -79.9 -79.9 -79.9 -79.9 -79.9 -79.9 -79.9 -79.9 -79.9 -79.9 -79.9 -79.9 -79.9 -79.9 -79.9 -79.9 -79.9
-211.17 -211.17 -211.17 -211.17 -211.17 -211.17 -211.17 -211.17 -211.17 -211.17 -211.17 -211.17 -211.17 -211.17 -211.17 -211.17 -211.17 -211.17 -211.17 -211.17 -211.17 -211.17 -211.17 -211.17 -211.17
-72.593 -72.593 -72.593 -72.593 -72.593 -72.593 -72.593 -72.593 -72.593 -72.593 -72.593 -72.593 -72.593 -72.593 -72.593 -72.593 -72.593 -72.593 -72.593 -72.593 -72.593 -72.593 -72.593 -72.593 -72.593
227.68 227.68 227.68 227.68 227.68 227.68 227.68 227.68 227.68 227.68 227.68 227.68 227.68 227.68 227.68 227.68 227.68 227.68 227.68 227.68 227.68 227.68 227.68 227.68 227.68
126.81 126.81 126.81 126.81 126.81 126.81 126.81 126.81 126.81 126.81 126.81 126.81 126.81 126.81 126.81 126.81 126.81 126.81 126.81 126.81 126.81 126.81 126.81 126.81 126.81
61.117 61.117 61.117 61.117 61.117 61.117 61.117 61.117 61.117 61.117 61.117 61.117 61.117 61.117 61.117 61.117 61.117 61.117 61.117 61.117 61.117 61.117 61.117 61.117 61.117
46.796 46.796 46.796 46.796 46.796 46.796 46.796 46.796 46.796 46.796 46.796 46.796 46.796 46.796 46.796 46.796 46.796 46.796 46.796 46.796 46.796 46.796 46.796 46.796 46.796
21.954 21.954 21.954 21.954 21.954 21.954 21.954 21.954 21.954 21.954 21.954 21.954 21.954 21.954 21.954 21.954 21.954 21.954 21.954 21.954 21.954 21.954 21.954 21.954 21.954
-0.48526 -0.48526 -0.48526 -0.48526 -0.48526 -0.48526 -0.48526 -0.48526 -0.48526 -0.48526 -0.48526 -0.48526 -0.48526 -0.48526 -0.48526 -0.48526 -0.48526 -0.48526 -0.48526 -0.48526 -0.48526 -0.48526 -0.48526 -0.48526 -0.48526
-6.1558 -6.1558 -6.1558 -6.1558 -6.1558 -6.1558 -6.1558 -6.1558 -6.1558 -6.1558 -6.1558 -6.1558 -6.1558 -6.1558 -6.1558 -6.1558 -6.1558 -6.1558 -6.1558 -6.1558 -6.1558 -6.1558 -6.1558 -6.1558 -6.1558
-9.7324 -9.7324 -9.7324 -9.7324 -9.7324 -9.7324 -9.7324 -9.7324 -9.7324 -9.7324 -9.7324 -9.7324 -9.7324 -9.7324 -9.7324 -9.7324 -9.7324 -9.7324 -9.7324 -9.7324 -9.7324 -9.7324 -9.7324 -9.7324 -9.7324
-22.33 -22.33 -22.33 -22.33 -22.33 -22.33 -22.33 -22.33 -22.33 -22.33 -22.33 -22.33 -22.33 -22.33 -22.33 -22.33 -22.33 -22.33 -22.33 -22.33 -22.33 -22.33 -22.33 -22.33 -22.33
-1.1601 -1.1601 -1.1601 -1.1601 -1.1601 -1.1601 -1.1601 -1.1601 -1.1601 -1.1601 -1.1601 -1.1601 -1.1601 -1.1601 -1.1601 -1.1601 -1.1601 -1.1601 -1.1601 -1.1601 -1.1601 -1.1601 -1.1601 -1.1601 -1.1601
-9.9779 -9.9779 -9.9779 -9.9779 -9.9779 -9.9779 -9.9779 -9.9779 -9.9779 -9.9779 -9.9779 -9.9779 -9.9779 -9.9779 -9.9779 -9.9779 -9.9779 -9.9779 -9.9779 -9.9779 -9.9779 -9.9779 -9.9779 -9.9779 -9.9779
-1.7823 -1.7823 -1.7823 -1.7823 -1.7823 -1.7823 -1.7823 -1.7823 -1.7823 -1.7823 -1.7823 -1.7823 -1.7823 -1.7823 -1.7823 -1.7823 -1.7823 -1.7823 -1.7823 -1.7823 -1.7823 -1.7823 -1.7823 -1.7823 -1.7823
-15.177 -15.177 -15.177 -15.177 -15.177 -15.177 -15.177 -15.177 -15.177 -15.177 -15.177 -15.177 -15.177 -15.177 -15.177 -15.177 -15.177 -15.177 -15.177 -15.177 -15.177 -15.177 -15.177 -15.177 -15.177
-10.852 -10.852 -10.852 -10.852 -10.852 -10.852 -10.852 -10.852 -10.852 -10.852 -10.852 -10.852 -10.852 -10.852 -10.852 -10.852 -10.852 -10.852 -10.852 -10.852 -10.852 -10.852 -10.852 -10.852 -10.852
-6.7523 -6.7523 -6.7523 -6.7523 -6.7523 -6.7523 -6.7523 -6.7523 -6.7523 -6.7523 -6.7523 -6.7523 -6.7523 -6.7523 -6.7523 -6.7523 -6.7523 -6.7523 -6.7523 -6.7523 -6.7523 -6.7523 -6.7523 -6.7523 -6.7523
-3.8085 -3.8085 -3.8085 -3.8085 -3.8085 -3.8085 -3.8085 -3.8085 -3.8085 -3.8085 -3.8085 -3.8085 -3.8085 -3.8085 -3.8085 -3.8085 -3.8085 -3.8085 -3.8085 -3.8085 -3.8085 -3.8085 -3.8085 -3.8085 -3.8085
-2.4278 -2.4278 -2.4278 -2.4278 -2.4278 -2.4278 -2.4278 -2.4278 -2.4278 -2.4278 -2.4278 -2.4278 -2.4278 -2.4278 -2.4278 -2.4278 -2.4278 -2.4278 -2.4278 -2.4278 -2.4278 -2.4278 -2.4278 -2.4278 -2.4278
-6.8516 -6.8516 -6.8516 -6.8516 -6.8516 -6.8516 -6.8516 -6.8516 -6.8516 -6.8516 -6.8516 -6.8516 -6.8516 -6.8516 -6.8516 -6.8516 -6.8516 -6.8516 -6.8516 -6.8516 -6.8516 -6.8516 -6.8516 -6.8516 -6.8516
-15.113 -15.113 -15.113 -15.113 -15.113 -15.113 -15.113 -15.113 -15.113 -15.113 -15.113 -15.113 -15.113 -15.113 -15.113 -15.113 -15.113 -15.113 -15.113 -15.113 -15.113 -15.113 -15.113 -15.113 -15.113
-25.106 -25.106 -25.106 -25.106 -25.106 -25.106 -25.106 -25.106 -25.106 -25.106 -25.106 -25.106 -25.106 -25.106 -25.106 -25.106 -25.106 -25.106 -25.106 -25.106 -25.106 -25.106 -25.106 -25.106 -25.106
-7.2987 -7.2987 -7.2987 -7.2987 -7.2987 -7.2987 -7.2987 -7.2987 -7.2987 -7.2987 -7.2987 -7.2987 -7.2987 -7.2987 -7.2987 -7.2987 -7.2987 -7.2987 -7.2987 -7.2987 -7.2987 -7.2987 -7.2987 -7.2987 -7.2987
11.147 11.147 11.147 11.147 11.147 11.147 11.147 11.147 11.147 11.147 11.147 11.147 11.147 11.147 11.147 11.147 11.147 11.147 11.147 11.147 11.147 11.147 11.147 11.147 11.147
-8.4212 -8.4212 -8.4212 -8.4212 -8.4212 -8.4212 -8.4212 -8.4212 -8.4212 -8.4212 -8.4212 -8.4212 -8.4212 -8.4212 -8.4212 -8.4212 -8.4212 -8.4212 -8.4212 -8.4212 -8.4212 -8.4212 -8.4212 -8.4212 -8.4212
-25.408 -25.408 -25.408 -25.408 -25.408 -25.408 -25.408 -25.408 -25.408 -25.408 -25.408 -25.408 -25.408 -25.408 -25.408 -25.408 -25.408 -25.408 -25.408 -25.408 -25.408 -25.408 -25.408 -25.408 -25.408
-13.298 -13.298 -13.298 -13.298 -13.298 -13.298 -13.298 -13.298 -13.298 -13.298 -13.298 -13.298 -13.298 -13.298 -13.298 -13.298 -13.298 -13.298 -13.298 -13.298 -13.298 -13.298 -13.298 -13.298 -13.298
-6.2807 -6.2807 -6.2807 -6.2807 -6.2807 -6.2807 -6.2807 -6.2807 -6.2807 -6.2807 -6.2807 -6.2807 -6.2807 -6.2807 -6.2807 -6.2807 -6.2807 -6.2807 -6.2807 -6.2807 -6.2807 -6.2807 -6.2807 -6.2807 -6.2807
-4.9022 -4.9022 -4.9022 -4.9022 -4.9022 -4.9022 -4.9022 -4.9022 -4.9022 -4.9022 -4.9022 -4.9022 -4.9022 -4.9022 -4.9022 -4.9022 -4.9022 -4.9022 -4.9022 -4.9022 -4.9022 -4.9022 -4.9022 -4.9022 -4.9022
-2.3292 -2.3292 -2.3292 -2.3292 -2.3292 -2.3292 -2.3292 -2.3292 -2.3292 -2.3292 -2.3292 -2.3292 -2.3292 -2.3292 -2.3292 -2.3292 -2.3292 -2.3292 -2.3292 -2.3292 -2.3292 -2.3292 -2.3292 -2.3292 -2.3292
-0.56099 -0.56099 -0.56099 -0.56099 -0.56099 -0.56099 -0.56099 -0.56099 -0.56099 -0.56099 -0.56099 -0.56099 -0.56099 -0.56099 -0.56099 -0.56099 -0.56099 -0.56099 -0.56099 -0.56099 -0.56099 -0.56099 -0.56099 -0.56099 -0.56099
-134.79 -134.79 -134.79 -134.79 -134.79 -134.79 -134.79 -134.79 -134.79 -134.79 -134.79 -134.79 -134.79 -134.79 -134.79 -134.79 -134.79 -134.79 -134.79 -134.79 -134.79 -134.79 -134.79 -134.79 -134.79
-259.93 -259.93 -259.93 -259.93 -259.93 -259.93 -259.93 -259.93 -259.93 -259.93 -259.93 -259.93 -259.93 -259.93 -259.93 -259.93 -259.93 -259.93 -259.93 -259.93 -259.93 -259.93 -259.93 -259.93 -259.93
-933.64 -933.64 -933.64 -933.64 -933.64 -933.64 -933.64 -933.64 -933.64 -933.64 -933.64 -933.64 -933.64 -933.64 -933.64 -933.64 -933.64 -933.64 -933.64 -933.64 -933.64 -933.64 -933.64 -933.64 -933.64
104.57 104.57 104.57 104.57 104.57 104.57 104.57 104.57 104.57 104.57 104.57 104.57 104.57 104.57 104.57 104.57 104.57 104.57 104.57 104.57 104.57 104.57 104.57 104.57 104.57
14.19 14.19 14.19 14.19 14.19 14.19 14.19 14.19 14.19 14.19 14.19 14.19 14.19 14.19 14.19 14.19 14.19 14.19 14.19 14.19 14.19 14.19 14.19 14.19 14.19
-125.78 -125.78 -125.78 -125.78 -125.78 -125.78 -125.78 -125.78 -125.78 -125.78 -125.78 -125.78 -125.78 -125.78 -125.78 -125.78 -125.78 -125.78 -125.78 -125.78 -125.78 -125.78 -125.78 -125.78 -125.78
1006.9 1006.9 1006.9 1006.9 1006.9 1006.9 1006.9 1006.9 1006.9 1006.9 1006.9 1006.9 1006.9 1006.9 1006.9 1006.9 1006.9 1006.9 1006.9 1006.9 1006.9 1006.9 1006.9 1006.9 1006.9
267.54 267.54 267.54 267.54 267.54 267.54 267.54 267.54 267.54 267.54 267.54 267.54 267.54 267.54 267.54 267.54 267.54 267.54 267.54 267.54 267.54 267.54 267.54 267.54 267.54
-184.67 -184.67 -184.67 -184.67 -184.67 -184.67 -184.67 -184.67 -184.67 -184.67 -184.67 -184.67 -184.67 -184.67 -184.67 -184.67 -184.67 -184.67 -184.67 -184.67 -184.67 -184.67 -184.67 -184.67 -184.67
105.69 105.69 105.69 105.69 105.69 105.69 105.69 105.69 105.69 105.69 105.69 105.69 105.69 105.69 105.69 105.69 105.69 105.69 105.69 105.69 105.69 105.69 105.69 105.69 105.69
-1.1278 -1.1278 -1.1278 -1.1278 -1.1278 -1.1278 -1.1278 -1.1278 -1.1278 -1.1278 -1.1278 -1.1278 -1.1278 -1.1278 -1.1278 -1.1278 -1.1278 -1.1278 -1.1278 -1.1278 -1.1278 -1.1278 -1.1278 -1.1278 -1.1278
-83.156 -83.156 -83.156 -83.156 -83.156 -83.156 -83.156 -83.156 -83.156 -83.156 -83.156 -83.156 -83.156 -83.156 -83.156 -83.156 -83.156 -83.156 -83.156 -83.156 -83.156 -83.156 -83.156 -83.156 -83.156
-258.2 -258.2 -258.2 -258.2 -258.2 -258.2 -258.2 -258.2 -258.2 -258.2 -258.2 -258.2 -258.2 -258.2 -258.2 -258.2 -258.2 -258.2 -258.2 -258.2 -258.2 -258.2 -258.2 -258.2 -258.2
-251.77 -251.77 -251.77 -251.77 -251.77 -251.77 -251.77 -251.77 -251.77 -251.77 -251.77 -251.77 -251.77 -251.77 -251.77 -251.77 -251.77 -251.77 -251.77 -251.77 -251.77 -251.77 -251.77 -251.77 -251.77
412.72 412.72 412.72 412.72 412.72 412.72 412.72 412.72 412.72 412.72 412.72 412.72 412.72 412.72 412.72 412.72 412.72 412.72 412.72 412.72 412.72 412.72 412.72 412.72 412.72
-57.629 -57.629 -57.629 -57.629 -57.629 -57.629 -57.629 -57.629 -57.629 -57.629 -57.629 -57.629 -57.629 -57.629 -57.629 -57.629 -57.629 -57.629 -57.629 -57.629 -57.629 -57.629 -57.629 -57.629 -57.629
-401.68 -401.68 -401.68 -401.68 -401.68 -401.68 -401.68 -401.68 -401.68 -401.68 -401.68 -401.68 -401.68 -401.68 -401.68 -401.68 -401.68 -401.68 -401.68 -401.68 -401.68 -401.68 -401.68 -401.68 -401.68
314.58 314.58 314.58 314.58 314.58 314.58 314.58 314.58 314.58 314.58 314.58 314.58 314.58 314.58 314.58 314.58 314.58 314.58 314.58 314.58 314.58 314.58 314.58 314.58 314.58
185.45 185.45 185.45 185.45 185.45 185.45 185.45 185.45 185.45 185.45 185.45 185.45 185.45 185.45 185.45 185.45 185.45 185.45 185.45 185.45 185.45 185.45 185.45 185.45 185.45
210.84 210.84 210.84 210.84 210.84 210.84 210.84 210.84 210.84 210.84 210.84 210.84 210.84 210.84 210.84 210.84 210.84 210.84 210.84 210.84 210.84 210.84 210.84 210.84 210.84
-13.637 -13.637 -13.637 -13.637 -13.637 -13.637 -13.637 -13.637 -13.637 -13.637 -13.637 -13.637 -13.637 -13.637 -13.637 -13.637 -13.637 -13.637 -13.637 -13.637 -13.637 -13.637 -13.637 -13.637 -13.637
-10.238 -10.238 -10.238 -10.238 -10.238 -10.238 -10.238 -10.238 -10.238 -10.238 -10.238 -10.238 -10.238 -10.238 -10.238 -10.238 -10.238 -10.238 -10.238 -10.238 -10.238 -10.238 -10.238 -10.238 -10.238
-0.063524 -0.063524 -0.063524 -0.063524 -0.063524 -0.063524 -0.063524 -0.063524 -0.063524 -0.063524 -0.063524 -0.063524 -0.063524 -0.063524 -0.063524 -0.063524 -0.063524 -0.063524 -0.063524 -0.063524 -0.063524 -0.063524 -0.063524 -0.063524 -0.063524
-2.5764 -2.5764 -2.5764 -2.5764 -2.5764 -2.5764 -2.5764 -2.5764 -2.5764 -2.5764 -2.5764 -2.5764 -2.5764 -2.5764 -2.5764 -2.5764 -2.5764 -2.5764 -2.5764 -2.5764 -2.5764 -2.5764 -2.5764 -2.5764 -2.5764
-3.9288 -3.9288 -3.9288 -3.9288 -3.9288 -3.9288 -3.9288 -3.9288 -3.9288 -3.9288 -3.9288 -3.9288 -3.9288 -3.9288 -3.9288 -3.9288 -3.9288 -3.9288 -3.9288 -3.9288 -3.9288 -3.9288 -3.9288 -3.9288 -3.9288
-8.8657 -8.8657 -8.8657 -8.8657 -8.8657 -8.8657 -8.8657 -8.8657 -8.8657 -8.8657 -8.8657 -8.8657 -8.8657 -8.8657 -8.8657 -8.8657 -8.8657 -8.8657 -8.8657 -8.8657 -8.8657 -8.8657 -8.8657 -8.8657 -8.8657
2.6516 2.6516 2.6516 2.6516 2.6516 2.6516 2.6516 2.6516 2.6516 2.6516 2.6516 2.6516 2.6516 2.6516 2.6516 2.6516 2.6516 2.6516 2.6516 2.6516 2.6516 2.6516 2.6516 2.6516 2.6516
-2.2238 -2.2238 -2.2238 -2.2238 -2.2238 -2.2238 -2.2238 -2.2238 -2.2238 -2.2238 -2.2238 -2.2238 -2.2238 -2.2238 -2.2238 -2.2238 -2.2238 -2.2238 -2.2238 -2.2238 -2.2238 -2.2238 -2.2238 -2.2238 -2.2238
2.4113 2.4113 2.4113 2.4113 2.4113 2.4113 2.4113 2.4113 2.4113 2.4113 2.4113 2.4113 2.4113 2.4113 2.4113 2.4113 2.4113 2.4113 2.4113 2.4113 2.4113 2.4113 2.4113 2.4113 2.4113
-6.1867 -6.1867 -6.1867 -6.1867 -6.1867 -6.1867 -6.1867 -6.1867 -6.1867 -6.1867 -6.1867 -6.1867 -6.1867 -6.1867 -6.1867 -6.1867 -6.1867 -6.1867 -6.1867 -6.1867 -6.1867 -6.1867 -6.1867 -6.1867 -6.1867
-4.6857 -4.6857 -4.6857 -4.6857 -4.6857 -4.6857 -4.6857 -4.6857 -4.6857 -4.6857 -4.6857 -4.6857 -4.6857 -4.6857 -4.6857 -4.6857 -4.6857 -4.6857 -4.6857 -4.6857 -4.6857 -4.6857 -4.6857 -4.6857 -4.6857
-2.8529 -2.8529 -2.8529 -2.8529 -2.8529 -2.8529 -2.8529 -2.8529 -2.8529 -2.8529 -2.8529 -2.8529 -2.8529 -2.8529 -2.8529 -2.8529 -2.8529 -2.8529 -2.8529 -2.8529 -2.8529 -2.8529 -2.8529 -2.8529 -2.8529
-1.6351 -1.6351 -1.6351 -1.6351 -1.6351 -1.6351 -1.6351 -1.6351 -1.6351 -1.6351 -1.6351 -1.6351 -1.6351 -1.6351 -1.6351 -1.6351 -1.6351 -1.6351 -1.6351 -1.6351 -1.6351 -1.6351 -1.6351 -1.6351 -1.6351
-1.0413 -1.0413 -1.0413 -1.0413 -1.0413 -1.0413 -1.0413 -1.0413 -1.0413 -1.0413 -1.0413 -1.0413 -1.0413 -1.0413 -1.0413 -1.0413 -1.0413 -1.0413 -1.0413 -1.0413 -1.0413 -1.0413 -1.0413 -1.0413 -1.0413
-2.8733 -2.8733 -2.8733 -2.8733 -2.8733 -2.8733 -2.8733 -2.8733 -2.8733 -2.8733 -2.8733 -2.8733 -2.8733 -2.8733 -2.8733 -2.8733 -2.8733 -2.8733 -2.8733 -2.8733 -2.8733 -2.8733 -2.8733 -2.8733 -2.8733
-6.341 -6.341 -6.341 -6.341 -6.341 -6.341 -6.341 -6.341 -6.341 -6.341 -6.341 -6.341 -6.341 -6.341 -6.341 -6.341 -6.341 -6.341 -6.341 -6.341 -6.341 -6.341 -6.341 -6.341 -6.341
-9.8045 -9.8045 -9.8045 -9.8045 -9.8045 -9.8045 -9.8045 -9.8045 -9.8045 -9.8045 -9.8045 -9.8045 -9.8045 -9.8045 -9.8045 -9.8045 -9.8045 -9.8045 -9.8045 -9.8045 -9.8045 -9.8045 -9.8045 -9.8045 -9.8045
3.1874 3.1874 3.1874 3.1874 3.1874 3.1874 3.1874 3.1874 3.1874 3.1874 3.1874 3.1874 3.1874 3.1874 3.1874 3.1874 3.1874 3.1874 3.1874 3.1874 3.1874 3.1874 3.1874 3.1874 3.1874
9.1614 9.1614 9.1614 9.1614 9.1614 9.1614 9.1614 9.1614 9.1614 9.1614 9.1614 9.1614 9.1614 9.1614 9.1614 9.1614 9.1614 9.1614 9.1614 9.1614 9.1614 9.1614 9.1614 9.1614 9.1614
2.8504 2.8504 2.8504 2.8504 2.8504 2.8504 2.8504 2.8504 2.8504 2.8504 2.8504 2.8504 2.8504 2.8504 2.8504 2.8504 2.8504 2.8504 2.8504 2.8504 2.8504 2.8504 2.8504 2.8504 2.8504
-10.202 -10.202 -10.202 -10.202 -10.202 -10.202 -10.202 -10.202 -10.202 -10.202 -10.202 -10.202 -10.202 -10.202 -10.202 -10.202 -10.202 -10.202 -10.202 -10.202 -10.202 -10.202 -10.202 -10.202 -10.202
-5.6609 -5.6609 -5.6609 -5.6609 -5.6609 -5.6609 -5.6609 -5.6609 -5.6609 -5.6609 -5.6609 -5.6609 -5.6609 -5.6609 -5.6609 -5.6609 -5.6609 -5.6609 -5.6609 -5.6609 -5.6609 -5.6609 -5.6609 -5.6609 -5.6609
-2.7245 -2.7245 -2.7245 -2.7245 -2.7245 -2.7245 -2.7245 -2.7245 -2.7245 -2.7245 -2.7245 -2.7245 -2.7245 -2.7245 -2.7245 -2.7245 -2.7245 -2.7245 -2.7245 -2.7245 -2.7245 -2.7245 -2.7245 -2.7245 -2.7245
-2.0886 -2.0886 -2.0886 -2.0886 -2.0886 -2.0886 -2.0886 -2.0886 -2.0886 -2.0886 -2.0886 -2.0886 -2.0886 -2.0886 -2.0886 -2.0886 -2.0886 -2.0886 -2.0886 -2.0886 -2.0886 -2.0886 -2.0886 -2.0886 -2.0886
-0.98042 -0.98042 -0.98042 -0.98042 -0.98042 -0.98042 -0.98042 -0.98042 -0.98042 -0.98042 -0.98042 -0.98042 -0.98042 -0.98042 -0.98042 -0.98042 -0.98042 -0.98042 -0.98042 -0.98042 -0.98042 -0.98042 -0.98042 -0.98042 -0.98042
-0.0014469 -0.0014469 -0.0014469 -0.0014469 -0.0014469 -0.0014469 -0.0014469 -0.0014469 -0.0014469 -0.0014469 -0.0014469 -0.0014469 -0.0014469 -0.0014469 -0.0014469 -0.0014469 -0.0014469 -0.0014469 -0.0014469 -0.0014469 -0.0014469 -0.0014469 -0.0014469 -0.0014469 -0.0014469
-0.26709 -0.26709 -0.26709 -0.26709 -0.26709 -0.26709 -0.26709 -0.26709 -0.26709 -0.26709 -0.26709 -0.26709 -0.26709 -0.26709 -0.26709 -0.26709 -0.26709 -0.26709 -0.26709 -0.26709 -0.26709 -0.26709 -0.26709 -0.26709 -0.26709
-0.27455 -0.27455 -0.27455 -0.27455 -0.27455 -0.27455 -0.27455 -0.27455 -0.27455 -0.27455 -0.27455 -0.27455 -0.27455 -0.27455 -0.27455 -0.27455 -0.27455 -0.27455 -0.27455 -0.27455 -0.27455 -0.27455 -0.27455 -0.27455 -0.27455
-1.1703 -1.1703 -1.1703 -1.1703 -1.1703 -1.1703 -1.1703 -1.1703 -1.1703 -1.1703 -1.1703 -1.1703 -1.1703 -1.1703 -1.1703 -1.1703 -1.1703 -1.1703 -1.1703 -1.1703 -1.1703 -1.1703 -1.1703 -1.1703 -1.1703
8.4034 8.4034 8.4034 8.4034 8.4034 8.4034 8.4034 8.4034 8.4034 8.4034 8.4034 8.4034 8.4034 8.4034 8.4034 8.4034 8.4034 8.4034 8.4034 8.4034 8.4034 8.4034 8.4034 8.4034 8.4034
-19.575 -19.575 -19.575 -19.575 -19.575 -19.575 -19.575 -19.575 -19.575 -19.575 -19.575 -19.575 -19.575 -19.575 -19.575 -19.575 -19.575 -19.575 -19.575 -19.575 -19.575 -19.575 -19.575 -19.575 -19.575
7.5203 7.5203 7.5203 7.5203 7.5203 7.5203 7.5203 7.5203 7.5203 7.5203 7.5203 7.5203 7.5203 7.5203 7.5203 7.5203 7.5203 7.5203 7.5203 7.5203 7.5203 7.5203 7.5203 7.5203 7.5203
7.6004 7.6004 7.6004 7.6004 7.6004 7.6004 7.6004 7.6004 7.6004 7.6004 7.6004 7.6004 7.6004 7.6004 7.6004 7.6004 7.6004 7.6004 7.6004 7.6004 7.6004 7.6004 7.6004 7.6004 7.6004
2.1659 2.1659 2.1659 2.1659 2.1659 2.1659 2.1659 2.1659 2.1659 2.1659 2.1659 2.1659 2.1659 2.1659 2.1659 2.1659 2.1659 2.1659 2.1659 2.1659 2.1659 2.1659 2.1659 2.1659 2.1659
-0.46324 -0.46324 -0.46324 -0.46324 -0.46324 -0.46324 -0.46324 -0.46324 -0.46324 -0.46324 -0.46324 -0.46324 -0.46324 -0.46324 -0.46324 -0.46324 -0.46324 -0.46324 -0.46324 -0.46324 -0.46324 -0.46324 -0.46324 -0.46324 -0.46324
0.71194 0.71194 0.71194 0.71194 0.71194 0.71194 0.71194 0.71194 0.71194 0.71194 0.71194 0.71194 0.71194 0.71194 0.71194 0.71194 0.71194 0.71194 0.71194 0.71194 0.71194 0.71194 0.71194 0.71194 0.71194
0.12044 0.12044 0.12044 0.12044 0.12044 0.12044 0.12044 0.12044 0.12044 0.12044 0.12044 0.12044 0.12044 0.12044 0.12044 0.12044 0.12044 0.12044 0.12044 0.12044 0.12044 0.12044 0.12044 0.12044 0.12044
0.018801 0.018801 0.018801 0.018801 0.018801 0.018801 0.018801 0.018801 0.018801 0.018801 0.018801 0.018801 0.018801 0.018801 0.018801 0.018801 0.018801 0.018801 0.018801 0.018801 0.018801 0.018801 0.018801 0.018801 0.018801
-0.42552 -0.42552 -0.42552 -0.42552 -0.42552 -0.42552 -0.42552 -0.42552 -0.42552 -0.42552 -0.42552 -0.42552 -0.42552 -0.42552 -0.42552 -0.42552 -0.42552 -0.42552 -0.42552 -0.42552 -0.42552 -0.42552 -0.42552 -0.42552 -0.42552
0.81747 0.81747 0.81747 0.81747 0.81747 0.81747 0.81747 0.81747 0.81747 0.81747 0.81747 0.81747 0.81747 0.81747 0.81747 0.81747 0.81747 0.81747 0.81747 0.81747 0.81747 0.81747 0.81747 0.81747 0.81747
-1.465 -1.465 -1.465 -1.465 -1.465 -1.465 -1.465 -1.465 -1.465 -1.465 -1.465 -1.465 -1.465 -1.465 -1.465 -1.465 -1.465 -1.465 -1.465 -1.465 -1.465 -1.465 -1.465 -1.465 -1.465
-5.2165 -5.2165 -5.2165 -5.2165 -5.2165 -5.2165 -5.2165 -5.2165 -5.2165 -5.2165 -5.2165 -5.2165 -5.2165 -5.2165 -5.2165 -5.2165 -5.2165 -5.2165 -5.2165 -5.2165 -5.2165 -5.2165 -5.2165 -5.2165 -5.2165
-4.7008 -4.7008 -4.7008 -4.7008 -4.7008 -4.7008 -4.7008 -4.7008 -4.7008 -4.7008 -4.7008 -4.7008 -4.7008 -4.7008 -4.7008 -4.7008 -4.7008 -4.7008 -4.7008 -4.7008 -4.7008 -4.7008 -4.7008 -4.7008 -4.7008
3.4725 3.4725 3.4725 3.4725 3.4725 3.4725 3.4725 3.4725 3.4725 3.4725 3.4725 3.4725 3.4725 3.4725 3.4725 3.4725 3.4725 3.4725 3.4725 3.4725 3.4725 3.4725 3.4725 3.4725 3.4725
1.6818 1.6818 1.6818 1.6818 1.6818 1.6818 1.6818 1.6818 1.6818 1.6818 1.6818 1.6818 1.6818 1.6818 1.6818 1.6818 1.6818 1.6818 1.6818 1.6818 1.6818 1.6818 1.6818 1.6818 1.6818
1.3883 1.3883 1.3883 1.3883 1.3883 1.3883 1.3883 1.3883 1.3883 1.3883 1.3883 1.3883 1.3883 1.3883 1.3883 1.3883 1.3883 1.3883 1.3883 1.3883 1.3883 1.3883 1.3883 1.3883 1.3883
0.20315 0.20315 0.20315 0.20315 0.20315 0.20315 0.20315 0.20315 0.20315 0.20315 0.20315 0.20315 0.20315 0.20315 0.20315 0.20315 0.20315 0.20315 0.20315 0.20315 0.20315 0.20315 0.20315 0.20315 0.20315
0.087736 0.087736 0.087736 0.087736 0.087736 0.087736 0.087736 0.087736 0.087736 0.087736 0.087736 0.087736 0.087736 0.087736 0.087736 0.087736 0.087736 0.087736 0.087736 0.087736 0.087736 0.087736 0.087736 0.087736 0.087736
-0.060199 -0.060199 -0.060199 -0.060199 -0.060199 -0.060199 -0.060199 -0.060199 -0.060199 -0.060199 -0.060199 -0.060199 -0.060199 -0.060199 -0.060199 -0.060199 -0.060199 -0.060199 -0.060199 -0.060199 -0.060199 -0.060199 -0.060199 -0.060199 -0.060199
3.8712 3.8712 3.8712 3.8712 3.8712 3.8712 3.8712 3.8712 3.8712 3.8712 3.8712 3.8712 3.8712 3.8712 3.8712 3.8712 3.8712 3.8712 3.8712 3.8712 3.8712 3.8712 3.8712 3.8712 3.8712
5.9 5.9 5.9 5.9 5.9 5.9 5.9 5.9 5.9 5.9 5.9 5.9 5.9 5.9 5.9 5.9 5.9 5.9 5.9 5.9 5.9 5.9 5.9 5.9 5.9
13.313 13.313 13.313 13.313 13.313 13.313 13.313 13.313 13.313 13.313 13.313 13.313 13.313 13.313 13.313 13.313 13.313 13.313 13.313 13.313 13.313 13.313 13.313 13.313 13.313
-4.0704 -4.0704 -4.0704 -4.0704 -4.0704 -4.0704 -4.0704 -4.0704 -4.0704 -4.0704 -4.0704 -4.0704 -4.0704 -4.0704 -4.0704 -4.0704 -4.0704 -4.0704 -4.0704 -4.0704 -4.0704 -4.0704 -4.0704 -4.0704 -4.0704
3.2905 3.2905 3.2905 3.2905 3.2905 3.2905 3.2905 3.2905 3.2905 3.2905 3.2905 3.2905 3.2905 3.2905 3.2905 3.2905 3.2905 3.2905 3.2905 3.2905 3.2905 3.2905 3.2905 3.2905 3.2905
-3.708 -3.708 -3.708 -3.708 -3.708 -3.708 -3.708 -3.708 -3.708 -3.708 -3.708 -3.708 -3.708 -3.708 -3.708 -3.708 -3.708 -3.708 -3.708 -3.708 -3.708 -3.708 -3.708 -3.708 -3.708
9.278 9.278 9.278 9.278 9.278 9.278 9.278 9.278 9.278 9.278 9.278 9.278 9.278 9.278 9.278 9.278 9.278 9.278 9.278 9.278 9.278 9.278 9.278 9.278 9.278
7.0393 7.0393 7.0393 7.0393 7.0393 7.0393 7.0393 7.0393 7.0393 7.0393 7.0393 7.0393 7.0393 7.0393 7.0393 7.0393 7.0393 7.0393 7.0393 7.0393 7.0393 7.0393 7.0393 7.0393 7.0393
4.2877 4.2877 4.2877 4.2877 4.2877 4.2877 4.2877 4.2877 4.2877 4.2877 4.2877 4.2877 4.2877 4.2877 4.2877 4.2877 4.2877 4.2877 4.2877 4.2877 4.2877 4.2877 4.2877 4.2877 4.2877
2.4562 2.4562 2.4562 2.4562 2.4562 2.4562 2.4562 2.4562 2.4562 2.4562 2.4562 2.4562 2.4562 2.4562 2.4562 2.4562 2.4562 2.4562 2.4562 2.4562 2.4562 2.4562 2.4562 2.4562 2.4562
1.5648 1.5648 1.5648 1.5648 1.5648 1.5648 1.5648 1.5648 1.5648 1.5648 1.5648 1.5648 1.5648 1.5648 1.5648 1.5648 1.5648 1.5648 1.5648 1.5648 1.5648 1.5648 1.5648 1.5648 1.5648
4.3168 4.3168 4.3168 4.3168 4.3168 4.3168 4.3168 4.3168 4.3168 4.3168 4.3168 4.3168 4.3168 4.3168 4.3168 4.3168 4.3168 4.3168 4.3168 4.3168 4.3168 4.3168 4.3168 4.3168 4.3168
9.5276 9.5276 9.5276 9.5276 9.5276 9.5276 9.5276 9.5276 9.5276 9.5276 9.5276 9.5276 9.5276 9.5276 9.5276 9.5276 9.5276 9.5276 9.5276 9.5276 9.5276 9.5276 9.5276 9.5276 9.5276
14.711 14.711 14.711 14.711 14.711 14.711 14.711 14.711 14.711 14.711 14.711 14.711 14.711 14.711 14.711 14.711 14.711 14.711 14.711 14.711 14.711 14.711 14.711 14.711 14.711
-4.9564 -4.9564 -4.9564 -4.9564 -4.9564 -4.9564 -4.9564 -4.9564 -4.9564 -4.9564 -4.9564 -4.9564 -4.9564 -4.9564 -4.9564 -4.9564 -4.9564 -4.9564 -4.9564 -4.9564 -4.9564 -4.9564 -4.9564 -4.9564 -4.9564
-13.879 -13.879 -13.879 -13.879 -13.879 -13.879 -13.879 -13.879 -13.879 -13.879 -13.879 -13.879 -13.879 -13.879 -13.879 -13.879 -13.879 -13.879 -13.879 -13.879 -13.879 -13.879 -13.879 -13.879 -13.879
-4.4468 -4.4468 -4.4468 -4.4468 -4.4468 -4.4468 -4.4468 -4.4468 -4.4468 -4.4468 -4.4468 -4.4468 -4.4468 -4.4468 -4.4468 -4.4468 -4.4468 -4.4468 -4.4468 -4.4468 -4.4468 -4.4468 -4.4468 -4.4468 -4.4468
15.309 15.309 15.309 15.309 15.309 15.309 15.309 15.309 15.309 15.309 15.309 15.309 15.309 15.309 15.309 15.309 15.309 15.309 15.309 15.309 15.309 15.309 15.309 15.309 15.309
8.5037 8.5037 8.5037 8.5037 8.5037 8.5037 8.5037 8.5037 8.5037 8.5037 8.5037 8.5037 8.5037 8.5037 8.5037 8.5037 8.5037 8.5037 8.5037 8.5037 8.5037 8.5037 8.5037 8.5037 8.5037
4.0929 4.0929 4.0929 4.0929 4.0929 4.0929 4.0929 4.0929 4.0929 4.0929 4.0929 4.0929 4.0929 4.0929 4.0929 4.0929 4.0929 4.0929 4.0929 4.0929 4.0929 4.0929 4.0929 4.0929 4.0929
3.1384 3.1384 3.1384 3.1384 3.1384 3.1384 3.1384 3.1384 3.1384 3.1384 3.1384 3.1384 3.1384 3.1384 3.1384 3.1384 3.1384 3.1384 3.1384 3.1384 3.1384 3.1384 3.1384 3.1384 3.1384
1.4729 1.4729 1.4729 1.4729 1.4729 1.4729 1.4729 1.4729 1.4729 1.4729 1.4729 1.4729 1.4729 1.4729 1.4729 1.4729 1.4729 1.4729 1.4729 1.4729 1.4729 1.4729 1.4729 1.4729 1.4729
-0.044001 -0.044001 -0.044001 -0.044001 -0.044001 -0.044001 -0.044001 -0.044001 -0.044001 -0.044001 -0.044001 -0.044001 -0.044001 -0.044001 -0.044001 -0.044001 -0.044001 -0.044001 -0.044001 -0.044001 -0.044001 -0.044001 -0.044001 -0.044001 -0.044001
-14.514 -14.514 -14.514 -14.514 -14.514 -14.514 -14.514 -14.514 -14.514 -14.514 -14.514 -14.514 -14.514 -14.514 -14.514 -14.514 -14.514 -14.514 -14.514 -14.514 -14.514 -14.514 -14.514 -14.514 -14.514
-28.093 -28.093 -28.093 -28.093 -28.093 -28.093 -28.093 -28.093 -28.093 -28.093 -28.093 -28.093 -28.093 -28.093 -28.093 -28.093 -28.093 -28.093 -28.093 -28.093 -28.093 -28.093 -28.093 -28.093 -28.093
-100.77 -100.77 -100.77 -100.77 -100.77 -100.77 -100.77 -100.77 -100.77 -100.77 -100.77 -100.77 -100.77 -100.77 -100.77 -100.77 -100.77 -100.77 -100.77 -100.77 -100.77 -100.77 -100.77 -100.77 -100.77
9.9062 9.9062 9.9062 9.9062 9.9062 9.9062 9.9062 9.9062 9.9062 9.9062 9.9062 9.9062 9.9062 9.9062 9.9062 9.9062 9.9062 9.9062 9.9062 9.9062 9.9062 9.9062 9.9062 9.9062 9.9062
1.5209 1.5209 1.5209 1.5209 1.5209 1.5209 1.5209 1.5209 1.5209 1.5209 1.5209 1.5209 1.5209 1.5209 1.5209 1.5209 1.5209 1.5209 1.5209 1.5209 1.5209 1.5209 1.5209 1.5209 1.5209
-12.209 -12.209 -12.209 -12.209 -12.209 -12.209 -12.209 -12.209 -12.209 -12.209 -12.209 -12.209 -12.209 -12.209 -12.209 -12.209 -12.209 -12.209 -12.209 -12.209 -12.209 -12.209 -12.209 -12.209 -12.209
108.75 108.75 108.75 108.75 108.75 108.75 108.75 108.75 108.75 108.75 108.75 108.75 108.75 108.75 108.75 108.75 108.75 108.75 108.75 108.75 108.75 108.75 108.75 108.75 108.75
28.99 28.99 28.99 28.99 28.99 28.99 28.99 28.99 28.99 28.99 28.99 28.99 28.99 28.99 28.99 28.99 28.99 28.99 28.99 28.99 28.99 28.99 28.99 28.99 28.99
-19.513 -19.513 -19.513 -19.513 -19.513 -19.513 -19.513 -19.513 -19.513 -19.513 -19.513 -19.513 -19.513 -19.513 -19.513 -19.513 -19.513 -19.513 -19.513 -19.513 -19.513 -19.513 -19.513 -19.513 -19.513
11.379 11.379 11.379 11.379 11.379 11.379 11.379 11.379 11.379 11.379 11.379 11.379 11.379 11.379 11.379 11.379 11.379 11.379 11.379 11.379 11.379 11.379 11.379 11.379 11.379
-0.072152 -0.072152 -0.072152 -0.072152 -0.072152 -0.072152 -0.072152 -0.072152 -0.072152 -0.072152 -0.072152 -0.072152 -0.072152 -0.072152 -0.072152 -0.072152 -0.072152 -0.072152 -0.072152 -0.072152 -0.072152 -0.072152 -0.072152 -0.072152 -0.072152
-9.0521 -9.0521 -9.0521 -9.0521 -9.0521 -9.0521 -9.0521 -9.0521 -9.0521 -9.0521 -9.0521 -9.0521 -9.0521 -9.0521 -9.0521 -9.0521 -9.0521 -9.0521 -9.0521 -9.0521 -9.0521 -9.0521 -9.0521 -9.0521 -9.0521
-28.095 -28.095 -28.095 -28.095 -28.095 -28.095 -28.095 -28.095 -28.095 -28.095 -28.095 -28.095 -28.095 -28.095 -28.095 -28.095 -28.095 -28.095 -28.095 -28.095 -28.095 -28.095 -28.095 -28.095 -28.095
-28.903 -28.903 -28.903 -28.903 -28.903 -28.903 -28.903 -28.903 -28.903 -28.903 -28.903 -28.903 -28.903 -28.903 -28.903 -28.903 -28.903 -28.903 -28.903 -28.903 -28.903 -28.903 -28.903 -28.903 -28.903
38.688 38.688 38.688 38.688 38.688 38.688 38.688 38.688 38.688 38.688 38.688 38.688 38.688 38.688 38.688 38.688 38.688 38.688 38.688 38.688 38.688 38.688 38.688 38.688 38.688
-6.2493 -6.2493 -6.2493 -6.2493 -6.2493 -6.2493 -6.2493 -6.2493 -6.2493 -6.2493 -6.2493 -6.2493 -6.2493 -6.2493 -6.2493 -6.2493 -6.2493 -6.2493 -6.2493 -6.2493 -6.2493 -6.2493 -6.2493 -6.2493 -6.2493
-37.585 -37.585 -37.585 -37.585 -37.585 -37.585 -37.585 -37.585 -37.585 -37.585 -37.585 -37.585 -37.585 -37.585 -37.585 -37.585 -37.585 -37.585 -37.585 -37.585 -37.585 -37.585 -37.585 -37.585 -37.585
35.81 35.81 35.81 35.81 35.81 35.81 35.81 35.81 35.81 35.81 35.81 35.81 35.81 35.81 35.81 35.81 35.81 35.81 35.81 35.81 35.81 35.81 35.81 35.81 35.81
20.421 20.421 20.421 20.421 20.421 20.421 20.421 20.421 20.421 20.421 20.421 20.421 20.421 20.421 20.421 20.421 20.421 20.421 20.421 20.421 20.421 20.421 20.421 20.421 20.421
22.713 22.713 22.713 22.713 22.713 22.713 22.713 22.713 22.713 22.713 22.713 22.713 22.713 22.713 22.713 22.713 22.713 22.713 22.713 22.713 22.713 22.713 22.713 22.713 22.713
-1.3207 -1.3207 -1.3207 -1.3207 -1.3207 -1.3207 -1.3207 -1.3207 -1.3207 -1.3207 -1.3207 -1.3207 -1.3207 -1.3207 -1.3207 -1.3207 -1.3207 -1.3207 -1.3207 -1.3207 -1.3207 -1.3207 -1.3207 -1.3207 -1.3207
-1.0372 -1.0372 -1.0372 -1.0372 -1.0372 -1.0372 -1.0372 -1.0372 -1.0372 -1.0372 -1.0372 -1.0372 -1.0372 -1.0372 -1.0372 -1.0372 -1.0372 -1.0372 -1.0372 -1.0372 -1.0372 -1.0372 -1.0372 -1.0372 -1.0372
-0.0071942 -0.0071942 -0.0071942 -0.0071942 -0.0071942 -0.0071942 -0.0071942 -0.0071942 -0.0071942 -0.0071942 -0.0071942 -0.0071942 -0.0071942 -0.0071942 -0.0071942 -0.0071942 -0.0071942 -0.0071942 -0.0071942 -0.0071942 -0.0071942 -0.0071942 -0.0071942 -0.0071942 -0.0071942
1.8028 1.8028 1.8028 1.8028 1.8028 1.8028 1.8028 1.8028 1.8028 1.8028 1.8028 1.8028 1.8028 1.8028 1.8028 1.8028 1.8028 1.8028 1.8028 1.8028 1.8028 1.8028 1.8028 1.8028 1.8028
3.4538 3.4538 3.4538 3.4538 3.4538 3.4538 3.4538 3.4538 3.4538 3.4538 3.4538 3.4538 3.4538 3.4538 3.4538 3.4538 3.4538 3.4538 3.4538 3.4538 3.4538 3.4538 3.4538 3.4538 3.4538
12.507 12.507 12.507 12.507 12.507 12.507 12.507 12.507 12.507 12.507 12.507 12.507 12.507 12.507 12.507 12.507 12.507 12.507 12.507 12.507 12.507 12.507 12.507 12.507 12.507
-0.56785 -0.56785 -0.56785 -0.56785 -0.56785 -0.56785 -0.56785 -0.56785 -0.56785 -0.56785 -0.56785 -0.56785 -0.56785 -0.56785 -0.56785 -0.56785 -0.56785 -0.56785 -0.56785 -0.56785 -0.56785 -0.56785 -0.56785 -0.56785 -0.56785
-0.19208 -0.19208 -0.19208 -0.19208 -0.19208 -0.19208 -0.19208 -0.19208 -0.19208 -0.19208 -0.19208 -0.19208 -0.19208 -0.19208 -0.19208 -0.19208 -0.19208 -0.19208 -0.19208 -0.19208 -0.19208 -0.19208 -0.19208 -0.19208 -0.19208
0.85038 0.85038 0.85038 0.85038 0.85038 0.85038 0.85038 0.85038 0.85038 0.85038 0.85038 0.85038 0.85038 0.85038 0.85038 0.85038 0.85038 0.85038 0.85038 0.85038 0.85038 0.85038 0.85038 0.85038 0.85038
-13.477 -13.477 -13.477 -13.477 -13.477 -13.477 -13.477 -13.477 -13.477 -13.477 -13.477 -13.477 -13.477 -13.477 -13.477 -13.477 -13.477 -13.477 -13.477 -13.477 -13.477 -13.477 -13.477 -13.477 -13.477
-3.5434 -3.5434 -3.5434 -3.5434 -3.5434 -3.5434 -3.5434 -3.5434 -3.5434 -3.5434 -3.5434 -3.5434 -3.5434 -3.5434 -3.5434 -3.5434 -3.5434 -3.5434 -3.5434 -3.5434 -3.5434 -3.5434 -3.5434 -3.5434 -3.5434
2.5716 2.5716 2.5716 2.5716 2.5716 2.5716 2.5716 2.5716 2.5716 2.5716 2.5716 2.5716 2.5716 2.5716 2.5716 2.5716 2.5716 2.5716 2.5716 2.5716 2.5716 2.5716 2.5716 2.5716 2.5716
-1.4166 -1.4166 -1.4166 -1.4166 -1.4166 -1.4166 -1.4166 -1.4166 -1.4166 -1.4166 -1.4166 -1.4166 -1.4166 -1.4166 -1.4166 -1.4166 -1.4166 -1.4166 -1.4166 -1.4166 -1.4166 -1.4166 -1.4166 -1.4166 -1.4166
0.027796 0.027796 0.027796 0.027796 0.027796 0.027796 0.027796 0.027796 0.027796 0.027796 0.027796 0.027796 0.027796 0.027796 0.027796 0.027796 0.027796 0.027796 0.027796 0.027796 0.027796 0.027796 0.027796 0.027796 0.027796
1.0796 1.0796 1.0796 1.0796 1.0796 1.0796 1.0796 1.0796 1.0796 1.0796 1.0796 1.0796 1.0796 1.0796 1.0796 1.0796 1.0796 1.0796 1.0796 1.0796 1.0796 1.0796 1.0796 1.0796 1.0796
3.3568 3.3568 3.3568 3.3568 3.3568 3.3568 3.3568 3.3568 3.3568 3.3568 3.3568 3.3568 3.3568 3.3568 3.3568 3.3568 3.3568 3.3568 3.3568 3.3568 3.3568 3.3568 3.3568 3.3568 3.3568
2.8026 2.8026 2.8026 2.8026 2.8026 2.8026 2.8026 2.8026 2.8026 2.8026 2.8026 2.8026 2.8026 2.8026 2.8026 2.8026 2.8026 2.8026 2.8026 2.8026 2.8026 2.8026 2.8026 2.8026 2.8026
-7.3008 -7.3008 -7.3008 -7.3008 -7.3008 -7.3008 -7.3008 -7.3008 -7.3008 -7.3008 -7.3008 -7.3008 -7.3008 -7.3008 -7.3008 -7.3008 -7.3008 -7.3008 -7.3008 -7.3008 -7.3008 -7.3008 -7.3008 -7.3008 -7.3008
0.76952 0.76952 0.76952 0.76952 0.76952 0.76952 0.76952 0.76952 0.76952 0.76952 0.76952 0.76952 0.76952 0.76952 0.76952 0.76952 0.76952 0.76952 0.76952 0.76952 0.76952 0.76952 0.76952 0.76952 0.76952
7.1365 7.1365 7.1365 7.1365 7.1365 7.1365 7.1365 7.1365 7.1365 7.1365 7.1365 7.1365 7.1365 7.1365 7.1365 7.1365 7.1365 7.1365 7.1365 7.1365 7.1365 7.1365 7.1365 7.1365 7.1365
-3.6235 -3.6235 -3.6235 -3.6235 -3.6235 -3.6235 -3.6235 -3.6235 -3.6235 -3.6235 -3.6235 -3.6235 -3.6235 -3.6235 -3.6235 -3.6235 -3.6235 -3.6235 -3.6235 -3.6235 -3.6235 -3.6235 -3.6235 -3.6235 -3.6235
-2.3495 -2.3495 -2.3495 -2.3495 -2.3495 -2.3495 -2.3495 -2.3495 -2.3495 -2.3495 -2.3495 -2.3495 -2.3495 -2.3495 -2.3495 -2.3495 -2.3495 -2.3495 -2.3495 -2.3495 -2.3495 -2.3495 -2.3495 -2.3495 -2.3495
-2.8186 -2.8186 -2.8186 -2.8186 -2.8186 -2.8186 -2.8186 -2.8186 -2.8186 -2.8186 -2.8186 -2.8186 -2.8186 -2.8186 -2.8186 -2.8186 -2.8186 -2.8186 -2.8186 -2.8186 -2.8186 -2.8186 -2.8186 -2.8186 -2.8186
0.22293 0.22293 0.22293 0.22293 0.22293 0.22293 0.22293 0.22293 0.22293 0.22293 0.22293 0.22293 0.22293 0.22293 0.22293 0.22293 0.22293 0.22293 0.22293 0.22293 0.22293 0.22293 0.22293 0.22293 0.22293
0.15474 0.15474 0.15474 0.15474 0.15474 0.15474 0.15474 0.15474 0.15474 0.15474 0.15474 0.15474 0.15474 0.15474 0.15474 0.15474 0.15474 0.15474 0.15474 0.15474 0.15474 0.15474 0.15474 0.15474 0.15474
0.00082821 0.00082821 0.00082821 0.00082821 0.00082821 0.00082821 0.00082821 0.00082821 0.00082821 0.00082821 0.00082821 0.00082821 0.00082821 0.00082821 0.00082821 0.00082821 0.00082821 0.00082821 0.00082821 0.00082821 0.00082821 0.00082821 0.00082821 0.00082821 0.00082821
1 2 3 4 5 6 7 8 9 10 11 12 13 14 15 16 17 18 19 20 21 22 23 24 25
