25.929 25.929 25.929 25.929 25.929
30.911 30.911 30.911 30.911 30.911
90.237 90.237 90.237 90.237 90.237
-112.96 -112.96 -112.96 -112.96 -112.96
-37.098 -37.098 -37.098 -37.098 -37.098
-105.28 -105.28 -105.28 -105.28 -105.28
24.62 24.62 24.62 24.62 24.62
33.707 33.707 33.707 33.707 33.707
25.27 25.27 25.27 25.27 25.27
12.448 12.448 12.448 12.448 12.448
9.9798 9.9798 9.9798 9.9798 9.9798
27.997 27.997 27.997 27.997 27.997
70.218 70.218 70.218 70.218 70.218
81.3 81.3 81.3 81.3 81.3
-206.08 -206.08 -206.08 -206.08 -206.08
-197.36 -197.36 -197.36 -197.36 -197.36
-184.74 -184.74 -184.74 -184.74 -184.74
66.109 66.109 66.109 66.109 66.109
52.542 52.542 52.542 52.542 52.542
24.293 24.293 24.293 24.293 24.293
20.241 20.241 20.241 20.241 20.241
9.227 9.227 9.227 9.227 9.227
-8.3994 -8.3994 -8.3994 -8.3994 -8.3994
-4.9879 -4.9879 -4.9879 -4.9879 -4.9879
-1.1059 -1.1059 -1.1059 -1.1059 -1.1059
-1.3003 -1.3003 -1.3003 -1.3003 -1.3003
-3.7163 -3.7163 -3.7163 -3.7163 -3.7163
6.0371 6.0371 6.0371 6.0371 6.0371
2.5373 2.5373 2.5373 2.5373 2.5373
5.7318 5.7318 5.7318 5.7318 5.7318
-1.08 -1.08 -1.08 -1.08 -1.08
-1.4622 -1.4622 -1.4622 -1.4622 -1.4622
-1.0899 -1.0899 -1.0899 -1.0899 -1.0899
-0.54945 -0.54945 -0.54945 -0.54945 -0.54945
-0.43033 -0.43033 -0.43033 -0.43033 -0.43033
-1.211 -1.211 -1.211 -1.211 -1.211
-3.0374 -3.0374 -3.0374 -3.0374 -3.0374
-3.6047 -3.6047 -3.6047 -3.6047 -3.6047
8.0107 8.0107 8.0107 8.0107 8.0107
7.9611 7.9611 7.9611 7.9611 7.9611
7.1709 7.1709 7.1709 7.1709 7.1709
-3.0264 -3.0264 -3.0264 -3.0264 -3.0264
-2.3106 -2.3106 -2.3106 -2.3106 -2.3106
-1.0629 -1.0629 -1.0629 -1.0629 -1.0629
-0.87567 -0.87567 -0.87567 -0.87567 -0.87567
-0.39965 -0.39965 -0.39965 -0.39965 -0.39965
0.51519 0.51519 0.51519 0.51519 0.51519
0.056294 0.056294 0.056294 0.056294 0.056294
-108.77 -108.77 -108.77 -108.77 -108.77
-332.01 -332.01 -332.01 -332.01 -332.01
-856.24 -856.24 -856.24 -856.24 -856.24
94.933 94.933 94.933 94.933 94.933
-7.4257 -7.4257 -7.4257 -7.4257 -7.4257
-119.19 -119.19 -119.19 -119.19 -119.19
947.72 947.72 947.72 947.72 947.72
175.85 175.85 175.85 175.85 175.85
38.396 38.396 38.396 38.396 38.396
111.28 111.28 111.28 111.28 111.28
-1.7028 -1.7028 -1.7028 -1.7028 -1.7028
-61.945 -61.945 -61.945 -61.945 -61.945
-110.62 -110.62 -110.62 -110.62 -110.62
-422.11 -422.11 -422.11 -422.11 -422.11
403.87 403.87 403.87 403.87 403.87
8.3887 8.3887 8.3887 8.3887 8.3887
-439.67 -439.67 -439.67 -439.67 -439.67
347.72 347.72 347.72 347.72 347.72
190.19 190.19 190.19 190.19 190.19
45.944 45.944 45.944 45.944 45.944
-18.374 -18.374 -18.374 -18.374 -18.374
-12.411 -12.411 -12.411 -12.411 -12.411
-0.91254 -0.91254 -0.91254 -0.91254 -0.91254
-0.55443 -0.55443 -0.55443 -0.55443 -0.55443
-1.0898 -1.0898 -1.0898 -1.0898 -1.0898
-1.2968 -1.2968 -1.2968 -1.2968 -1.2968
-3.7682 -3.7682 -3.7682 -3.7682 -3.7682
5.0028 5.0028 5.0028 5.0028 5.0028
1.7602 1.7602 1.7602 1.7602 1.7602
4.6836 4.6836 4.6836 4.6836 4.6836
-1.0329 -1.0329 -1.0329 -1.0329 -1.0329
-1.4194 -1.4194 -1.4194 -1.4194 -1.4194
-1.0635 -1.0635 -1.0635 -1.0635 -1.0635
-0.52582 -0.52582 -0.52582 -0.52582 -0.52582
-0.42011 -0.42011 -0.42011 -0.42011 -0.42011
-1.1798 -1.1798 -1.1798 -1.1798 -1.1798
-2.9588 -2.9588 -2.9588 -2.9588 -2.9588
-3.4465 -3.4465 -3.4465 -3.4465 -3.4465
8.4933 8.4933 8.4933 8.4933 8.4933
8.1923 8.1923 8.1923 8.1923 8.1923
7.6063 7.6063 7.6063 7.6063 7.6063
-2.8172 -2.8172 -2.8172 -2.8172 -2.8172
-2.2198 -2.2198 -2.2198 -2.2198 -2.2198
-1.0255 -1.0255 -1.0255 -1.0255 -1.0255
-0.85279 -0.85279 -0.85279 -0.85279 -0.85279
-0.38888 -0.38888 -0.38888 -0.38888 -0.38888
0.34005 0.34005 0.34005 0.34005 0.34005
0.19222 0.19222 0.19222 0.19222 0.19222
0.44239 0.44239 0.44239 0.44239 0.44239
0.95234 0.95234 0.95234 0.95234 0.95234
3.5647 3.5647 3.5647 3.5647 3.5647
7.5343 7.5343 7.5343 7.5343 7.5343
-19.509 -19.509 -19.509 -19.509 -19.509
7.6763 7.6763 7.6763 7.6763 7.6763
2.436 2.436 2.436 2.436 2.436
0.8323 0.8323 0.8323 0.8323 0.8323
0.43281 0.43281 0.43281 0.43281 0.43281
0.18694 0.18694 0.18694 0.18694 0.18694
0.13982 0.13982 0.13982 0.13982 0.13982
0.47688 0.47688 0.47688 0.47688 0.47688
1.0176 1.0176 1.0176 1.0176 1.0176
2.2648 2.2648 2.2648 2.2648 2.2648
-4.0016 -4.0016 -4.0016 -4.0016 -4.0016
-5.4052 -5.4052 -5.4052 -5.4052 -5.4052
-3.5594 -3.5594 -3.5594 -3.5594 -3.5594
1.8457 1.8457 1.8457 1.8457 1.8457
0.85645 0.85645 0.85645 0.85645 0.85645
0.39452 0.39452 0.39452 0.39452 0.39452
0.30354 0.30354 0.30354 0.30354 0.30354
0.14905 0.14905 0.14905 0.14905 0.14905
-0.093425 -0.093425 -0.093425 -0.093425 -0.093425
-0.080641 -0.080641 -0.080641 -0.080641 -0.080641
1.71 1.71 1.71 1.71 1.71
2.0341 2.0341 2.0341 2.0341 2.0341
5.9114 5.9114 5.9114 5.9114 5.9114
-7.8435 -7.8435 -7.8435 -7.8435 -7.8435
-2.7562 -2.7562 -2.7562 -2.7562 -2.7562
-7.3434 -7.3434 -7.3434 -7.3434 -7.3434
1.6259 1.6259 1.6259 1.6259 1.6259
2.2287 2.2287 2.2287 2.2287 2.2287
1.6694 1.6694 1.6694 1.6694 1.6694
0.82578 0.82578 0.82578 0.82578 0.82578
0.65939 0.65939 0.65939 0.65939 0.65939
1.8515 1.8515 1.8515 1.8515 1.8515
4.6434 4.6434 4.6434 4.6434 4.6434
5.407 5.407 5.407 5.407 5.407
-13.333 -13.333 -13.333 -13.333 -13.333
-12.861 -12.861 -12.861 -12.861 -12.861
-11.944 -11.944 -11.944 -11.944 -11.944
4.4226 4.4226 4.4226 4.4226 4.4226
3.4848 3.4848 3.4848 3.4848 3.4848
1.6098 1.6098 1.6098 1.6098 1.6098
1.3384 1.3384 1.3384 1.3384 1.3384
0.61031 0.61031 0.61031 0.61031 0.61031
-0.57325 -0.57325 -0.57325 -0.57325 -0.57325
-0.34485 -0.34485 -0.34485 -0.34485 -0.34485
-11.418 -11.418 -11.418 -11.418 -11.418
-34.81 -34.81 -34.81 -34.81 -34.81
-89.942 -89.942 -89.942 -89.942 -89.942
8.6118 8.6118 8.6118 8.6118 8.6118
-0.79694 -0.79694 -0.79694 -0.79694 -0.79694
-11.228 -11.228 -11.228 -11.228 -11.228
99.508 99.508 99.508 99.508 99.508
18.644 18.644 18.644 18.644 18.644
4.1413 4.1413 4.1413 4.1413 4.1413
11.629 11.629 11.629 11.629 11.629
-0.13407 -0.13407 -0.13407 -0.13407 -0.13407
-6.6083 -6.6083 -6.6083 -6.6083 -6.6083
-12.017 -12.017 -12.017 -12.017 -12.017
-45.824 -45.824 -45.824 -45.824 -45.824
36.546 36.546 36.546 36.546 36.546
0.77293 0.77293 0.77293 0.77293 0.77293
-40.451 -40.451 -40.451 -40.451 -40.451
38.189 38.189 38.189 38.189 38.189
20.319 20.319 20.319 20.319 20.319
4.973 4.973 4.973 4.973 4.973
-1.7833 -1.7833 -1.7833 -1.7833 -1.7833
-1.2371 -1.2371 -1.2371 -1.2371 -1.2371
-0.098647 -0.098647 -0.098647 -0.098647 -0.098647
-0.059891 -0.059891 -0.059891 -0.059891 -0.059891
1.3808 1.3808 1.3808 1.3808 1.3808
4.229 4.229 4.229 4.229 4.229
10.926 10.926 10.926 10.926 10.926
-0.40731 -0.40731 -0.40731 -0.40731 -0.40731
0.086752 0.086752 0.086752 0.086752 0.086752
0.69286 0.69286 0.69286 0.69286 0.69286
-12.095 -12.095 -12.095 -12.095 -12.095
-2.185 -2.185 -2.185 -2.185 -2.185
-0.45542 -0.45542 -0.45542 -0.45542 -0.45542
-1.4266 -1.4266 -1.4266 -1.4266 -1.4266
0.034688 0.034688 0.034688 0.034688 0.034688
0.75168 0.75168 0.75168 0.75168 0.75168
1.2751 1.2751 1.2751 1.2751 1.2751
4.8542 4.8542 4.8542 4.8542 4.8542
-7.0057 -7.0057 -7.0057 -7.0057 -7.0057
-0.13931 -0.13931 -0.13931 -0.13931 -0.13931
7.4107 7.4107 7.4107 7.4107 7.4107
-3.8622 -3.8622 -3.8622 -3.8622 -3.8622
-2.2959 -2.2959 -2.2959 -2.2959 -2.2959
-0.53524 -0.53524 -0.53524 -0.53524 -0.53524
0.27678 0.27678 0.27678 0.27678 0.27678
0.1771 0.1771 0.1771 0.1771 0.1771
0.010597 0.010597 0.010597 0.010597 0.010597
0.0064493 0.0064493 0.0064493 0.0064493 0.0064493
1 2 3 4 5
