1.0473
1.0473
2.3997
2.3997
3.3107
3.3107
1.6794
1.6794
0.74372
0.74372
0
-0.30259
-0.30259
-1.8301
-1.8301
-1.4136
-1.4136
-1.6664
-1.6664
-0.15252
-0.15252
0
-1.5845
-1.5845
-2.7558
-2.7558
-3.3947
-3.3947
-2.272
-2.272
-1.2942
-1.2942
0
-1.3584
-1.3584
-1.1687
-1.1687
-0.52128
-0.52128
-1.419
-1.419
-1.1909
-1.1909
0
1.2084
1.2084
1.7385
1.7385
0.068701
0.068701
-1.5299
-1.5299
-1.0835
-1.0835
0
2.4348
2.4348
6.2198
6.2198
-1.3046
-1.3046
-6.4049
-6.4049
-2.4147
-2.4147
0
0
0
0
0
-0
-0
0
0
0
0
0
0
0
0
0
0
0
0
0
0
0
0
-0.27411
-0.27411
-1.543
-1.543
-2.5524
-2.5524
-0.47678
-0.47678
0.094952
0.094952
0
1.4345
1.4345
1.7604
1.7604
-3.4734
-3.4734
3.9837
3.9837
1.3977
1.3977
0
0
0
0
0
-0
-0
0
0
0
0
0
0
0
0
0
0
0
0
0
0
0
0
0
0
0
0
-0
-0
0
0
0
0
0
0
0
0
0
0
0
0
0
0
0
0
0
0
0
0
-0
-0
0
0
0
0
0
0
0
0
0
0
0
0
0
0
0
0
