0.89257
0.89257
2.0249
2.0249
3.3504
3.3504
2.0239
2.0239
0.89334
0.89334
0
-0.16985
-0.16985
-1.7525
-1.7525
-1.4487
-1.4487
-1.7539
-1.7539
-0.16849
-0.16849
0
-1.4198
-1.4198
-2.5076
-2.5076
-3.4477
-3.4477
-2.5062
-2.5062
-1.422
-1.422
0
-1.2495
-1.2495
-1.2811
-1.2811
-0.54227
-0.54227
-1.2752
-1.2752
-1.251
-1.251
0
1.166
1.166
1.6319
1.6319
0.004667
0.004667
-1.627
-1.627
-1.1648
-1.1648
0
2.5205
2.5205
6.4327
6.4327
-0.00060876
-0.00060876
-6.4293
-6.4293
-2.5207
-2.5207
0
0
0
0
0
0
0
0
0
0
0
0
0
0
0
0
0
0
0
0
0
0
0
-0.1276
-0.1276
-0.94916
-0.94916
-2.4194
-2.4194
-0.94821
-0.94821
-0.1269
-0.1269
0
1.1489
1.1489
2.7478
2.7478
-3.3073
-3.3073
2.7487
2.7487
1.1485
1.1485
0
0
0
0
0
0
0
0
0
0
0
0
0
0
0
0
0
0
0
0
0
0
0
0
0
0
0
0
0
0
0
0
0
0
0
0
0
0
0
0
0
0
0
0
0
0
0
0
0
0
0
0
0
0
0
0
0
0
0
0
0
0
0
0
0
0
0
