1.832997449567600246e+00
1.832997449567600246e+00
4.483485468569504917e+00
4.483485468569504917e+00
8.105310441647661790e+00
8.105310441647661790e+00
4.602329573966503773e+00
4.602329573966503773e+00
1.876477857925979320e+00
1.876477857925979320e+00
0.000000000000000000e+00
2.201138386536254654e-01
2.201138386536254654e-01
-2.168564835123561352e+00
-2.168564835123561352e+00
-2.386945040062692591e+00
-2.386945040062692591e+00
-2.090061649931790555e+00
-2.090061649931790555e+00
0.000000000000000000e+00
0.000000000000000000e+00
0.000000000000000000e+00
1.832997449567600246e+00
1.832997449567600246e+00
4.483485468569504917e+00
4.483485468569504917e+00
8.105310441647661790e+00
8.105310441647661790e+00
4.602329573966503773e+00
4.602329573966503773e+00
1.876477857925979320e+00
1.876477857925979320e+00
0.000000000000000000e+00
2.201138386536254654e-01
2.201138386536254654e-01
-2.168564835123561352e+00
-2.168564835123561352e+00
-2.386945040062692591e+00
-2.386945040062692591e+00
-2.090061649931790555e+00
-2.090061649931790555e+00
0.000000000000000000e+00
0.000000000000000000e+00
0.000000000000000000e+00
1.832997449567600246e+00
1.832997449567600246e+00
4.483485468569504917e+00
4.483485468569504917e+00
8.105310441647661790e+00
8.105310441647661790e+00
4.602329573966503773e+00
4.602329573966503773e+00
1.876477857925979320e+00
1.876477857925979320e+00
0.000000000000000000e+00
2.201138386536254654e-01
2.201138386536254654e-01
-2.168564835123561352e+00
-2.168564835123561352e+00
-2.386945040062692591e+00
-2.386945040062692591e+00
-2.090061649931790555e+00
-2.090061649931790555e+00
0.000000000000000000e+00
0.000000000000000000e+00
0.000000000000000000e+00
1.832997449567600246e+00
1.832997449567600246e+00
4.483485468569504917e+00
4.483485468569504917e+00
8.105310441647661790e+00
8.105310441647661790e+00
4.602329573966503773e+00
4.602329573966503773e+00
1.876477857925979320e+00
1.876477857925979320e+00
0.000000000000000000e+00
2.201138386536254654e-01
2.201138386536254654e-01
-2.168564835123561352e+00
-2.168564835123561352e+00
-2.386945040062692591e+00
-2.386945040062692591e+00
-2.090061649931790555e+00
-2.090061649931790555e+00
0.000000000000000000e+00
0.000000000000000000e+00
0.000000000000000000e+00
1.832997449567600246e+00
1.832997449567600246e+00
4.483485468569504917e+00
4.483485468569504917e+00
8.105310441647661790e+00
8.105310441647661790e+00
4.602329573966503773e+00
4.602329573966503773e+00
1.876477857925979320e+00
1.876477857925979320e+00
0.000000000000000000e+00
2.201138386536254654e-01
2.201138386536254654e-01
-2.168564835123561352e+00
-2.168564835123561352e+00
-2.386945040062692591e+00
-2.386945040062692591e+00
-2.090061649931790555e+00
-2.090061649931790555e+00
0.000000000000000000e+00
0.000000000000000000e+00
0.000000000000000000e+00
1.832997449567600246e+00
1.832997449567600246e+00
4.483485468569504917e+00
4.483485468569504917e+00
8.105310441647661790e+00
8.105310441647661790e+00
4.602329573966503773e+00
4.602329573966503773e+00
1.876477857925979320e+00
1.876477857925979320e+00
0.000000000000000000e+00
2.201138386536254654e-01
2.201138386536254654e-01
-2.168564835123561352e+00
-2.168564835123561352e+00
-2.386945040062692591e+00
-2.386945040062692591e+00
-2.090061649931790555e+00
-2.090061649931790555e+00
0.000000000000000000e+00
0.000000000000000000e+00
0.000000000000000000e+00
1.832997449567600246e+00
1.832997449567600246e+00
4.483485468569504917e+00
4.483485468569504917e+00
8.105310441647661790e+00
8.105310441647661790e+00
4.602329573966503773e+00
4.602329573966503773e+00
1.876477857925979320e+00
1.876477857925979320e+00
0.000000000000000000e+00
2.201138386536254654e-01
2.201138386536254654e-01
-2.168564835123561352e+00
-2.168564835123561352e+00
-2.386945040062692591e+00
-2.386945040062692591e+00
-2.090061649931790555e+00
-2.090061649931790555e+00
0.000000000000000000e+00
0.000000000000000000e+00
0.000000000000000000e+00
1.832997449567600246e+00
1.832997449567600246e+00
4.483485468569504917e+00
4.483485468569504917e+00
8.105310441647661790e+00
8.105310441647661790e+00
4.602329573966503773e+00
4.602329573966503773e+00
1.876477857925979320e+00
1.876477857925979320e+00
0.000000000000000000e+00
2.201138386536254654e-01
2.201138386536254654e-01
-2.168564835123561352e+00
-2.168564835123561352e+00
-2.386945040062692591e+00
-2.386945040062692591e+00
-2.090061649931790555e+00
-2.090061649931790555e+00
0.000000000000000000e+00
0.000000000000000000e+00
0.000000000000000000e+00
-5.233377163942962262e+00
-5.233377163942962262e+00
-1.136232296085684368e+01
-1.136232296085684368e+01
-1.814831274662147464e+01
-1.814831274662147464e+01
-1.175147337013950377e+01
-1.175147337013950377e+01
-5.406344283808147466e+00
-5.406344283808147466e+00
0.000000000000000000e+00
-3.746667247204708673e+00
-3.746667247204708673e+00
-4.768961066401194770e+00
-4.768961066401194770e+00
-1.974465548381352686e+00
-1.974465548381352686e+00
-5.656683323658088014e+00
-5.656683323658088014e+00
0.000000000000000000e+00
0.000000000000000000e+00
0.000000000000000000e+00
-5.233377163942962262e+00
-5.233377163942962262e+00
-1.136232296085684368e+01
-1.136232296085684368e+01
-1.814831274662147464e+01
-1.814831274662147464e+01
-1.175147337013950377e+01
-1.175147337013950377e+01
-5.406344283808147466e+00
-5.406344283808147466e+00
0.000000000000000000e+00
-3.746667247204708673e+00
-3.746667247204708673e+00
-4.768961066401194770e+00
-4.768961066401194770e+00
-1.974465548381352686e+00
-1.974465548381352686e+00
-5.656683323658088014e+00
-5.656683323658088014e+00
0.000000000000000000e+00
0.000000000000000000e+00
0.000000000000000000e+00
-5.233377163942962262e+00
-5.233377163942962262e+00
-1.136232296085684368e+01
-1.136232296085684368e+01
-1.814831274662147464e+01
-1.814831274662147464e+01
-1.175147337013950377e+01
-1.175147337013950377e+01
-5.406344283808147466e+00
-5.406344283808147466e+00
0.000000000000000000e+00
-3.746667247204708673e+00
-3.746667247204708673e+00
-4.768961066401194770e+00
-4.768961066401194770e+00
-1.974465548381352686e+00
-1.974465548381352686e+00
-5.656683323658088014e+00
-5.656683323658088014e+00
0.000000000000000000e+00
0.000000000000000000e+00
0.000000000000000000e+00
-5.233377163942962262e+00
-5.233377163942962262e+00
-1.136232296085684368e+01
-1.136232296085684368e+01
-1.814831274662147464e+01
-1.814831274662147464e+01
-1.175147337013950377e+01
-1.175147337013950377e+01
-5.406344283808147466e+00
-5.406344283808147466e+00
0.000000000000000000e+00
-3.746667247204708673e+00
-3.746667247204708673e+00
-4.768961066401194770e+00
-4.768961066401194770e+00
-1.974465548381352686e+00
-1.974465548381352686e+00
-5.656683323658088014e+00
-5.656683323658088014e+00
0.000000000000000000e+00
0.000000000000000000e+00
0.000000000000000000e+00
-5.233377163942962262e+00
-5.233377163942962262e+00
-1.136232296085684368e+01
-1.136232296085684368e+01
-1.814831274662147464e+01
-1.814831274662147464e+01
-1.175147337013950377e+01
-1.175147337013950377e+01
-5.406344283808147466e+00
-5.406344283808147466e+00
0.000000000000000000e+00
-3.746667247204708673e+00
-3.746667247204708673e+00
-4.768961066401194770e+00
-4.768961066401194770e+00
-1.974465548381352686e+00
-1.974465548381352686e+00
-5.656683323658088014e+00
-5.656683323658088014e+00
0.000000000000000000e+00
0.000000000000000000e+00
0.000000000000000000e+00
-5.233377163942962262e+00
-5.233377163942962262e+00
-1.136232296085684368e+01
-1.136232296085684368e+01
-1.814831274662147464e+01
-1.814831274662147464e+01
-1.175147337013950377e+01
-1.175147337013950377e+01
-5.406344283808147466e+00
-5.406344283808147466e+00
0.000000000000000000e+00
-3.746667247204708673e+00
-3.746667247204708673e+00
-4.768961066401194770e+00
-4.768961066401194770e+00
-1.974465548381352686e+00
-1.974465548381352686e+00
-5.656683323658088014e+00
-5.656683323658088014e+00
0.000000000000000000e+00
0.000000000000000000e+00
0.000000000000000000e+00
-5.233377163942962262e+00
-5.233377163942962262e+00
-1.136232296085684368e+01
-1.136232296085684368e+01
-1.814831274662147464e+01
-1.814831274662147464e+01
-1.175147337013950377e+01
-1.175147337013950377e+01
-5.406344283808147466e+00
-5.406344283808147466e+00
0.000000000000000000e+00
-3.746667247204708673e+00
-3.746667247204708673e+00
-4.768961066401194770e+00
-4.768961066401194770e+00
-1.974465548381352686e+00
-1.974465548381352686e+00
-5.656683323658088014e+00
-5.656683323658088014e+00
0.000000000000000000e+00
0.000000000000000000e+00
0.000000000000000000e+00
-5.233377163942962262e+00
-5.233377163942962262e+00
-1.136232296085684368e+01
-1.136232296085684368e+01
-1.814831274662147464e+01
-1.814831274662147464e+01
-1.175147337013950377e+01
-1.175147337013950377e+01
-5.406344283808147466e+00
-5.406344283808147466e+00
0.000000000000000000e+00
-3.746667247204708673e+00
-3.746667247204708673e+00
-4.768961066401194770e+00
-4.768961066401194770e+00
-1.974465548381352686e+00
-1.974465548381352686e+00
-5.656683323658088014e+00
-5.656683323658088014e+00
0.000000000000000000e+00
0.000000000000000000e+00
0.000000000000000000e+00
2.725133572190418185e+00
2.725133572190418185e+00
5.670458292158704339e+00
5.670458292158704339e+00
-1.829724000478491763e-01
-1.829724000478491763e-01
-6.206364976700127656e+00
-6.206364976700127656e+00
-3.118695597213928750e+00
-3.118695597213928750e+00
0.000000000000000000e+00
5.958323476507368710e+00
5.958323476507368710e+00
2.324319089436767882e+01
2.324319089436767882e+01
2.317482523973639630e-01
2.317482523973639630e-01
-2.489876904140747271e+01
-2.489876904140747271e+01
0.000000000000000000e+00
0.000000000000000000e+00
0.000000000000000000e+00
2.725133572190418185e+00
2.725133572190418185e+00
5.670458292158704339e+00
5.670458292158704339e+00
-1.829724000478491763e-01
-1.829724000478491763e-01
-6.206364976700127656e+00
-6.206364976700127656e+00
-3.118695597213928750e+00
-3.118695597213928750e+00
0.000000000000000000e+00
5.958323476507368710e+00
5.958323476507368710e+00
2.324319089436767882e+01
2.324319089436767882e+01
2.317482523973639630e-01
2.317482523973639630e-01
-2.489876904140747271e+01
-2.489876904140747271e+01
0.000000000000000000e+00
0.000000000000000000e+00
0.000000000000000000e+00
2.725133572190418185e+00
2.725133572190418185e+00
5.670458292158704339e+00
5.670458292158704339e+00
-1.829724000478491763e-01
-1.829724000478491763e-01
-6.206364976700127656e+00
-6.206364976700127656e+00
-3.118695597213928750e+00
-3.118695597213928750e+00
0.000000000000000000e+00
5.958323476507368710e+00
5.958323476507368710e+00
2.324319089436767882e+01
2.324319089436767882e+01
2.317482523973639630e-01
2.317482523973639630e-01
-2.489876904140747271e+01
-2.489876904140747271e+01
0.000000000000000000e+00
0.000000000000000000e+00
0.000000000000000000e+00
2.725133572190418185e+00
2.725133572190418185e+00
5.670458292158704339e+00
5.670458292158704339e+00
-1.829724000478491763e-01
-1.829724000478491763e-01
-6.206364976700127656e+00
-6.206364976700127656e+00
-3.118695597213928750e+00
-3.118695597213928750e+00
0.000000000000000000e+00
5.958323476507368710e+00
5.958323476507368710e+00
2.324319089436767882e+01
2.324319089436767882e+01
2.317482523973639630e-01
2.317482523973639630e-01
-2.489876904140747271e+01
-2.489876904140747271e+01
0.000000000000000000e+00
0.000000000000000000e+00
0.000000000000000000e+00
2.725133572190418185e+00
2.725133572190418185e+00
5.670458292158704339e+00
5.670458292158704339e+00
-1.829724000478491763e-01
-1.829724000478491763e-01
-6.206364976700127656e+00
-6.206364976700127656e+00
-3.118695597213928750e+00
-3.118695597213928750e+00
0.000000000000000000e+00
5.958323476507368710e+00
5.958323476507368710e+00
2.324319089436767882e+01
2.324319089436767882e+01
2.317482523973639630e-01
2.317482523973639630e-01
-2.489876904140747271e+01
-2.489876904140747271e+01
0.000000000000000000e+00
0.000000000000000000e+00
0.000000000000000000e+00
2.725133572190418185e+00
2.725133572190418185e+00
5.670458292158704339e+00
5.670458292158704339e+00
-1.829724000478491763e-01
-1.829724000478491763e-01
-6.206364976700127656e+00
-6.206364976700127656e+00
-3.118695597213928750e+00
-3.118695597213928750e+00
0.000000000000000000e+00
5.958323476507368710e+00
5.958323476507368710e+00
2.324319089436767882e+01
2.324319089436767882e+01
2.317482523973639630e-01
2.317482523973639630e-01
-2.489876904140747271e+01
-2.489876904140747271e+01
0.000000000000000000e+00
0.000000000000000000e+00
0.000000000000000000e+00
2.725133572190418185e+00
2.725133572190418185e+00
5.670458292158704339e+00
5.670458292158704339e+00
-1.829724000478491763e-01
-1.829724000478491763e-01
-6.206364976700127656e+00
-6.206364976700127656e+00
-3.118695597213928750e+00
-3.118695597213928750e+00
0.000000000000000000e+00
5.958323476507368710e+00
5.958323476507368710e+00
2.324319089436767882e+01
2.324319089436767882e+01
2.317482523973639630e-01
2.317482523973639630e-01
-2.489876904140747271e+01
-2.489876904140747271e+01
0.000000000000000000e+00
0.000000000000000000e+00
0.000000000000000000e+00
2.725133572190418185e+00
2.725133572190418185e+00
5.670458292158704339e+00
5.670458292158704339e+00
-1.829724000478491763e-01
-1.829724000478491763e-01
-6.206364976700127656e+00
-6.206364976700127656e+00
-3.118695597213928750e+00
-3.118695597213928750e+00
0.000000000000000000e+00
5.958323476507368710e+00
5.958323476507368710e+00
2.324319089436767882e+01
2.324319089436767882e+01
2.317482523973639630e-01
2.317482523973639630e-01
-2.489876904140747271e+01
-2.489876904140747271e+01
0.000000000000000000e+00
0.000000000000000000e+00
0.000000000000000000e+00
0.000000000000000000e+00
0.000000000000000000e+00
0.000000000000000000e+00
0.000000000000000000e+00
0.000000000000000000e+00
0.000000000000000000e+00
0.000000000000000000e+00
0.000000000000000000e+00
0.000000000000000000e+00
0.000000000000000000e+00
0.000000000000000000e+00
0.000000000000000000e+00
0.000000000000000000e+00
0.000000000000000000e+00
0.000000000000000000e+00
0.000000000000000000e+00
0.000000000000000000e+00
0.000000000000000000e+00
0.000000000000000000e+00
0.000000000000000000e+00
0.000000000000000000e+00
0.000000000000000000e+00
0.000000000000000000e+00
0.000000000000000000e+00
0.000000000000000000e+00
0.000000000000000000e+00
0.000000000000000000e+00
0.000000000000000000e+00
0.000000000000000000e+00
0.000000000000000000e+00
0.000000000000000000e+00
0.000000000000000000e+00
0.000000000000000000e+00
0.000000000000000000e+00
0.000000000000000000e+00
0.000000000000000000e+00
0.000000000000000000e+00
0.000000000000000000e+00
0.000000000000000000e+00
0.000000000000000000e+00
0.000000000000000000e+00
0.000000000000000000e+00
0.000000000000000000e+00
0.000000000000000000e+00
0.000000000000000000e+00
0.000000000000000000e+00
0.000000000000000000e+00
0.000000000000000000e+00
0.000000000000000000e+00
0.000000000000000000e+00
0.000000000000000000e+00
0.000000000000000000e+00
0.000000000000000000e+00
0.000000000000000000e+00
0.000000000000000000e+00
0.000000000000000000e+00
0.000000000000000000e+00
0.000000000000000000e+00
0.000000000000000000e+00
0.000000000000000000e+00
0.000000000000000000e+00
0.000000000000000000e+00
0.000000000000000000e+00
0.000000000000000000e+00
0.000000000000000000e+00
0.000000000000000000e+00
0.000000000000000000e+00
0.000000000000000000e+00
0.000000000000000000e+00
0.000000000000000000e+00
0.000000000000000000e+00
0.000000000000000000e+00
0.000000000000000000e+00
0.000000000000000000e+00
0.000000000000000000e+00
0.000000000000000000e+00
0.000000000000000000e+00
0.000000000000000000e+00
0.000000000000000000e+00
0.000000000000000000e+00
0.000000000000000000e+00
0.000000000000000000e+00
0.000000000000000000e+00
0.000000000000000000e+00
0.000000000000000000e+00
0.000000000000000000e+00
0.000000000000000000e+00
0.000000000000000000e+00
0.000000000000000000e+00
0.000000000000000000e+00
0.000000000000000000e+00
0.000000000000000000e+00
0.000000000000000000e+00
0.000000000000000000e+00
0.000000000000000000e+00
0.000000000000000000e+00
0.000000000000000000e+00
0.000000000000000000e+00
0.000000000000000000e+00
0.000000000000000000e+00
0.000000000000000000e+00
0.000000000000000000e+00
0.000000000000000000e+00
0.000000000000000000e+00
0.000000000000000000e+00
0.000000000000000000e+00
0.000000000000000000e+00
0.000000000000000000e+00
0.000000000000000000e+00
0.000000000000000000e+00
0.000000000000000000e+00
0.000000000000000000e+00
0.000000000000000000e+00
0.000000000000000000e+00
0.000000000000000000e+00
0.000000000000000000e+00
0.000000000000000000e+00
0.000000000000000000e+00
0.000000000000000000e+00
0.000000000000000000e+00
0.000000000000000000e+00
0.000000000000000000e+00
0.000000000000000000e+00
0.000000000000000000e+00
0.000000000000000000e+00
0.000000000000000000e+00
0.000000000000000000e+00
0.000000000000000000e+00
0.000000000000000000e+00
0.000000000000000000e+00
0.000000000000000000e+00
0.000000000000000000e+00
0.000000000000000000e+00
0.000000000000000000e+00
0.000000000000000000e+00
0.000000000000000000e+00
0.000000000000000000e+00
0.000000000000000000e+00
0.000000000000000000e+00
0.000000000000000000e+00
0.000000000000000000e+00
0.000000000000000000e+00
0.000000000000000000e+00
0.000000000000000000e+00
0.000000000000000000e+00
0.000000000000000000e+00
0.000000000000000000e+00
0.000000000000000000e+00
0.000000000000000000e+00
0.000000000000000000e+00
0.000000000000000000e+00
0.000000000000000000e+00
0.000000000000000000e+00
0.000000000000000000e+00
0.000000000000000000e+00
0.000000000000000000e+00
0.000000000000000000e+00
0.000000000000000000e+00
0.000000000000000000e+00
0.000000000000000000e+00
0.000000000000000000e+00
0.000000000000000000e+00
0.000000000000000000e+00
0.000000000000000000e+00
0.000000000000000000e+00
0.000000000000000000e+00
0.000000000000000000e+00
0.000000000000000000e+00
0.000000000000000000e+00
0.000000000000000000e+00
0.000000000000000000e+00
0.000000000000000000e+00
0.000000000000000000e+00
0.000000000000000000e+00
0.000000000000000000e+00
0.000000000000000000e+00
2.700263967789189312e-01
2.700263967789189312e-01
-6.077438893550792809e-01
-6.077438893550792809e-01
-4.448927590584834668e+00
-4.448927590584834668e+00
-6.414414901147467152e-01
-6.414414901147467152e-01
2.829306716415546097e-01
2.829306716415546097e-01
0.000000000000000000e+00
2.467329452010866842e+00
2.467329452010866842e+00
8.348818812314776849e+00
8.348818812314776849e+00
-8.078483046989694216e+00
-8.078483046989694216e+00
8.490924156617996488e+00
8.490924156617996488e+00
0.000000000000000000e+00
0.000000000000000000e+00
0.000000000000000000e+00
2.700263967789189312e-01
2.700263967789189312e-01
-6.077438893550792809e-01
-6.077438893550792809e-01
-4.448927590584834668e+00
-4.448927590584834668e+00
-6.414414901147467152e-01
-6.414414901147467152e-01
2.829306716415546097e-01
2.829306716415546097e-01
0.000000000000000000e+00
2.467329452010866842e+00
2.467329452010866842e+00
8.348818812314776849e+00
8.348818812314776849e+00
-8.078483046989694216e+00
-8.078483046989694216e+00
8.490924156617996488e+00
8.490924156617996488e+00
0.000000000000000000e+00
0.000000000000000000e+00
0.000000000000000000e+00
2.700263967789189312e-01
2.700263967789189312e-01
-6.077438893550792809e-01
-6.077438893550792809e-01
-4.448927590584834668e+00
-4.448927590584834668e+00
-6.414414901147467152e-01
-6.414414901147467152e-01
2.829306716415546097e-01
2.829306716415546097e-01
0.000000000000000000e+00
2.467329452010866842e+00
2.467329452010866842e+00
8.348818812314776849e+00
8.348818812314776849e+00
-8.078483046989694216e+00
-8.078483046989694216e+00
8.490924156617996488e+00
8.490924156617996488e+00
0.000000000000000000e+00
0.000000000000000000e+00
0.000000000000000000e+00
2.700263967789189312e-01
2.700263967789189312e-01
-6.077438893550792809e-01
-6.077438893550792809e-01
-4.448927590584834668e+00
-4.448927590584834668e+00
-6.414414901147467152e-01
-6.414414901147467152e-01
2.829306716415546097e-01
2.829306716415546097e-01
0.000000000000000000e+00
2.467329452010866842e+00
2.467329452010866842e+00
8.348818812314776849e+00
8.348818812314776849e+00
-8.078483046989694216e+00
-8.078483046989694216e+00
8.490924156617996488e+00
8.490924156617996488e+00
0.000000000000000000e+00
0.000000000000000000e+00
0.000000000000000000e+00
2.700263967789189312e-01
2.700263967789189312e-01
-6.077438893550792809e-01
-6.077438893550792809e-01
-4.448927590584834668e+00
-4.448927590584834668e+00
-6.414414901147467152e-01
-6.414414901147467152e-01
2.829306716415546097e-01
2.829306716415546097e-01
0.000000000000000000e+00
2.467329452010866842e+00
2.467329452010866842e+00
8.348818812314776849e+00
8.348818812314776849e+00
-8.078483046989694216e+00
-8.078483046989694216e+00
8.490924156617996488e+00
8.490924156617996488e+00
0.000000000000000000e+00
0.000000000000000000e+00
0.000000000000000000e+00
2.700263967789189312e-01
2.700263967789189312e-01
-6.077438893550792809e-01
-6.077438893550792809e-01
-4.448927590584834668e+00
-4.448927590584834668e+00
-6.414414901147467152e-01
-6.414414901147467152e-01
2.829306716415546097e-01
2.829306716415546097e-01
0.000000000000000000e+00
2.467329452010866842e+00
2.467329452010866842e+00
8.348818812314776849e+00
8.348818812314776849e+00
-8.078483046989694216e+00
-8.078483046989694216e+00
8.490924156617996488e+00
8.490924156617996488e+00
0.000000000000000000e+00
0.000000000000000000e+00
0.000000000000000000e+00
2.700263967789189312e-01
2.700263967789189312e-01
-6.077438893550792809e-01
-6.077438893550792809e-01
-4.448927590584834668e+00
-4.448927590584834668e+00
-6.414414901147467152e-01
-6.414414901147467152e-01
2.829306716415546097e-01
2.829306716415546097e-01
0.000000000000000000e+00
2.467329452010866842e+00
2.467329452010866842e+00
8.348818812314776849e+00
8.348818812314776849e+00
-8.078483046989694216e+00
-8.078483046989694216e+00
8.490924156617996488e+00
8.490924156617996488e+00
0.000000000000000000e+00
0.000000000000000000e+00
0.000000000000000000e+00
2.700263967789189312e-01
2.700263967789189312e-01
-6.077438893550792809e-01
-6.077438893550792809e-01
-4.448927590584834668e+00
-4.448927590584834668e+00
-6.414414901147467152e-01
-6.414414901147467152e-01
2.829306716415546097e-01
2.829306716415546097e-01
0.000000000000000000e+00
2.467329452010866842e+00
2.467329452010866842e+00
8.348818812314776849e+00
8.348818812314776849e+00
-8.078483046989694216e+00
-8.078483046989694216e+00
8.490924156617996488e+00
8.490924156617996488e+00
0.000000000000000000e+00
0.000000000000000000e+00
0.000000000000000000e+00
0.000000000000000000e+00
0.000000000000000000e+00
0.000000000000000000e+00
0.000000000000000000e+00
0.000000000000000000e+00
0.000000000000000000e+00
0.000000000000000000e+00
0.000000000000000000e+00
0.000000000000000000e+00
0.000000000000000000e+00
0.000000000000000000e+00
0.000000000000000000e+00
0.000000000000000000e+00
0.000000000000000000e+00
0.000000000000000000e+00
0.000000000000000000e+00
0.000000000000000000e+00
0.000000000000000000e+00
0.000000000000000000e+00
0.000000000000000000e+00
0.000000000000000000e+00
0.000000000000000000e+00
0.000000000000000000e+00
0.000000000000000000e+00
0.000000000000000000e+00
0.000000000000000000e+00
0.000000000000000000e+00
0.000000000000000000e+00
0.000000000000000000e+00
0.000000000000000000e+00
0.000000000000000000e+00
0.000000000000000000e+00
0.000000000000000000e+00
0.000000000000000000e+00
0.000000000000000000e+00
0.000000000000000000e+00
0.000000000000000000e+00
0.000000000000000000e+00
0.000000000000000000e+00
0.000000000000000000e+00
0.000000000000000000e+00
0.000000000000000000e+00
0.000000000000000000e+00
0.000000000000000000e+00
0.000000000000000000e+00
0.000000000000000000e+00
0.000000000000000000e+00
0.000000000000000000e+00
0.000000000000000000e+00
0.000000000000000000e+00
0.000000000000000000e+00
0.000000000000000000e+00
0.000000000000000000e+00
0.000000000000000000e+00
0.000000000000000000e+00
0.000000000000000000e+00
0.000000000000000000e+00
0.000000000000000000e+00
0.000000000000000000e+00
0.000000000000000000e+00
0.000000000000000000e+00
0.000000000000000000e+00
0.000000000000000000e+00
0.000000000000000000e+00
0.000000000000000000e+00
0.000000000000000000e+00
0.000000000000000000e+00
0.000000000000000000e+00
0.000000000000000000e+00
0.000000000000000000e+00
0.000000000000000000e+00
0.000000000000000000e+00
0.000000000000000000e+00
0.000000000000000000e+00
0.000000000000000000e+00
0.000000000000000000e+00
0.000000000000000000e+00
0.000000000000000000e+00
0.000000000000000000e+00
0.000000000000000000e+00
0.000000000000000000e+00
0.000000000000000000e+00
0.000000000000000000e+00
0.000000000000000000e+00
0.000000000000000000e+00
0.000000000000000000e+00
0.000000000000000000e+00
0.000000000000000000e+00
0.000000000000000000e+00
0.000000000000000000e+00
0.000000000000000000e+00
0.000000000000000000e+00
0.000000000000000000e+00
0.000000000000000000e+00
0.000000000000000000e+00
0.000000000000000000e+00
0.000000000000000000e+00
0.000000000000000000e+00
0.000000000000000000e+00
0.000000000000000000e+00
0.000000000000000000e+00
0.000000000000000000e+00
0.000000000000000000e+00
0.000000000000000000e+00
0.000000000000000000e+00
0.000000000000000000e+00
0.000000000000000000e+00
0.000000000000000000e+00
0.000000000000000000e+00
0.000000000000000000e+00
0.000000000000000000e+00
0.000000000000000000e+00
0.000000000000000000e+00
0.000000000000000000e+00
0.000000000000000000e+00
0.000000000000000000e+00
0.000000000000000000e+00
0.000000000000000000e+00
0.000000000000000000e+00
0.000000000000000000e+00
0.000000000000000000e+00
0.000000000000000000e+00
0.000000000000000000e+00
0.000000000000000000e+00
0.000000000000000000e+00
0.000000000000000000e+00
0.000000000000000000e+00
0.000000000000000000e+00
0.000000000000000000e+00
0.000000000000000000e+00
0.000000000000000000e+00
0.000000000000000000e+00
0.000000000000000000e+00
0.000000000000000000e+00
0.000000000000000000e+00
0.000000000000000000e+00
0.000000000000000000e+00
0.000000000000000000e+00
0.000000000000000000e+00
0.000000000000000000e+00
0.000000000000000000e+00
0.000000000000000000e+00
0.000000000000000000e+00
0.000000000000000000e+00
0.000000000000000000e+00
0.000000000000000000e+00
0.000000000000000000e+00
0.000000000000000000e+00
0.000000000000000000e+00
0.000000000000000000e+00
0.000000000000000000e+00
0.000000000000000000e+00
0.000000000000000000e+00
0.000000000000000000e+00
0.000000000000000000e+00
0.000000000000000000e+00
0.000000000000000000e+00
0.000000000000000000e+00
0.000000000000000000e+00
0.000000000000000000e+00
0.000000000000000000e+00
0.000000000000000000e+00
0.000000000000000000e+00
0.000000000000000000e+00
0.000000000000000000e+00
0.000000000000000000e+00
0.000000000000000000e+00
0.000000000000000000e+00
0.000000000000000000e+00
0.000000000000000000e+00
0.000000000000000000e+00
0.000000000000000000e+00
0.000000000000000000e+00
0.000000000000000000e+00
0.000000000000000000e+00
0.000000000000000000e+00
0.000000000000000000e+00
0.000000000000000000e+00
0.000000000000000000e+00
0.000000000000000000e+00
0.000000000000000000e+00
0.000000000000000000e+00
0.000000000000000000e+00
0.000000000000000000e+00
0.000000000000000000e+00
0.000000000000000000e+00
0.000000000000000000e+00
0.000000000000000000e+00
0.000000000000000000e+00
0.000000000000000000e+00
0.000000000000000000e+00
0.000000000000000000e+00
0.000000000000000000e+00
0.000000000000000000e+00
0.000000000000000000e+00
0.000000000000000000e+00
0.000000000000000000e+00
0.000000000000000000e+00
0.000000000000000000e+00
0.000000000000000000e+00
0.000000000000000000e+00
0.000000000000000000e+00
0.000000000000000000e+00
0.000000000000000000e+00
0.000000000000000000e+00
0.000000000000000000e+00
0.000000000000000000e+00
0.000000000000000000e+00
0.000000000000000000e+00
0.000000000000000000e+00
0.000000000000000000e+00
0.000000000000000000e+00
0.000000000000000000e+00
0.000000000000000000e+00
0.000000000000000000e+00
0.000000000000000000e+00
0.000000000000000000e+00
0.000000000000000000e+00
0.000000000000000000e+00
0.000000000000000000e+00
0.000000000000000000e+00
0.000000000000000000e+00
0.000000000000000000e+00
0.000000000000000000e+00
0.000000000000000000e+00
0.000000000000000000e+00
0.000000000000000000e+00
0.000000000000000000e+00
0.000000000000000000e+00
0.000000000000000000e+00
0.000000000000000000e+00
0.000000000000000000e+00
0.000000000000000000e+00
0.000000000000000000e+00
0.000000000000000000e+00
0.000000000000000000e+00
0.000000000000000000e+00
0.000000000000000000e+00
0.000000000000000000e+00
0.000000000000000000e+00
0.000000000000000000e+00
0.000000000000000000e+00
0.000000000000000000e+00
0.000000000000000000e+00
0.000000000000000000e+00
0.000000000000000000e+00
0.000000000000000000e+00
0.000000000000000000e+00
0.000000000000000000e+00
0.000000000000000000e+00
0.000000000000000000e+00
0.000000000000000000e+00
0.000000000000000000e+00
0.000000000000000000e+00
0.000000000000000000e+00
0.000000000000000000e+00
0.000000000000000000e+00
0.000000000000000000e+00
0.000000000000000000e+00
0.000000000000000000e+00
0.000000000000000000e+00
0.000000000000000000e+00
0.000000000000000000e+00
0.000000000000000000e+00
0.000000000000000000e+00
0.000000000000000000e+00
0.000000000000000000e+00
0.000000000000000000e+00
0.000000000000000000e+00
0.000000000000000000e+00
0.000000000000000000e+00
0.000000000000000000e+00
0.000000000000000000e+00
0.000000000000000000e+00
0.000000000000000000e+00
0.000000000000000000e+00
0.000000000000000000e+00
0.000000000000000000e+00
0.000000000000000000e+00
0.000000000000000000e+00
0.000000000000000000e+00
0.000000000000000000e+00
0.000000000000000000e+00
0.000000000000000000e+00
0.000000000000000000e+00
0.000000000000000000e+00
0.000000000000000000e+00
0.000000000000000000e+00
0.000000000000000000e+00
0.000000000000000000e+00
0.000000000000000000e+00
0.000000000000000000e+00
0.000000000000000000e+00
0.000000000000000000e+00
0.000000000000000000e+00
0.000000000000000000e+00
0.000000000000000000e+00
0.000000000000000000e+00
0.000000000000000000e+00
0.000000000000000000e+00
0.000000000000000000e+00
0.000000000000000000e+00
0.000000000000000000e+00
0.000000000000000000e+00
0.000000000000000000e+00
0.000000000000000000e+00
0.000000000000000000e+00
0.000000000000000000e+00
0.000000000000000000e+00
0.000000000000000000e+00
0.000000000000000000e+00
0.000000000000000000e+00
0.000000000000000000e+00
0.000000000000000000e+00
0.000000000000000000e+00
0.000000000000000000e+00
0.000000000000000000e+00
0.000000000000000000e+00
0.000000000000000000e+00
0.000000000000000000e+00
0.000000000000000000e+00
0.000000000000000000e+00
0.000000000000000000e+00
0.000000000000000000e+00
0.000000000000000000e+00
0.000000000000000000e+00
0.000000000000000000e+00
0.000000000000000000e+00
0.000000000000000000e+00
0.000000000000000000e+00
0.000000000000000000e+00
0.000000000000000000e+00
0.000000000000000000e+00
0.000000000000000000e+00
0.000000000000000000e+00
0.000000000000000000e+00
0.000000000000000000e+00
0.000000000000000000e+00
0.000000000000000000e+00
0.000000000000000000e+00
0.000000000000000000e+00
0.000000000000000000e+00
0.000000000000000000e+00
0.000000000000000000e+00
0.000000000000000000e+00
0.000000000000000000e+00
0.000000000000000000e+00
0.000000000000000000e+00
0.000000000000000000e+00
0.000000000000000000e+00
0.000000000000000000e+00
0.000000000000000000e+00
0.000000000000000000e+00
0.000000000000000000e+00
0.000000000000000000e+00
0.000000000000000000e+00
0.000000000000000000e+00
0.000000000000000000e+00
0.000000000000000000e+00
0.000000000000000000e+00
0.000000000000000000e+00
0.000000000000000000e+00
0.000000000000000000e+00
0.000000000000000000e+00
0.000000000000000000e+00
0.000000000000000000e+00
0.000000000000000000e+00
0.000000000000000000e+00
0.000000000000000000e+00
0.000000000000000000e+00
0.000000000000000000e+00
0.000000000000000000e+00
0.000000000000000000e+00
0.000000000000000000e+00
0.000000000000000000e+00
0.000000000000000000e+00
0.000000000000000000e+00
0.000000000000000000e+00
0.000000000000000000e+00
0.000000000000000000e+00
0.000000000000000000e+00
0.000000000000000000e+00
0.000000000000000000e+00
0.000000000000000000e+00
0.000000000000000000e+00
0.000000000000000000e+00
0.000000000000000000e+00
0.000000000000000000e+00
0.000000000000000000e+00
0.000000000000000000e+00
0.000000000000000000e+00
0.000000000000000000e+00
0.000000000000000000e+00
0.000000000000000000e+00
0.000000000000000000e+00
0.000000000000000000e+00
0.000000000000000000e+00
0.000000000000000000e+00
0.000000000000000000e+00
0.000000000000000000e+00
0.000000000000000000e+00
0.000000000000000000e+00
0.000000000000000000e+00
0.000000000000000000e+00
0.000000000000000000e+00
0.000000000000000000e+00
0.000000000000000000e+00
0.000000000000000000e+00
0.000000000000000000e+00
0.000000000000000000e+00
0.000000000000000000e+00
0.000000000000000000e+00
0.000000000000000000e+00
0.000000000000000000e+00
0.000000000000000000e+00
0.000000000000000000e+00
0.000000000000000000e+00
0.000000000000000000e+00
0.000000000000000000e+00
0.000000000000000000e+00
0.000000000000000000e+00
0.000000000000000000e+00
0.000000000000000000e+00
0.000000000000000000e+00
0.000000000000000000e+00
0.000000000000000000e+00
0.000000000000000000e+00
0.000000000000000000e+00
0.000000000000000000e+00
0.000000000000000000e+00
0.000000000000000000e+00
0.000000000000000000e+00
0.000000000000000000e+00
0.000000000000000000e+00
0.000000000000000000e+00
0.000000000000000000e+00
0.000000000000000000e+00
0.000000000000000000e+00
0.000000000000000000e+00
0.000000000000000000e+00
0.000000000000000000e+00
0.000000000000000000e+00
0.000000000000000000e+00
0.000000000000000000e+00
0.000000000000000000e+00
0.000000000000000000e+00
0.000000000000000000e+00
0.000000000000000000e+00
0.000000000000000000e+00
0.000000000000000000e+00
0.000000000000000000e+00
0.000000000000000000e+00
0.000000000000000000e+00
0.000000000000000000e+00
0.000000000000000000e+00
0.000000000000000000e+00
0.000000000000000000e+00
0.000000000000000000e+00
0.000000000000000000e+00
0.000000000000000000e+00
0.000000000000000000e+00
0.000000000000000000e+00
0.000000000000000000e+00
0.000000000000000000e+00
0.000000000000000000e+00
0.000000000000000000e+00
0.000000000000000000e+00
0.000000000000000000e+00
0.000000000000000000e+00
0.000000000000000000e+00
0.000000000000000000e+00
0.000000000000000000e+00
0.000000000000000000e+00
0.000000000000000000e+00
0.000000000000000000e+00
0.000000000000000000e+00
0.000000000000000000e+00
0.000000000000000000e+00
0.000000000000000000e+00
0.000000000000000000e+00
0.000000000000000000e+00
0.000000000000000000e+00
0.000000000000000000e+00
0.000000000000000000e+00
0.000000000000000000e+00
0.000000000000000000e+00
0.000000000000000000e+00
0.000000000000000000e+00
0.000000000000000000e+00
0.000000000000000000e+00
0.000000000000000000e+00
0.000000000000000000e+00
0.000000000000000000e+00
0.000000000000000000e+00
0.000000000000000000e+00
0.000000000000000000e+00
0.000000000000000000e+00
0.000000000000000000e+00
0.000000000000000000e+00
0.000000000000000000e+00
0.000000000000000000e+00
0.000000000000000000e+00
0.000000000000000000e+00
0.000000000000000000e+00
0.000000000000000000e+00
0.000000000000000000e+00
0.000000000000000000e+00
0.000000000000000000e+00
0.000000000000000000e+00
0.000000000000000000e+00
0.000000000000000000e+00
0.000000000000000000e+00
0.000000000000000000e+00
0.000000000000000000e+00
0.000000000000000000e+00
0.000000000000000000e+00
0.000000000000000000e+00
0.000000000000000000e+00
0.000000000000000000e+00
0.000000000000000000e+00
0.000000000000000000e+00
0.000000000000000000e+00
0.000000000000000000e+00
0.000000000000000000e+00
0.000000000000000000e+00
0.000000000000000000e+00
0.000000000000000000e+00
0.000000000000000000e+00
