1.393331559607518784e-03
1.393331559607518784e-03
-8.663081101912138704e-02
-8.663081101912138704e-02
-4.678192813778116466e-01
-4.678192813778116466e-01
-8.981704522612043995e-02
-8.981704522612043995e-02
1.820249031847382196e-02
1.820249031847382196e-02
0.000000000000000000e+00
4.454660152911430610e-02
4.454660152911430610e-02
2.452038519204228495e-01
2.452038519204228495e-01
5.777552285623331896e-01
5.777552285623331896e-01
2.376167919592142019e-01
2.376167919592142019e-01
4.310783734054355470e-02
4.310783734054355470e-02
0.000000000000000000e+00
3.283953299638633361e-01
3.283953299638633361e-01
8.178906137992363323e-01
8.178906137992363323e-01
4.942111272044510395e-01
4.942111272044510395e-01
8.388530981530188946e-01
8.388530981530188946e-01
4.168314058818686219e-01
4.168314058818686219e-01
0.000000000000000000e+00
2.222690467954122617e-01
2.222690467954122617e-01
7.618632781446954549e-01
7.618632781446954549e-01
7.247934981361037199e-01
7.247934981361037199e-01
7.551273332423817930e-01
7.551273332423817930e-01
2.208552040974318953e-01
2.208552040974318953e-01
0.000000000000000000e+00
-3.680370075200228297e-01
-3.680370075200228297e-01
-1.282342929231599538e+00
-1.282342929231599538e+00
3.636701518585583326e-03
3.636701518585583326e-03
1.257562132819330936e+00
1.257562132819330936e+00
3.137420593647940459e-01
3.137420593647940459e-01
0.000000000000000000e+00
-2.659584733910173027e-01
-2.659584733910173027e-01
-1.220919530636250139e+00
-1.220919530636250139e+00
-1.551473473014147730e-02
-1.551473473014147730e-02
1.207904051287099101e+00
1.207904051287099101e+00
2.649380792569344667e-01
2.649380792569344667e-01
0.000000000000000000e+00
0.000000000000000000e+00
0.000000000000000000e+00
0.000000000000000000e+00
0.000000000000000000e+00
0.000000000000000000e+00
0.000000000000000000e+00
0.000000000000000000e+00
0.000000000000000000e+00
0.000000000000000000e+00
0.000000000000000000e+00
0.000000000000000000e+00
0.000000000000000000e+00
0.000000000000000000e+00
0.000000000000000000e+00
0.000000000000000000e+00
0.000000000000000000e+00
0.000000000000000000e+00
0.000000000000000000e+00
0.000000000000000000e+00
0.000000000000000000e+00
0.000000000000000000e+00
0.000000000000000000e+00
8.297594089984179633e-02
8.297594089984179633e-02
1.953509697854274862e-01
1.953509697854274862e-01
-3.296176260225773813e-01
-3.296176260225773813e-01
2.000346973672502415e-01
2.000346973672502415e-01
1.040777536119241592e-01
1.040777536119241592e-01
0.000000000000000000e+00
6.710580138611864365e-02
6.710580138611864365e-02
2.111803932785032423e-01
2.111803932785032423e-01
-3.140039662922289865e-01
-3.140039662922289865e-01
2.101685998526456045e-01
2.101685998526456045e-01
6.759627985741276102e-02
6.759627985741276102e-02
0.000000000000000000e+00
0.000000000000000000e+00
0.000000000000000000e+00
0.000000000000000000e+00
0.000000000000000000e+00
0.000000000000000000e+00
0.000000000000000000e+00
0.000000000000000000e+00
0.000000000000000000e+00
0.000000000000000000e+00
0.000000000000000000e+00
0.000000000000000000e+00
0.000000000000000000e+00
0.000000000000000000e+00
0.000000000000000000e+00
0.000000000000000000e+00
0.000000000000000000e+00
0.000000000000000000e+00
0.000000000000000000e+00
0.000000000000000000e+00
0.000000000000000000e+00
0.000000000000000000e+00
0.000000000000000000e+00
0.000000000000000000e+00
0.000000000000000000e+00
0.000000000000000000e+00
0.000000000000000000e+00
0.000000000000000000e+00
0.000000000000000000e+00
0.000000000000000000e+00
0.000000000000000000e+00
0.000000000000000000e+00
0.000000000000000000e+00
0.000000000000000000e+00
0.000000000000000000e+00
0.000000000000000000e+00
0.000000000000000000e+00
0.000000000000000000e+00
0.000000000000000000e+00
0.000000000000000000e+00
0.000000000000000000e+00
0.000000000000000000e+00
0.000000000000000000e+00
0.000000000000000000e+00
0.000000000000000000e+00
0.000000000000000000e+00
0.000000000000000000e+00
0.000000000000000000e+00
0.000000000000000000e+00
0.000000000000000000e+00
0.000000000000000000e+00
0.000000000000000000e+00
0.000000000000000000e+00
0.000000000000000000e+00
0.000000000000000000e+00
0.000000000000000000e+00
0.000000000000000000e+00
0.000000000000000000e+00
0.000000000000000000e+00
0.000000000000000000e+00
0.000000000000000000e+00
0.000000000000000000e+00
0.000000000000000000e+00
0.000000000000000000e+00
0.000000000000000000e+00
0.000000000000000000e+00
0.000000000000000000e+00
