-1.627692095399505823e-01
-1.627692095399505823e-01
-4.744336965607685586e-01
-4.744336965607685586e-01
-1.712951786581393965e-01
-1.712951786581393965e-01
-3.190711191910033939e-02
-3.190711191910033939e-02
-9.168336829025292012e-03
-9.168336829025292012e-03
0.000000000000000000e+00
1.819172168363934194e-01
1.819172168363934194e-01
4.799740669886531919e-01
4.799740669886531919e-01
1.743425145251375485e-01
1.743425145251375485e-01
3.354543856463336471e-02
3.354543856463336471e-02
9.603375182332200485e-03
9.603375182332200485e-03
0.000000000000000000e+00
6.512787445750023441e-01
6.512787445750023441e-01
3.806282663063538796e-01
3.806282663063538796e-01
5.550241862356435352e-01
5.550241862356435352e-01
2.996044162001802458e-01
2.996044162001802458e-01
1.577008869505549804e-01
1.577008869505549804e-01
0.000000000000000000e+00
6.501909594233769019e-01
6.501909594233769019e-01
3.935333589416826761e-01
3.935333589416826761e-01
5.436501827114468277e-01
5.436501827114468277e-01
2.779780810442761263e-01
2.779780810442761263e-01
1.349761088559582600e-01
1.349761088559582600e-01
0.000000000000000000e+00
-1.145537803952125566e+00
-1.145537803952125566e+00
1.167907481799401737e-04
1.167907481799401737e-04
9.473425226466665183e-01
9.473425226466665183e-01
2.973010559242172390e-01
2.973010559242172390e-01
9.495771082823620257e-02
9.495771082823620257e-02
0.000000000000000000e+00
-1.131477089793518687e+00
-1.131477089793518687e+00
-4.402862104159521728e-03
-4.402862104159521728e-03
9.556816396469589581e-01
9.556816396469589581e-01
3.085597386013805288e-01
3.085597386013805288e-01
1.049388703816443585e-01
1.049388703816443585e-01
0.000000000000000000e+00
0.000000000000000000e+00
0.000000000000000000e+00
0.000000000000000000e+00
0.000000000000000000e+00
0.000000000000000000e+00
0.000000000000000000e+00
0.000000000000000000e+00
0.000000000000000000e+00
0.000000000000000000e+00
0.000000000000000000e+00
0.000000000000000000e+00
0.000000000000000000e+00
0.000000000000000000e+00
0.000000000000000000e+00
0.000000000000000000e+00
0.000000000000000000e+00
0.000000000000000000e+00
0.000000000000000000e+00
0.000000000000000000e+00
0.000000000000000000e+00
0.000000000000000000e+00
0.000000000000000000e+00
1.903614593633377317e-01
1.903614593633377317e-01
-3.406464112415295009e-01
-3.406464112415295009e-01
1.580368247804519455e-01
1.580368247804519455e-01
8.480375380675481134e-02
8.480375380675481134e-02
3.186627106979446344e-02
3.186627106979446344e-02
0.000000000000000000e+00
1.887430608213161998e-01
1.887430608213161998e-01
-3.392587518897845489e-01
-3.392587518897845489e-01
1.567931803976023719e-01
1.567931803976023719e-01
8.253656233881899451e-02
8.253656233881899451e-02
2.951389813168392440e-02
2.951389813168392440e-02
0.000000000000000000e+00
0.000000000000000000e+00
0.000000000000000000e+00
0.000000000000000000e+00
0.000000000000000000e+00
0.000000000000000000e+00
0.000000000000000000e+00
0.000000000000000000e+00
0.000000000000000000e+00
0.000000000000000000e+00
0.000000000000000000e+00
0.000000000000000000e+00
0.000000000000000000e+00
0.000000000000000000e+00
0.000000000000000000e+00
0.000000000000000000e+00
0.000000000000000000e+00
0.000000000000000000e+00
0.000000000000000000e+00
0.000000000000000000e+00
0.000000000000000000e+00
0.000000000000000000e+00
0.000000000000000000e+00
0.000000000000000000e+00
0.000000000000000000e+00
0.000000000000000000e+00
0.000000000000000000e+00
0.000000000000000000e+00
0.000000000000000000e+00
0.000000000000000000e+00
0.000000000000000000e+00
0.000000000000000000e+00
0.000000000000000000e+00
0.000000000000000000e+00
0.000000000000000000e+00
0.000000000000000000e+00
0.000000000000000000e+00
0.000000000000000000e+00
0.000000000000000000e+00
0.000000000000000000e+00
0.000000000000000000e+00
0.000000000000000000e+00
0.000000000000000000e+00
0.000000000000000000e+00
0.000000000000000000e+00
0.000000000000000000e+00
0.000000000000000000e+00
0.000000000000000000e+00
0.000000000000000000e+00
0.000000000000000000e+00
0.000000000000000000e+00
0.000000000000000000e+00
0.000000000000000000e+00
0.000000000000000000e+00
0.000000000000000000e+00
0.000000000000000000e+00
0.000000000000000000e+00
0.000000000000000000e+00
0.000000000000000000e+00
0.000000000000000000e+00
0.000000000000000000e+00
0.000000000000000000e+00
0.000000000000000000e+00
0.000000000000000000e+00
0.000000000000000000e+00
0.000000000000000000e+00
0.000000000000000000e+00
