-1.029881032336769616e-03
-1.029881032336769616e-03
-1.223350276436281914e-01
-1.223350276436281914e-01
-4.647969323267953645e-01
-4.647969323267953645e-01
-6.207921235723572878e-02
-6.207921235723572878e-02
1.977920345588885312e-02
1.977920345588885312e-02
0.000000000000000000e+00
5.150989111422046157e-02
5.150989111422046157e-02
2.812644501937952568e-01
2.812644501937952568e-01
5.759285325077008189e-01
5.759285325077008189e-01
2.086700389657410448e-01
2.086700389657410448e-01
3.808812623061322289e-02
3.808812623061322289e-02
0.000000000000000000e+00
3.544591406366133235e-01
3.544591406366133235e-01
7.986341427229376455e-01
7.986341427229376455e-01
4.924771676946149146e-01
4.924771676946149146e-01
8.580102183715420106e-01
8.580102183715420106e-01
3.997877334735479571e-01
3.997877334735479571e-01
0.000000000000000000e+00
2.457628831708487116e-01
2.457628831708487116e-01
7.740873340901670563e-01
7.740873340901670563e-01
7.194910358523325389e-01
7.194910358523325389e-01
7.498046830536626572e-01
7.498046830536626572e-01
2.076748071566781317e-01
2.076748071566781317e-01
0.000000000000000000e+00
-3.462564094970562723e-01
-3.462564094970562723e-01
-1.241871269514353227e+00
-1.241871269514353227e+00
1.006138610105745401e-01
1.006138610105745401e-01
1.290645951758271792e+00
1.290645951758271792e+00
3.266421495418798671e-01
3.266421495418798671e-01
0.000000000000000000e+00
-2.520241053760884919e-01
-2.520241053760884919e-01
-1.191028760048792989e+00
-1.191028760048792989e+00
8.934344578011575722e-02
8.934344578011575722e-02
1.229877248578263194e+00
1.229877248578263194e+00
2.679711993685768845e-01
2.679711993685768845e-01
0.000000000000000000e+00
0.000000000000000000e+00
0.000000000000000000e+00
0.000000000000000000e+00
0.000000000000000000e+00
0.000000000000000000e+00
0.000000000000000000e+00
0.000000000000000000e+00
0.000000000000000000e+00
0.000000000000000000e+00
0.000000000000000000e+00
0.000000000000000000e+00
0.000000000000000000e+00
0.000000000000000000e+00
0.000000000000000000e+00
0.000000000000000000e+00
0.000000000000000000e+00
0.000000000000000000e+00
0.000000000000000000e+00
0.000000000000000000e+00
0.000000000000000000e+00
0.000000000000000000e+00
0.000000000000000000e+00
8.479681336346663045e-02
8.479681336346663045e-02
1.312702222577654121e-01
1.312702222577654121e-01
-3.374630008715251428e-01
-3.374630008715251428e-01
2.820271413512141501e-01
2.820271413512141501e-01
1.164843304796054774e-01
1.164843304796054774e-01
0.000000000000000000e+00
7.214225819342232060e-02
7.214225819342232060e-02
1.554531736547877241e-01
1.554531736547877241e-01
-3.226028445559569469e-01
-3.226028445559569469e-01
2.837483633623725798e-01
2.837483633623725798e-01
7.537492487058083945e-02
7.537492487058083945e-02
0.000000000000000000e+00
0.000000000000000000e+00
0.000000000000000000e+00
0.000000000000000000e+00
0.000000000000000000e+00
0.000000000000000000e+00
0.000000000000000000e+00
0.000000000000000000e+00
0.000000000000000000e+00
0.000000000000000000e+00
0.000000000000000000e+00
0.000000000000000000e+00
0.000000000000000000e+00
0.000000000000000000e+00
0.000000000000000000e+00
0.000000000000000000e+00
0.000000000000000000e+00
0.000000000000000000e+00
0.000000000000000000e+00
0.000000000000000000e+00
0.000000000000000000e+00
0.000000000000000000e+00
0.000000000000000000e+00
0.000000000000000000e+00
0.000000000000000000e+00
0.000000000000000000e+00
0.000000000000000000e+00
0.000000000000000000e+00
0.000000000000000000e+00
0.000000000000000000e+00
0.000000000000000000e+00
0.000000000000000000e+00
0.000000000000000000e+00
0.000000000000000000e+00
0.000000000000000000e+00
0.000000000000000000e+00
0.000000000000000000e+00
0.000000000000000000e+00
0.000000000000000000e+00
0.000000000000000000e+00
0.000000000000000000e+00
0.000000000000000000e+00
0.000000000000000000e+00
0.000000000000000000e+00
0.000000000000000000e+00
0.000000000000000000e+00
0.000000000000000000e+00
0.000000000000000000e+00
0.000000000000000000e+00
0.000000000000000000e+00
0.000000000000000000e+00
0.000000000000000000e+00
0.000000000000000000e+00
0.000000000000000000e+00
0.000000000000000000e+00
0.000000000000000000e+00
0.000000000000000000e+00
0.000000000000000000e+00
0.000000000000000000e+00
0.000000000000000000e+00
0.000000000000000000e+00
0.000000000000000000e+00
0.000000000000000000e+00
0.000000000000000000e+00
0.000000000000000000e+00
0.000000000000000000e+00
0.000000000000000000e+00
