2.130597910255302256e-03
2.130597910255302256e-03
8.585481018805699461e-04
8.585481018805699461e-04
-9.090936105459634931e-02
-9.090936105459634931e-02
-4.729068737141294831e-01
-4.729068737141294831e-01
-7.416346087420576383e-02
-7.416346087420576383e-02
0.000000000000000000e+00
1.132131894934131251e-02
1.132131894934131251e-02
4.416304127545204322e-02
4.416304127545204322e-02
2.429163991724525573e-01
2.429163991724525573e-01
5.760704961831411008e-01
5.760704961831411008e-01
2.498072542012690633e-01
2.498072542012690633e-01
0.000000000000000000e+00
1.280473366419294656e-01
1.280473366419294656e-01
3.451309314710813148e-01
3.451309314710813148e-01
8.587442536939210447e-01
8.587442536939210447e-01
5.028977957753862915e-01
5.028977957753862915e-01
9.125947959276998755e-01
9.125947959276998755e-01
0.000000000000000000e+00
7.966239423444967938e-02
7.966239423444967938e-02
2.349726704040022707e-01
2.349726704040022707e-01
7.999866938129678307e-01
7.999866938129678307e-01
7.190972468950500573e-01
7.190972468950500573e-01
8.170808682452690430e-01
8.170808682452690430e-01
0.000000000000000000e+00
-9.776696966377096398e-02
-9.776696966377096398e-02
-3.440405682577695745e-01
-3.440405682577695745e-01
-1.226205416650305580e+00
-1.226205416650305580e+00
-4.326461969689519849e-03
-4.326461969689519849e-03
1.372364226892990757e+00
1.372364226892990757e+00
0.000000000000000000e+00
-5.284767175399064654e-02
-5.284767175399064654e-02
-2.494083177632479553e-01
-2.494083177632479553e-01
-1.158600981207786651e+00
-1.158600981207786651e+00
-3.729612624801287302e-03
-3.729612624801287302e-03
1.219557878411577478e+00
1.219557878411577478e+00
0.000000000000000000e+00
0.000000000000000000e+00
0.000000000000000000e+00
0.000000000000000000e+00
0.000000000000000000e+00
0.000000000000000000e+00
0.000000000000000000e+00
0.000000000000000000e+00
0.000000000000000000e+00
0.000000000000000000e+00
0.000000000000000000e+00
0.000000000000000000e+00
0.000000000000000000e+00
0.000000000000000000e+00
0.000000000000000000e+00
0.000000000000000000e+00
0.000000000000000000e+00
0.000000000000000000e+00
0.000000000000000000e+00
0.000000000000000000e+00
0.000000000000000000e+00
0.000000000000000000e+00
0.000000000000000000e+00
2.561232503395788340e-02
2.561232503395788340e-02
8.629840094645853388e-02
8.629840094645853388e-02
2.034483264255913249e-01
2.034483264255913249e-01
-3.298788882691847668e-01
-3.298788882691847668e-01
2.296612012366070765e-01
2.296612012366070765e-01
0.000000000000000000e+00
1.642511612641176302e-02
1.642511612641176302e-02
6.999554614160888311e-02
6.999554614160888311e-02
2.214504162221068995e-01
2.214504162221068995e-01
-3.132460705235905474e-01
-3.132460705235905474e-01
2.317208105912341998e-01
2.317208105912341998e-01
0.000000000000000000e+00
0.000000000000000000e+00
0.000000000000000000e+00
0.000000000000000000e+00
0.000000000000000000e+00
0.000000000000000000e+00
0.000000000000000000e+00
0.000000000000000000e+00
0.000000000000000000e+00
0.000000000000000000e+00
0.000000000000000000e+00
0.000000000000000000e+00
0.000000000000000000e+00
0.000000000000000000e+00
0.000000000000000000e+00
0.000000000000000000e+00
0.000000000000000000e+00
0.000000000000000000e+00
0.000000000000000000e+00
0.000000000000000000e+00
0.000000000000000000e+00
0.000000000000000000e+00
0.000000000000000000e+00
0.000000000000000000e+00
0.000000000000000000e+00
0.000000000000000000e+00
0.000000000000000000e+00
0.000000000000000000e+00
0.000000000000000000e+00
0.000000000000000000e+00
0.000000000000000000e+00
0.000000000000000000e+00
0.000000000000000000e+00
0.000000000000000000e+00
0.000000000000000000e+00
0.000000000000000000e+00
0.000000000000000000e+00
0.000000000000000000e+00
0.000000000000000000e+00
0.000000000000000000e+00
0.000000000000000000e+00
0.000000000000000000e+00
0.000000000000000000e+00
0.000000000000000000e+00
0.000000000000000000e+00
0.000000000000000000e+00
0.000000000000000000e+00
0.000000000000000000e+00
0.000000000000000000e+00
0.000000000000000000e+00
0.000000000000000000e+00
0.000000000000000000e+00
0.000000000000000000e+00
0.000000000000000000e+00
0.000000000000000000e+00
0.000000000000000000e+00
0.000000000000000000e+00
0.000000000000000000e+00
0.000000000000000000e+00
0.000000000000000000e+00
0.000000000000000000e+00
0.000000000000000000e+00
0.000000000000000000e+00
0.000000000000000000e+00
0.000000000000000000e+00
0.000000000000000000e+00
0.000000000000000000e+00
