4.493416155772605308e-02
4.493416155772605308e-02
1.362206353898821609e-01
1.362206353898821609e-01
2.685781761619208674e-01
2.685781761619208674e-01
-7.803421556535496961e-01
-7.803421556535496961e-01
3.110372928363734357e-01
3.110372928363734357e-01
0.000000000000000000e+00
-8.713311014424305126e-03
-8.713311014424305126e-03
-5.869998587085682729e-02
-5.869998587085682729e-02
-1.728557622512134073e-01
-1.728557622512134073e-01
8.073856462559237945e-01
8.073856462559237945e-01
-1.978717433940209436e-01
-1.978717433940209436e-01
0.000000000000000000e+00
3.779611080502132126e-02
3.779611080502132126e-02
5.972024907446657482e-02
5.972024907446657482e-02
1.007655214918320441e-01
1.007655214918320441e-01
1.151124454887305415e+00
1.151124454887305415e+00
1.003997996487251410e-01
1.003997996487251410e-01
0.000000000000000000e+00
1.219053702742169676e-01
1.219053702742169676e-01
4.518591514068767134e-01
4.518591514068767134e-01
1.676641440330019162e+00
1.676641440330019162e+00
2.313697290991686972e-01
2.313697290991686972e-01
1.761011113183492460e+00
1.761011113183492460e+00
0.000000000000000000e+00
-1.045287198132539286e-01
-1.045287198132539286e-01
-3.654239423498147343e-01
-3.654239423498147343e-01
-1.282994260883347559e+00
-1.282994260883347559e+00
4.423960090991837374e-02
4.423960090991837374e-02
1.311513423076740681e+00
1.311513423076740681e+00
0.000000000000000000e+00
-4.968276792820325999e-02
-4.968276792820325999e-02
-2.331588742409774762e-01
-2.331588742409774762e-01
-1.092920761193298951e+00
-1.092920761193298951e+00
-4.027085170972895256e-02
-4.027085170972895256e-02
1.290278474411071130e+00
1.290278474411071130e+00
0.000000000000000000e+00
0.000000000000000000e+00
0.000000000000000000e+00
0.000000000000000000e+00
0.000000000000000000e+00
0.000000000000000000e+00
0.000000000000000000e+00
0.000000000000000000e+00
0.000000000000000000e+00
0.000000000000000000e+00
0.000000000000000000e+00
0.000000000000000000e+00
0.000000000000000000e+00
0.000000000000000000e+00
0.000000000000000000e+00
0.000000000000000000e+00
0.000000000000000000e+00
0.000000000000000000e+00
0.000000000000000000e+00
0.000000000000000000e+00
0.000000000000000000e+00
0.000000000000000000e+00
0.000000000000000000e+00
2.775218132761016199e-02
2.775218132761016199e-02
9.306548736860630056e-02
9.306548736860630056e-02
2.214199998860395535e-01
2.214199998860395535e-01
-3.452483404007228307e-01
-3.452483404007228307e-01
2.489183421377938743e-01
2.489183421377938743e-01
0.000000000000000000e+00
1.542353529283944751e-02
1.542353529283944751e-02
6.485316833393243996e-02
6.485316833393243996e-02
2.006649348317341153e-01
2.006649348317341153e-01
-3.016820525587119994e-01
-3.016820525587119994e-01
2.093402273555402537e-01
2.093402273555402537e-01
0.000000000000000000e+00
-6.506492282544518169e-02
-6.506492282544518169e-02
-2.057614603173628098e-01
-2.057614603173628098e-01
-5.464505025414789774e-01
-5.464505025414789774e-01
4.673268108710020852e-01
4.673268108710020852e-01
-5.855366978097805708e-01
-5.855366978097805708e-01
0.000000000000000000e+00
3.045427860058392416e-02
3.045427860058392416e-02
1.563602268711162258e-01
1.563602268711162258e-01
6.320077416585030416e-01
6.320077416585030416e-01
-3.516179753550717768e-01
-3.516179753550717768e-01
6.805087461626601053e-01
6.805087461626601053e-01
0.000000000000000000e+00
0.000000000000000000e+00
0.000000000000000000e+00
0.000000000000000000e+00
0.000000000000000000e+00
0.000000000000000000e+00
0.000000000000000000e+00
0.000000000000000000e+00
0.000000000000000000e+00
0.000000000000000000e+00
0.000000000000000000e+00
0.000000000000000000e+00
0.000000000000000000e+00
0.000000000000000000e+00
0.000000000000000000e+00
0.000000000000000000e+00
0.000000000000000000e+00
0.000000000000000000e+00
0.000000000000000000e+00
0.000000000000000000e+00
0.000000000000000000e+00
0.000000000000000000e+00
0.000000000000000000e+00
0.000000000000000000e+00
0.000000000000000000e+00
0.000000000000000000e+00
0.000000000000000000e+00
0.000000000000000000e+00
0.000000000000000000e+00
0.000000000000000000e+00
0.000000000000000000e+00
0.000000000000000000e+00
0.000000000000000000e+00
0.000000000000000000e+00
0.000000000000000000e+00
0.000000000000000000e+00
0.000000000000000000e+00
0.000000000000000000e+00
0.000000000000000000e+00
0.000000000000000000e+00
0.000000000000000000e+00
0.000000000000000000e+00
0.000000000000000000e+00
0.000000000000000000e+00
0.000000000000000000e+00
