-1.206407817625839915e-03
-1.206407817625839915e-03
-9.275509200815129640e-03
-9.275509200815129640e-03
-1.155645599474248442e-01
-1.155645599474248442e-01
-5.174118549964479286e-01
-5.174118549964479286e-01
-1.198301189289201207e-01
-1.198301189289201207e-01
0.000000000000000000e+00
2.440718162040427224e-03
2.440718162040427224e-03
1.197492109819284570e-02
1.197492109819284570e-02
1.219330378869050019e-01
1.219330378869050019e-01
5.187993524322950245e-01
5.187993524322950245e-01
1.191824942081870786e-01
1.191824942081870786e-01
0.000000000000000000e+00
1.354675506005260655e-01
1.354675506005260655e-01
2.820092519260314345e-01
2.820092519260314345e-01
5.474205728734047316e-01
5.474205728734047316e-01
3.892494460910358445e-01
3.892494460910358445e-01
6.680172500891125020e-01
6.680172500891125020e-01
0.000000000000000000e+00
1.437151872759117599e-01
1.437151872759117599e-01
2.868661908873083033e-01
2.868661908873083033e-01
5.519081190515719992e-01
5.519081190515719992e-01
3.892933460637203469e-01
3.892933460637203469e-01
6.648675722328164506e-01
6.648675722328164506e-01
0.000000000000000000e+00
-1.061544882372943421e-01
-1.061544882372943421e-01
-3.101707206360302949e-01
-3.101707206360302949e-01
-9.582165389209942319e-01
-9.582165389209942319e-01
-5.624541810759421667e-03
-5.624541810759421667e-03
1.135409161175436665e+00
1.135409161175436665e+00
0.000000000000000000e+00
-9.868716556783108107e-02
-9.868716556783108107e-02
-3.005961527519614984e-01
-3.005961527519614984e-01
-9.503924475913565484e-01
-9.503924475913565484e-01
-8.693599990344184902e-03
-8.693599990344184902e-03
1.140883032691675236e+00
1.140883032691675236e+00
0.000000000000000000e+00
0.000000000000000000e+00
0.000000000000000000e+00
0.000000000000000000e+00
0.000000000000000000e+00
0.000000000000000000e+00
0.000000000000000000e+00
0.000000000000000000e+00
0.000000000000000000e+00
0.000000000000000000e+00
0.000000000000000000e+00
0.000000000000000000e+00
0.000000000000000000e+00
0.000000000000000000e+00
0.000000000000000000e+00
0.000000000000000000e+00
0.000000000000000000e+00
0.000000000000000000e+00
0.000000000000000000e+00
0.000000000000000000e+00
0.000000000000000000e+00
0.000000000000000000e+00
0.000000000000000000e+00
2.985564030984608902e-02
2.985564030984608902e-02
8.291245127179495966e-02
8.291245127179495966e-02
1.570724941667465679e-01
1.570724941667465679e-01
-3.388417059632873318e-01
-3.388417059632873318e-01
1.915863325054525945e-01
1.915863325054525945e-01
0.000000000000000000e+00
3.019551561578414853e-02
3.019551561578414853e-02
8.285868467283721839e-02
8.285868467283721839e-02
1.570231359696625806e-01
1.570231359696625806e-01
-3.387853734046973320e-01
-3.387853734046973320e-01
1.910045640657517529e-01
1.910045640657517529e-01
0.000000000000000000e+00
-5.778164958265023798e-02
-5.778164958265023798e-02
-1.919943046588319657e-01
-1.919943046588319657e-01
-4.907999143466760805e-01
-4.907999143466760805e-01
3.678436274804307016e-01
3.678436274804307016e-01
-4.885735996642335821e-01
-4.885735996642335821e-01
0.000000000000000000e+00
6.609403410672633206e-02
6.609403410672633206e-02
1.974491385016022837e-01
1.974491385016022837e-01
4.934611280990218729e-01
4.934611280990218729e-01
-3.674547021085624587e-01
-3.674547021085624587e-01
4.855967529683030137e-01
4.855967529683030137e-01
0.000000000000000000e+00
0.000000000000000000e+00
0.000000000000000000e+00
0.000000000000000000e+00
0.000000000000000000e+00
0.000000000000000000e+00
0.000000000000000000e+00
0.000000000000000000e+00
0.000000000000000000e+00
0.000000000000000000e+00
0.000000000000000000e+00
0.000000000000000000e+00
0.000000000000000000e+00
0.000000000000000000e+00
0.000000000000000000e+00
0.000000000000000000e+00
0.000000000000000000e+00
0.000000000000000000e+00
0.000000000000000000e+00
0.000000000000000000e+00
0.000000000000000000e+00
0.000000000000000000e+00
0.000000000000000000e+00
0.000000000000000000e+00
0.000000000000000000e+00
0.000000000000000000e+00
0.000000000000000000e+00
0.000000000000000000e+00
0.000000000000000000e+00
0.000000000000000000e+00
0.000000000000000000e+00
0.000000000000000000e+00
0.000000000000000000e+00
0.000000000000000000e+00
0.000000000000000000e+00
0.000000000000000000e+00
0.000000000000000000e+00
0.000000000000000000e+00
0.000000000000000000e+00
0.000000000000000000e+00
0.000000000000000000e+00
0.000000000000000000e+00
0.000000000000000000e+00
0.000000000000000000e+00
0.000000000000000000e+00
