-2.853 -2.853 -2.853 -2.853 -2.853
-5.5071 -5.5071 -5.5071 -5.5071 -5.5071
-13.61 -13.61 -13.61 -13.61 -13.61
1.2917 1.2917 1.2917 1.2917 1.2917
3.2447 3.2447 3.2447 3.2447 3.2447
0.39328 0.39328 0.39328 0.39328 0.39328
-10.671 -10.671 -10.671 -10.671 -10.671
-3.2017 -3.2017 -3.2017 -3.2017 -3.2017
-4.3246 -4.3246 -4.3246 -4.3246 -4.3246
-2.1866 -2.1866 -2.1866 -2.1866 -2.1866
-0.81978 -0.81978 -0.81978 -0.81978 -0.81978
3.5365 3.5365 3.5365 3.5365 3.5365
11.438 11.438 11.438 11.438 11.438
34.05 34.05 34.05 34.05 34.05
-2.8882 -2.8882 -2.8882 -2.8882 -2.8882
-36.872 -36.872 -36.872 -36.872 -36.872
-3.2742 -3.2742 -3.2742 -3.2742 -3.2742
36.271 36.271 36.271 36.271 36.271
10.203 10.203 10.203 10.203 10.203
3.7733 3.7733 3.7733 3.7733 3.7733
1.1937 1.1937 1.1937 1.1937 1.1937
0.1133 0.1133 0.1133 0.1133 0.1133
-2.3427 -2.3427 -2.3427 -2.3427 -2.3427
-4.2847 -4.2847 -4.2847 -4.2847 -4.2847
-7.5832 -7.5832 -7.5832 -7.5832 -7.5832
2.1381 2.1381 2.1381 2.1381 2.1381
-2.8481 -2.8481 -2.8481 -2.8481 -2.8481
2.0462 2.0462 2.0462 2.0462 2.0462
-7.1905 -7.1905 -7.1905 -7.1905 -7.1905
-4.251 -4.251 -4.251 -4.251 -4.251
-2.423 -2.423 -2.423 -2.423 -2.423
-1.6475 -1.6475 -1.6475 -1.6475 -1.6475
-0.88286 -0.88286 -0.88286 -0.88286 -0.88286
-1.4076 -1.4076 -1.4076 -1.4076 -1.4076
-1.843 -1.843 -1.843 -1.843 -1.843
-0.99245 -0.99245 -0.99245 -0.99245 -0.99245
0.54342 0.54342 0.54342 0.54342 0.54342
-1.3941 -1.3941 -1.3941 -1.3941 -1.3941
0.48562 0.48562 0.48562 0.48562 0.48562
-0.79359 -0.79359 -0.79359 -0.79359 -0.79359
-1.8571 -1.8571 -1.8571 -1.8571 -1.8571
-1.4097 -1.4097 -1.4097 -1.4097 -1.4097
-1.1958 -1.1958 -1.1958 -1.1958 -1.1958
-0.72183 -0.72183 -0.72183 -0.72183 -0.72183
0.078675 0.078675 0.078675 0.078675 0.078675
0.23394 0.23394 0.23394 0.23394 0.23394
0.90027 0.90027 0.90027 0.90027 0.90027
3.3947 3.3947 3.3947 3.3947 3.3947
0.011836 0.011836 0.011836 0.011836 0.011836
-3.4019 -3.4019 -3.4019 -3.4019 -3.4019
-0.87269 -0.87269 -0.87269 -0.87269 -0.87269
-0.21681 -0.21681 -0.21681 -0.21681 -0.21681
-0.075573 -0.075573 -0.075573 -0.075573 -0.075573
-0.04172 -0.04172 -0.04172 -0.04172 -0.04172
-0.01652 -0.01652 -0.01652 -0.01652 -0.01652
0.060786 0.060786 0.060786 0.060786 0.060786
0.15191 0.15191 0.15191 0.15191 0.15191
0.38616 0.38616 0.38616 0.38616 0.38616
0.63294 0.63294 0.63294 0.63294 0.63294
0.0018933 0.0018933 0.0018933 0.0018933 0.0018933
-0.62959 -0.62959 -0.62959 -0.62959 -0.62959
-0.38794 -0.38794 -0.38794 -0.38794 -0.38794
-0.14698 -0.14698 -0.14698 -0.14698 -0.14698
-0.060341 -0.060341 -0.060341 -0.060341 -0.060341
-0.036167 -0.036167 -0.036167 -0.036167 -0.036167
-0.014896 -0.014896 -0.014896 -0.014896 -0.014896
-0.22945 -0.22945 -0.22945 -0.22945 -0.22945
-0.40687 -0.40687 -0.40687 -0.40687 -0.40687
-0.5582 -0.5582 -0.5582 -0.5582 -0.5582
0.41566 0.41566 0.41566 0.41566 0.41566
-0.48236 -0.48236 -0.48236 -0.48236 -0.48236
0.4357 0.4357 0.4357 0.4357 0.4357
-0.60939 -0.60939 -0.60939 -0.60939 -0.60939
-0.48957 -0.48957 -0.48957 -0.48957 -0.48957
-0.186 -0.186 -0.186 -0.186 -0.186
-0.1547 -0.1547 -0.1547 -0.1547 -0.1547
-0.096268 -0.096268 -0.096268 -0.096268 -0.096268
-0.3277 -0.3277 -0.3277 -0.3277 -0.3277
-0.67268 -0.67268 -0.67268 -0.67268 -0.67268
-1.3386 -1.3386 -1.3386 -1.3386 -1.3386
0.46634 0.46634 0.46634 0.46634 0.46634
1.3374 1.3374 1.3374 1.3374 1.3374
0.47166 0.47166 0.47166 0.47166 0.47166
-1.3919 -1.3919 -1.3919 -1.3919 -1.3919
-0.62773 -0.62773 -0.62773 -0.62773 -0.62773
-0.33734 -0.33734 -0.33734 -0.33734 -0.33734
-0.21338 -0.21338 -0.21338 -0.21338 -0.21338
-0.10681 -0.10681 -0.10681 -0.10681 -0.10681
-1.4092 -1.4092 -1.4092 -1.4092 -1.4092
-2.572 -2.572 -2.572 -2.572 -2.572
-4.777 -4.777 -4.777 -4.777 -4.777
1.9649 1.9649 1.9649 1.9649 1.9649
-2.7637 -2.7637 -2.7637 -2.7637 -2.7637
1.792 1.792 1.792 1.792 1.792
-4.1543 -4.1543 -4.1543 -4.1543 -4.1543
-2.2356 -2.2356 -2.2356 -2.2356 -2.2356
-1.6566 -1.6566 -1.6566 -1.6566 -1.6566
-1.0246 -1.0246 -1.0246 -1.0246 -1.0246
-0.50103 -0.50103 -0.50103 -0.50103 -0.50103
-0.064048 -0.064048 -0.064048 -0.064048 -0.064048
0.96003 0.96003 0.96003 0.96003 0.96003
4.8685 4.8685 4.8685 4.8685 4.8685
0.71616 0.71616 0.71616 0.71616 0.71616
-5.5716 -5.5716 -5.5716 -5.5716 -5.5716
0.63142 0.63142 0.63142 0.63142 0.63142
5.2827 5.2827 5.2827 5.2827 5.2827
0.77986 0.77986 0.77986 0.77986 0.77986
-0.033364 -0.033364 -0.033364 -0.033364 -0.033364
-0.33139 -0.33139 -0.33139 -0.33139 -0.33139
-0.29215 -0.29215 -0.29215 -0.29215 -0.29215
-0.39321 -0.39321 -0.39321 -0.39321 -0.39321
-0.74632 -0.74632 -0.74632 -0.74632 -0.74632
-1.6748 -1.6748 -1.6748 -1.6748 -1.6748
0.18856 0.18856 0.18856 0.18856 0.18856
0.061991 0.061991 0.061991 0.061991 0.061991
0.10198 0.10198 0.10198 0.10198 0.10198
-1.385 -1.385 -1.385 -1.385 -1.385
-0.53744 -0.53744 -0.53744 -0.53744 -0.53744
-0.53069 -0.53069 -0.53069 -0.53069 -0.53069
-0.29236 -0.29236 -0.29236 -0.29236 -0.29236
-0.12495 -0.12495 -0.12495 -0.12495 -0.12495
0.24687 0.24687 0.24687 0.24687 0.24687
0.95127 0.95127 0.95127 0.95127 0.95127
3.1116 3.1116 3.1116 3.1116 3.1116
0.12328 0.12328 0.12328 0.12328 0.12328
-3.205 -3.205 -3.205 -3.205 -3.205
0.084347 0.084347 0.084347 0.084347 0.084347
3.325 3.325 3.325 3.325 3.325
0.83968 0.83968 0.83968 0.83968 0.83968
0.26763 0.26763 0.26763 0.26763 0.26763
0.043064 0.043064 0.043064 0.043064 0.043064
-0.029698 -0.029698 -0.029698 -0.029698 -0.029698
0 0 0 0 0
0 0 0 0 0
0 0 0 0 0
0 0 0 0 0
0 0 0 0 0
0 0 0 0 0
0 0 0 0 0
0 0 0 0 0
0 0 0 0 0
0 0 0 0 0
0 0 0 0 0
0 0 0 0 0
0 0 0 0 0
0 0 0 0 0
0 0 0 0 0
0 0 0 0 0
0 0 0 0 0
0 0 0 0 0
0 0 0 0 0
0 0 0 0 0
0 0 0 0 0
0 0 0 0 0
0 0 0 0 0
0 0 0 0 0
0 0 0 0 0
0 0 0 0 0
0 0 0 0 0
0 0 0 0 0
0 0 0 0 0
0 0 0 0 0
0 0 0 0 0
0 0 0 0 0
0 0 0 0 0
0 0 0 0 0
0 0 0 0 0
0 0 0 0 0
0 0 0 0 0
0 0 0 0 0
0 0 0 0 0
0 0 0 0 0
0 0 0 0 0
0 0 0 0 0
0 0 0 0 0
0 0 0 0 0
1 2 3 4 5
