-0.068676 -0.068676 -0.068676 -0.068676 -0.068676
-0.068676 -0.068676 -0.068676 -0.068676 -0.068676
0.46531 0.46531 0.46531 0.46531 0.46531
0.46531 0.46531 0.46531 0.46531 0.46531
0.48229 0.48229 0.48229 0.48229 0.48229
0.48229 0.48229 0.48229 0.48229 0.48229
0.1775 0.1775 0.1775 0.1775 0.1775
0.1775 0.1775 0.1775 0.1775 0.1775
0 0 0 0 0
0 0 0 0 0
0 0 0 0 0
0 0 0 0 0
0 0 0 0 0
-0.9065 -0.9065 -0.9065 -0.9065 -0.9065
-0.9065 -0.9065 -0.9065 -0.9065 -0.9065
-1.0759 -1.0759 -1.0759 -1.0759 -1.0759
-1.0759 -1.0759 -1.0759 -1.0759 -1.0759
-0.18996 -0.18996 -0.18996 -0.18996 -0.18996
-0.18996 -0.18996 -0.18996 -0.18996 -0.18996
-0.052683 -0.052683 -0.052683 -0.052683 -0.052683
-0.052683 -0.052683 -0.052683 -0.052683 -0.052683
0 0 0 0 0
-0.15983 -0.15983 -0.15983 -0.15983 -0.15983
-0.15983 -0.15983 -0.15983 -0.15983 -0.15983
-0.28615 -0.28615 -0.28615 -0.28615 -0.28615
-0.28615 -0.28615 -0.28615 -0.28615 -0.28615
-0.20758 -0.20758 -0.20758 -0.20758 -0.20758
-0.20758 -0.20758 -0.20758 -0.20758 -0.20758
-0.49636 -0.49636 -0.49636 -0.49636 -0.49636
-0.49636 -0.49636 -0.49636 -0.49636 -0.49636
0 0 0 0 0
-4.4409e-16 -4.4409e-16 -4.4409e-16 -4.4409e-16 -4.4409e-16
0 0 0 0 0
0 0 0 0 0
0 0 0 0 0
-0.84236 -0.84236 -0.84236 -0.84236 -0.84236
-0.84236 -0.84236 -0.84236 -0.84236 -0.84236
-1.0154 -1.0154 -1.0154 -1.0154 -1.0154
-1.0154 -1.0154 -1.0154 -1.0154 -1.0154
-0.42961 -0.42961 -0.42961 -0.42961 -0.42961
-0.42961 -0.42961 -0.42961 -0.42961 -0.42961
-0.10464 -0.10464 -0.10464 -0.10464 -0.10464
-0.10464 -0.10464 -0.10464 -0.10464 -0.10464
0 0 0 0 0
-0.067354 -0.067354 -0.067354 -0.067354 -0.067354
-0.067354 -0.067354 -0.067354 -0.067354 -0.067354
1.4259 1.4259 1.4259 1.4259 1.4259
1.4259 1.4259 1.4259 1.4259 1.4259
-0.44963 -0.44963 -0.44963 -0.44963 -0.44963
-0.44963 -0.44963 -0.44963 -0.44963 -0.44963
-3.2907 -3.2907 -3.2907 -3.2907 -3.2907
-3.2907 -3.2907 -3.2907 -3.2907 -3.2907
0 0 0 0 0
4.4409e-16 4.4409e-16 4.4409e-16 4.4409e-16 4.4409e-16
0 0 0 0 0
0 0 0 0 0
0 0 0 0 0
1.0553 1.0553 1.0553 1.0553 1.0553
1.0553 1.0553 1.0553 1.0553 1.0553
0.10263 0.10263 0.10263 0.10263 0.10263
0.10263 0.10263 0.10263 0.10263 0.10263
-1.2652 -1.2652 -1.2652 -1.2652 -1.2652
-1.2652 -1.2652 -1.2652 -1.2652 -1.2652
-0.22561 -0.22561 -0.22561 -0.22561 -0.22561
-0.22561 -0.22561 -0.22561 -0.22561 -0.22561
0 0 0 0 0
0 0 0 0 0
0 0 0 0 0
0 0 0 0 0
0 0 0 0 0
-0 -0 -0 -0 -0
0 0 0 0 0
-0 -0 -0 -0 -0
0 0 0 0 0
0 0 0 0 0
0 0 0 0 0
0 0 0 0 0
0 0 0 0 0
0 0 0 0 0
0 0 0 0 0
0 0 0 0 0
0 0 0 0 0
0 0 0 0 0
0 0 0 0 0
0 0 0 0 0
0 0 0 0 0
0 0 0 0 0
0 0 0 0 0
0.11896 0.11896 0.11896 0.11896 0.11896
0.11896 0.11896 0.11896 0.11896 0.11896
0.30686 0.30686 0.30686 0.30686 0.30686
0.30686 0.30686 0.30686 0.30686 0.30686
-0.53966 -0.53966 -0.53966 -0.53966 -0.53966
-0.53966 -0.53966 -0.53966 -0.53966 -0.53966
2.164 2.164 2.164 2.164 2.164
2.164 2.164 2.164 2.164 2.164
0 0 0 0 0
0 0 0 0 0
0 0 0 0 0
0 0 0 0 0
0 0 0 0 0
-0.72902 -0.72902 -0.72902 -0.72902 -0.72902
-0.72902 -0.72902 -0.72902 -0.72902 -0.72902
-0.55046 -0.55046 -0.55046 -0.55046 -0.55046
-0.55046 -0.55046 -0.55046 -0.55046 -0.55046
0.73162 0.73162 0.73162 0.73162 0.73162
0.73162 0.73162 0.73162 0.73162 0.73162
0.12398 0.12398 0.12398 0.12398 0.12398
0.12398 0.12398 0.12398 0.12398 0.12398
0 0 0 0 0
0 0 0 0 0
0 0 0 0 0
0 0 0 0 0
0 0 0 0 0
-0 -0 -0 -0 -0
0 0 0 0 0
-0 -0 -0 -0 -0
0 0 0 0 0
0 0 0 0 0
0 0 0 0 0
0 0 0 0 0
0 0 0 0 0
0 0 0 0 0
0 0 0 0 0
0 0 0 0 0
0 0 0 0 0
0 0 0 0 0
0 0 0 0 0
0 0 0 0 0
0 0 0 0 0
0 0 0 0 0
0 0 0 0 0
0 0 0 0 0
0 0 0 0 0
0 0 0 0 0
0 0 0 0 0
-0 -0 -0 -0 -0
0 0 0 0 0
-0 -0 -0 -0 -0
0 0 0 0 0
0 0 0 0 0
0 0 0 0 0
0 0 0 0 0
0 0 0 0 0
0 0 0 0 0
0 0 0 0 0
0 0 0 0 0
0 0 0 0 0
0 0 0 0 0
0 0 0 0 0
0 0 0 0 0
0 0 0 0 0
0 0 0 0 0
0 0 0 0 0
0 0 0 0 0
0 0 0 0 0
0 0 0 0 0
0 0 0 0 0
-0 -0 -0 -0 -0
0 0 0 0 0
-0 -0 -0 -0 -0
0 0 0 0 0
0 0 0 0 0
0 0 0 0 0
0 0 0 0 0
0 0 0 0 0
0 0 0 0 0
0 0 0 0 0
0 0 0 0 0
0 0 0 0 0
0 0 0 0 0
0 0 0 0 0
0 0 0 0 0
0 0 0 0 0
0 0 0 0 0
0 0 0 0 0
1 2 3 4 5
