-10.333 -10.333 -10.333 -10.333 -10.333
-10.333 -10.333 -10.333 -10.333 -10.333
-1.8457 -1.8457 -1.8457 -1.8457 -1.8457
-1.8457 -1.8457 -1.8457 -1.8457 -1.8457
2.0396 2.0396 2.0396 2.0396 2.0396
2.0396 2.0396 2.0396 2.0396 2.0396
-5.3931 -5.3931 -5.3931 -5.3931 -5.3931
-5.3931 -5.3931 -5.3931 -5.3931 -5.3931
0 0 0 0 0
0 0 0 0 0
0 0 0 0 0
2.6945 2.6945 2.6945 2.6945 2.6945
2.6945 2.6945 2.6945 2.6945 2.6945
11.935 11.935 11.935 11.935 11.935
11.935 11.935 11.935 11.935 11.935
-16.522 -16.522 -16.522 -16.522 -16.522
-16.522 -16.522 -16.522 -16.522 -16.522
21.165 21.165 21.165 21.165 21.165
21.165 21.165 21.165 21.165 21.165
0 0 0 0 0
0 0 0 0 0
0 0 0 0 0
-12.092 -12.092 -12.092 -12.092 -12.092
-12.092 -12.092 -12.092 -12.092 -12.092
1.2692 1.2692 1.2692 1.2692 1.2692
1.2692 1.2692 1.2692 1.2692 1.2692
-0.53814 -0.53814 -0.53814 -0.53814 -0.53814
-0.53814 -0.53814 -0.53814 -0.53814 -0.53814
-1.0551 -1.0551 -1.0551 -1.0551 -1.0551
-1.0551 -1.0551 -1.0551 -1.0551 -1.0551
0 0 0 0 0
0 0 0 0 0
0 0 0 0 0
-6.0416 -6.0416 -6.0416 -6.0416 -6.0416
-6.0416 -6.0416 -6.0416 -6.0416 -6.0416
-1.3894 -1.3894 -1.3894 -1.3894 -1.3894
-1.3894 -1.3894 -1.3894 -1.3894 -1.3894
0.65531 0.65531 0.65531 0.65531 0.65531
0.65531 0.65531 0.65531 0.65531 0.65531
3.1273 3.1273 3.1273 3.1273 3.1273
3.1273 3.1273 3.1273 3.1273 3.1273
0 0 0 0 0
0 0 0 0 0
0 0 0 0 0
4.662 4.662 4.662 4.662 4.662
4.662 4.662 4.662 4.662 4.662
0.75408 0.75408 0.75408 0.75408 0.75408
0.75408 0.75408 0.75408 0.75408 0.75408
-0.29159 -0.29159 -0.29159 -0.29159 -0.29159
-0.29159 -0.29159 -0.29159 -0.29159 -0.29159
-3.1645 -3.1645 -3.1645 -3.1645 -3.1645
-3.1645 -3.1645 -3.1645 -3.1645 -3.1645
0 0 0 0 0
0 0 0 0 0
0 0 0 0 0
2.4672 2.4672 2.4672 2.4672 2.4672
2.4672 2.4672 2.4672 2.4672 2.4672
1.4785 1.4785 1.4785 1.4785 1.4785
1.4785 1.4785 1.4785 1.4785 1.4785
-0.83102 -0.83102 -0.83102 -0.83102 -0.83102
-0.83102 -0.83102 -0.83102 -0.83102 -0.83102
-2.3963 -2.3963 -2.3963 -2.3963 -2.3963
-2.3963 -2.3963 -2.3963 -2.3963 -2.3963
0 0 0 0 0
0 0 0 0 0
0 0 0 0 0
-1.5704 -1.5704 -1.5704 -1.5704 -1.5704
-1.5704 -1.5704 -1.5704 -1.5704 -1.5704
0.34354 0.34354 0.34354 0.34354 0.34354
0.34354 0.34354 0.34354 0.34354 0.34354
-0.11374 -0.11374 -0.11374 -0.11374 -0.11374
-0.11374 -0.11374 -0.11374 -0.11374 -0.11374
0.12182 0.12182 0.12182 0.12182 0.12182
0.12182 0.12182 0.12182 0.12182 0.12182
0 0 0 0 0
0 0 0 0 0
0 0 0 0 0
-1.0757 -1.0757 -1.0757 -1.0757 -1.0757
-1.0757 -1.0757 -1.0757 -1.0757 -1.0757
-0.58308 -0.58308 -0.58308 -0.58308 -0.58308
-0.58308 -0.58308 -0.58308 -0.58308 -0.58308
0.86584 0.86584 0.86584 0.86584 0.86584
0.86584 0.86584 0.86584 0.86584 0.86584
-0.23291 -0.23291 -0.23291 -0.23291 -0.23291
-0.23291 -0.23291 -0.23291 -0.23291 -0.23291
0 0 0 0 0
0 0 0 0 0
0 0 0 0 0
-11.141 -11.141 -11.141 -11.141 -11.141
-11.141 -11.141 -11.141 -11.141 -11.141
1.2907 1.2907 1.2907 1.2907 1.2907
1.2907 1.2907 1.2907 1.2907 1.2907
-0.60807 -0.60807 -0.60807 -0.60807 -0.60807
-0.60807 -0.60807 -0.60807 -0.60807 -0.60807
0.9809 0.9809 0.9809 0.9809 0.9809
0.9809 0.9809 0.9809 0.9809 0.9809
0 0 0 0 0
0 0 0 0 0
0 0 0 0 0
-4.5026 -4.5026 -4.5026 -4.5026 -4.5026
-4.5026 -4.5026 -4.5026 -4.5026 -4.5026
0.48736 0.48736 0.48736 0.48736 0.48736
0.48736 0.48736 0.48736 0.48736 0.48736
-1.1822 -1.1822 -1.1822 -1.1822 -1.1822
-1.1822 -1.1822 -1.1822 -1.1822 -1.1822
6.4804 6.4804 6.4804 6.4804 6.4804
6.4804 6.4804 6.4804 6.4804 6.4804
0 0 0 0 0
0 0 0 0 0
0 0 0 0 0
-1.6719 -1.6719 -1.6719 -1.6719 -1.6719
-1.6719 -1.6719 -1.6719 -1.6719 -1.6719
-0.10978 -0.10978 -0.10978 -0.10978 -0.10978
-0.10978 -0.10978 -0.10978 -0.10978 -0.10978
0.11892 0.11892 0.11892 0.11892 0.11892
0.11892 0.11892 0.11892 0.11892 0.11892
-0.53401 -0.53401 -0.53401 -0.53401 -0.53401
-0.53401 -0.53401 -0.53401 -0.53401 -0.53401
0 0 0 0 0
0 0 0 0 0
0 0 0 0 0
-0.11939 -0.11939 -0.11939 -0.11939 -0.11939
-0.11939 -0.11939 -0.11939 -0.11939 -0.11939
1.1145 1.1145 1.1145 1.1145 1.1145
1.1145 1.1145 1.1145 1.1145 1.1145
-1.279 -1.279 -1.279 -1.279 -1.279
-1.279 -1.279 -1.279 -1.279 -1.279
2.1367 2.1367 2.1367 2.1367 2.1367
2.1367 2.1367 2.1367 2.1367 2.1367
0 0 0 0 0
0 0 0 0 0
0 0 0 0 0
0 0 0 0 0
0 0 0 0 0
0 0 0 0 0
0 0 0 0 0
0 0 0 0 0
0 0 0 0 0
0 0 0 0 0
0 0 0 0 0
0 0 0 0 0
0 0 0 0 0
0 0 0 0 0
0 0 0 0 0
0 0 0 0 0
0 0 0 0 0
0 0 0 0 0
0 0 0 0 0
0 0 0 0 0
0 0 0 0 0
0 0 0 0 0
0 0 0 0 0
0 0 0 0 0
0 0 0 0 0
0 0 0 0 0
0 0 0 0 0
0 0 0 0 0
0 0 0 0 0
0 0 0 0 0
0 0 0 0 0
0 0 0 0 0
0 0 0 0 0
0 0 0 0 0
0 0 0 0 0
0 0 0 0 0
0 0 0 0 0
0 0 0 0 0
0 0 0 0 0
0 0 0 0 0
0 0 0 0 0
0 0 0 0 0
0 0 0 0 0
0 0 0 0 0
0 0 0 0 0
0 0 0 0 0
0 0 0 0 0
0 0 0 0 0
1 2 3 4 5
