-0.068345 -0.068345 -0.068345 -0.068345 -0.068345
-0.068345 -0.068345 -0.068345 -0.068345 -0.068345
0.46548 0.46548 0.46548 0.46548 0.46548
0.46548 0.46548 0.46548 0.46548 0.46548
0.48257 0.48257 0.48257 0.48257 0.48257
0.48257 0.48257 0.48257 0.48257 0.48257
0.18051 0.18051 0.18051 0.18051 0.18051
0.18051 0.18051 0.18051 0.18051 0.18051
-0.036622 -0.036622 -0.036622 -0.036622 -0.036622
-0.036622 -0.036622 -0.036622 -0.036622 -0.036622
0 0 0 0 0
0 0 0 0 0
0 0 0 0 0
-0.90597 -0.90597 -0.90597 -0.90597 -0.90597
-0.90597 -0.90597 -0.90597 -0.90597 -0.90597
-1.0747 -1.0747 -1.0747 -1.0747 -1.0747
-1.0747 -1.0747 -1.0747 -1.0747 -1.0747
-0.18849 -0.18849 -0.18849 -0.18849 -0.18849
-0.18849 -0.18849 -0.18849 -0.18849 -0.18849
-0.052382 -0.052382 -0.052382 -0.052382 -0.052382
-0.052382 -0.052382 -0.052382 -0.052382 -0.052382
0 0 0 0 0
-0.15885 -0.15885 -0.15885 -0.15885 -0.15885
-0.15885 -0.15885 -0.15885 -0.15885 -0.15885
-0.28566 -0.28566 -0.28566 -0.28566 -0.28566
-0.28566 -0.28566 -0.28566 -0.28566 -0.28566
-0.20673 -0.20673 -0.20673 -0.20673 -0.20673
-0.20673 -0.20673 -0.20673 -0.20673 -0.20673
-0.48747 -0.48747 -0.48747 -0.48747 -0.48747
-0.48747 -0.48747 -0.48747 -0.48747 -0.48747
-0.10809 -0.10809 -0.10809 -0.10809 -0.10809
-0.10809 -0.10809 -0.10809 -0.10809 -0.10809
0 0 0 0 0
0 0 0 0 0
0 0 0 0 0
-0.84078 -0.84078 -0.84078 -0.84078 -0.84078
-0.84078 -0.84078 -0.84078 -0.84078 -0.84078
-1.0118 -1.0118 -1.0118 -1.0118 -1.0118
-1.0118 -1.0118 -1.0118 -1.0118 -1.0118
-0.42528 -0.42528 -0.42528 -0.42528 -0.42528
-0.42528 -0.42528 -0.42528 -0.42528 -0.42528
-0.10375 -0.10375 -0.10375 -0.10375 -0.10375
-0.10375 -0.10375 -0.10375 -0.10375 -0.10375
0 0 0 0 0
-0.064653 -0.064653 -0.064653 -0.064653 -0.064653
-0.064653 -0.064653 -0.064653 -0.064653 -0.064653
1.4273 1.4273 1.4273 1.4273 1.4273
1.4273 1.4273 1.4273 1.4273 1.4273
-0.44728 -0.44728 -0.44728 -0.44728 -0.44728
-0.44728 -0.44728 -0.44728 -0.44728 -0.44728
-3.2662 -3.2662 -3.2662 -3.2662 -3.2662
-3.2662 -3.2662 -3.2662 -3.2662 -3.2662
-0.29901 -0.29901 -0.29901 -0.29901 -0.29901
-0.29901 -0.29901 -0.29901 -0.29901 -0.29901
0 0 0 0 0
0 0 0 0 0
0 0 0 0 0
1.0597 1.0597 1.0597 1.0597 1.0597
1.0597 1.0597 1.0597 1.0597 1.0597
0.11252 0.11252 0.11252 0.11252 0.11252
0.11252 0.11252 0.11252 0.11252 0.11252
-1.2532 -1.2532 -1.2532 -1.2532 -1.2532
-1.2532 -1.2532 -1.2532 -1.2532 -1.2532
-0.22315 -0.22315 -0.22315 -0.22315 -0.22315
-0.22315 -0.22315 -0.22315 -0.22315 -0.22315
0 0 0 0 0
0 0 0 0 0
0 0 0 0 0
0 0 0 0 0
0 0 0 0 0
-0 -0 -0 -0 -0
0 0 0 0 0
-0 -0 -0 -0 -0
0 0 0 0 0
0 0 0 0 0
0 0 0 0 0
0 0 0 0 0
0 0 0 0 0
0 0 0 0 0
0 0 0 0 0
0 0 0 0 0
0 0 0 0 0
0 0 0 0 0
0 0 0 0 0
0 0 0 0 0
0 0 0 0 0
0 0 0 0 0
0 0 0 0 0
0.11738 0.11738 0.11738 0.11738 0.11738
0.11738 0.11738 0.11738 0.11738 0.11738
0.30606 0.30606 0.30606 0.30606 0.30606
0.30606 0.30606 0.30606 0.30606 0.30606
-0.54105 -0.54105 -0.54105 -0.54105 -0.54105
-0.54105 -0.54105 -0.54105 -0.54105 -0.54105
2.1495 2.1495 2.1495 2.1495 2.1495
2.1495 2.1495 2.1495 2.1495 2.1495
0.1759 0.1759 0.1759 0.1759 0.1759
0.1759 0.1759 0.1759 0.1759 0.1759
0 0 0 0 0
0 0 0 0 0
0 0 0 0 0
-0.73159 -0.73159 -0.73159 -0.73159 -0.73159
-0.73159 -0.73159 -0.73159 -0.73159 -0.73159
-0.55628 -0.55628 -0.55628 -0.55628 -0.55628
-0.55628 -0.55628 -0.55628 -0.55628 -0.55628
0.72459 0.72459 0.72459 0.72459 0.72459
0.72459 0.72459 0.72459 0.72459 0.72459
0.12253 0.12253 0.12253 0.12253 0.12253
0.12253 0.12253 0.12253 0.12253 0.12253
0 0 0 0 0
0 0 0 0 0
0 0 0 0 0
0 0 0 0 0
0 0 0 0 0
-0 -0 -0 -0 -0
0 0 0 0 0
-0 -0 -0 -0 -0
0 0 0 0 0
0 0 0 0 0
0 0 0 0 0
0 0 0 0 0
0 0 0 0 0
0 0 0 0 0
0 0 0 0 0
0 0 0 0 0
0 0 0 0 0
0 0 0 0 0
0 0 0 0 0
0 0 0 0 0
0 0 0 0 0
0 0 0 0 0
0 0 0 0 0
0 0 0 0 0
0 0 0 0 0
0 0 0 0 0
0 0 0 0 0
-0 -0 -0 -0 -0
0 0 0 0 0
-0 -0 -0 -0 -0
0 0 0 0 0
0 0 0 0 0
0 0 0 0 0
0 0 0 0 0
0 0 0 0 0
0 0 0 0 0
0 0 0 0 0
0 0 0 0 0
0 0 0 0 0
0 0 0 0 0
0 0 0 0 0
0 0 0 0 0
0 0 0 0 0
0 0 0 0 0
0 0 0 0 0
0 0 0 0 0
0 0 0 0 0
0 0 0 0 0
0 0 0 0 0
-0 -0 -0 -0 -0
0 0 0 0 0
-0 -0 -0 -0 -0
0 0 0 0 0
0 0 0 0 0
0 0 0 0 0
0 0 0 0 0
0 0 0 0 0
0 0 0 0 0
0 0 0 0 0
0 0 0 0 0
0 0 0 0 0
0 0 0 0 0
0 0 0 0 0
0 0 0 0 0
0 0 0 0 0
0 0 0 0 0
0 0 0 0 0
1 2 3 4 5
