-0.12193 -0.12193 -0.12193 -0.12193 -0.12193
1.8224e-015 1.8224e-015 1.8224e-015 1.8224e-015 1.8224e-015
-0.23631 -0.23631 -0.23631 -0.23631 -0.23631
1.2381 1.2381 1.2381 1.2381 1.2381
0.66109 0.66109 0.66109 0.66109 0.66109
1.2492 1.2492 1.2492 1.2492 1.2492
-0.22356 -0.22356 -0.22356 -0.22356 -0.22356
-0.20105 -0.20105 -0.20105 -0.20105 -0.20105
-0.12325 -0.12325 -0.12325 -0.12325 -0.12325
-0.089519 -0.089519 -0.089519 -0.089519 -0.089519
0 0 0 0 0
0 0 0 0 0
-0.28335 -0.28335 -0.28335 -0.28335 -0.28335
-0.70437 -0.70437 -0.70437 -0.70437 -0.70437
-2.1189 -2.1189 -2.1189 -2.1189 -2.1189
-1.2612 -1.2612 -1.2612 -1.2612 -1.2612
-2.115 -2.115 -2.115 -2.115 -2.115
-0.70374 -0.70374 -0.70374 -0.70374 -0.70374
-0.28491 -0.28491 -0.28491 -0.28491 -0.28491
-0.14097 -0.14097 -0.14097 -0.14097 -0.14097
-0.098688 -0.098688 -0.098688 -0.098688 -0.098688
-0.053018 -0.053018 -0.053018 -0.053018 -0.053018
-0.18896 -0.18896 -0.18896 -0.18896 -0.18896
1.2755e-015 1.2755e-015 1.2755e-015 1.2755e-015 1.2755e-015
-0.69828 -0.69828 -0.69828 -0.69828 -0.69828
-0.58684 -0.58684 -0.58684 -0.58684 -0.58684
-0.3534 -0.3534 -0.3534 -0.3534 -0.3534
-0.5649 -0.5649 -0.5649 -0.5649 -0.5649
-0.68745 -0.68745 -0.68745 -0.68745 -0.68745
-0.34815 -0.34815 -0.34815 -0.34815 -0.34815
-0.18909 -0.18909 -0.18909 -0.18909 -0.18909
-0.13238 -0.13238 -0.13238 -0.13238 -0.13238
0 0 0 0 0
0 0 0 0 0
-0.37007 -0.37007 -0.37007 -0.37007 -0.37007
-0.86824 -0.86824 -0.86824 -0.86824 -0.86824
-2.3068 -2.3068 -2.3068 -2.3068 -2.3068
-1.3186 -1.3186 -1.3186 -1.3186 -1.3186
-2.2995 -2.2995 -2.2995 -2.2995 -2.2995
-0.86785 -0.86785 -0.86785 -0.86785 -0.86785
-0.37133 -0.37133 -0.37133 -0.37133 -0.37133
-0.18843 -0.18843 -0.18843 -0.18843 -0.18843
-0.13286 -0.13286 -0.13286 -0.13286 -0.13286
-0.07186 -0.07186 -0.07186 -0.07186 -0.07186
0.076798 0.076798 0.076798 0.076798 0.076798
-4.539e-016 -4.539e-016 -4.539e-016 -4.539e-016 -4.539e-016
0.89739 0.89739 0.89739 0.89739 0.89739
3.4134 3.4134 3.4134 3.4134 3.4134
0.0040214 0.0040214 0.0040214 0.0040214 0.0040214
-3.3982 -3.3982 -3.3982 -3.3982 -3.3982
-0.87846 -0.87846 -0.87846 -0.87846 -0.87846
-0.22051 -0.22051 -0.22051 -0.22051 -0.22051
-0.078088 -0.078088 -0.078088 -0.078088 -0.078088
-0.043314 -0.043314 -0.043314 -0.043314 -0.043314
0 0 0 0 0
0 0 0 0 0
0.1541 0.1541 0.1541 0.1541 0.1541
0.39674 0.39674 0.39674 0.39674 0.39674
0.64981 0.64981 0.64981 0.64981 0.64981
0.003045 0.003045 0.003045 0.003045 0.003045
-0.61562 -0.61562 -0.61562 -0.61562 -0.61562
-0.37844 -0.37844 -0.37844 -0.37844 -0.37844
-0.1456 -0.1456 -0.1456 -0.1456 -0.1456
-0.060452 -0.060452 -0.060452 -0.060452 -0.060452
-0.03671 -0.03671 -0.03671 -0.03671 -0.03671
-0.015357 -0.015357 -0.015357 -0.015357 -0.015357
0 0 0 0 0
0 0 0 0 0
0 0 0 0 0
0 0 0 0 0
0 0 0 0 0
0 0 0 0 0
0 0 0 0 0
0 0 0 0 0
0 0 0 0 0
0 0 0 0 0
0 0 0 0 0
0 0 0 0 0
0 0 0 0 0
0 0 0 0 0
0 0 0 0 0
0 0 0 0 0
0 0 0 0 0
0 0 0 0 0
0 0 0 0 0
0 0 0 0 0
0 0 0 0 0
0 0 0 0 0
0.00047448 0.00047448 0.00047448 0.00047448 0.00047448
1.6187e-016 1.6187e-016 1.6187e-016 1.6187e-016 1.6187e-016
0.39526 0.39526 0.39526 0.39526 0.39526
0.68455 0.68455 0.68455 0.68455 0.68455
-1.9567 -1.9567 -1.9567 -1.9567 -1.9567
0.67913 0.67913 0.67913 0.67913 0.67913
0.41619 0.41619 0.41619 0.41619 0.41619
0.040749 0.040749 0.040749 0.040749 0.040749
0.00020323 0.00020323 0.00020323 0.00020323 0.00020323
-0.0080699 -0.0080699 -0.0080699 -0.0080699 -0.0080699
0 0 0 0 0
0 0 0 0 0
-0.010463 -0.010463 -0.010463 -0.010463 -0.010463
-0.018167 -0.018167 -0.018167 -0.018167 -0.018167
-0.50728 -0.50728 -0.50728 -0.50728 -0.50728
-0.45409 -0.45409 -0.45409 -0.45409 -0.45409
-0.50866 -0.50866 -0.50866 -0.50866 -0.50866
-0.016176 -0.016176 -0.016176 -0.016176 -0.016176
-0.0093907 -0.0093907 -0.0093907 -0.0093907 -0.0093907
-0.012169 -0.012169 -0.012169 -0.012169 -0.012169
-0.011831 -0.011831 -0.011831 -0.011831 -0.011831
-0.0078907 -0.0078907 -0.0078907 -0.0078907 -0.0078907
0 0 0 0 0
0 0 0 0 0
0 0 0 0 0
0 0 0 0 0
0 0 0 0 0
0 0 0 0 0
0 0 0 0 0
0 0 0 0 0
0 0 0 0 0
0 0 0 0 0
0 0 0 0 0
0 0 0 0 0
0 0 0 0 0
0 0 0 0 0
0 0 0 0 0
0 0 0 0 0
0 0 0 0 0
0 0 0 0 0
0 0 0 0 0
0 0 0 0 0
0 0 0 0 0
0 0 0 0 0
0 0 0 0 0
0 0 0 0 0
0 0 0 0 0
0 0 0 0 0
0 0 0 0 0
0 0 0 0 0
0 0 0 0 0
0 0 0 0 0
0 0 0 0 0
0 0 0 0 0
0 0 0 0 0
0 0 0 0 0
0 0 0 0 0
0 0 0 0 0
0 0 0 0 0
0 0 0 0 0
0 0 0 0 0
0 0 0 0 0
0 0 0 0 0
0 0 0 0 0
0 0 0 0 0
0 0 0 0 0
0 0 0 0 0
0 0 0 0 0
0 0 0 0 0
0 0 0 0 0
0 0 0 0 0
0 0 0 0 0
0 0 0 0 0
0 0 0 0 0
0 0 0 0 0
0 0 0 0 0
0 0 0 0 0
0 0 0 0 0
0 0 0 0 0
0 0 0 0 0
0 0 0 0 0
0 0 0 0 0
0 0 0 0 0
0 0 0 0 0
0 0 0 0 0
0 0 0 0 0
0 0 0 0 0
0 0 0 0 0
1 2 3 4 5
