-0.041999 -0.041999 -0.041999 -0.041999 -0.041999
-0.041999 -0.041999 -0.041999 -0.041999 -0.041999
0.2874 0.2874 0.2874 0.2874 0.2874
0.2874 0.2874 0.2874 0.2874 0.2874
0.49154 0.49154 0.49154 0.49154 0.49154
0.49154 0.49154 0.49154 0.49154 0.49154
0.38619 0.38619 0.38619 0.38619 0.38619
0.38619 0.38619 0.38619 0.38619 0.38619
0 0 0 0 0
0 0 0 0 0
0 0 0 0 0
0 0 0 0 0
0 0 0 0 0
-0.31375 -0.31375 -0.31375 -0.31375 -0.31375
-0.31375 -0.31375 -0.31375 -0.31375 -0.31375
-1.2525 -1.2525 -1.2525 -1.2525 -1.2525
-1.2525 -1.2525 -1.2525 -1.2525 -1.2525
-0.59109 -0.59109 -0.59109 -0.59109 -0.59109
-0.59109 -0.59109 -0.59109 -0.59109 -0.59109
-0.095974 -0.095974 -0.095974 -0.095974 -0.095974
-0.095974 -0.095974 -0.095974 -0.095974 -0.095974
0 0 0 0 0
-0.10423 -0.10423 -0.10423 -0.10423 -0.10423
-0.10423 -0.10423 -0.10423 -0.10423 -0.10423
-0.39449 -0.39449 -0.39449 -0.39449 -0.39449
-0.39449 -0.39449 -0.39449 -0.39449 -0.39449
-0.21537 -0.21537 -0.21537 -0.21537 -0.21537
-0.21537 -0.21537 -0.21537 -0.21537 -0.21537
-0.34266 -0.34266 -0.34266 -0.34266 -0.34266
-0.34266 -0.34266 -0.34266 -0.34266 -0.34266
0 0 0 0 0
0 0 0 0 0
0 0 0 0 0
0 0 0 0 0
0 0 0 0 0
-0.48104 -0.48104 -0.48104 -0.48104 -0.48104
-0.48104 -0.48104 -0.48104 -0.48104 -0.48104
-1.123 -1.123 -1.123 -1.123 -1.123
-1.123 -1.123 -1.123 -1.123 -1.123
-0.64534 -0.64534 -0.64534 -0.64534 -0.64534
-0.64534 -0.64534 -0.64534 -0.64534 -0.64534
-0.13054 -0.13054 -0.13054 -0.13054 -0.13054
-0.13054 -0.13054 -0.13054 -0.13054 -0.13054
0 0 0 0 0
0.23263 0.23263 0.23263 0.23263 0.23263
0.23263 0.23263 0.23263 0.23263 0.23263
3.0002 3.0002 3.0002 3.0002 3.0002
3.0002 3.0002 3.0002 3.0002 3.0002
0.069729 0.069729 0.069729 0.069729 0.069729
0.069729 0.069729 0.069729 0.069729 0.069729
-1.9511 -1.9511 -1.9511 -1.9511 -1.9511
-1.9511 -1.9511 -1.9511 -1.9511 -1.9511
0 0 0 0 0
0 0 0 0 0
0 0 0 0 0
0 0 0 0 0
0 0 0 0 0
1.0008 1.0008 1.0008 1.0008 1.0008
1.0008 1.0008 1.0008 1.0008 1.0008
-0.18707 -0.18707 -0.18707 -0.18707 -0.18707
-0.18707 -0.18707 -0.18707 -0.18707 -0.18707
-0.89121 -0.89121 -0.89121 -0.89121 -0.89121
-0.89121 -0.89121 -0.89121 -0.89121 -0.89121
-0.14184 -0.14184 -0.14184 -0.14184 -0.14184
-0.14184 -0.14184 -0.14184 -0.14184 -0.14184
0 0 0 0 0
0 0 0 0 0
0 0 0 0 0
0 0 0 0 0
-0 -0 -0 -0 -0
-0 -0 -0 -0 -0
0 0 0 0 0
0 0 0 0 0
0 0 0 0 0
0 0 0 0 0
0 0 0 0 0
0 0 0 0 0
0 0 0 0 0
0 0 0 0 0
0 0 0 0 0
0 0 0 0 0
-0 -0 -0 -0 -0
0 0 0 0 0
0 0 0 0 0
0 0 0 0 0
0 0 0 0 0
0 0 0 0 0
0 0 0 0 0
0.049369 0.049369 0.049369 0.049369 0.049369
0.049369 0.049369 0.049369 0.049369 0.049369
0.94602 0.94602 0.94602 0.94602 0.94602
0.94602 0.94602 0.94602 0.94602 0.94602
-0.33828 -0.33828 -0.33828 -0.33828 -0.33828
-0.33828 -0.33828 -0.33828 -0.33828 -0.33828
0.46963 0.46963 0.46963 0.46963 0.46963
0.46963 0.46963 0.46963 0.46963 0.46963
0 0 0 0 0
0 0 0 0 0
0 0 0 0 0
0 0 0 0 0
0 0 0 0 0
0.14126 0.14126 0.14126 0.14126 0.14126
0.14126 0.14126 0.14126 0.14126 0.14126
-0.57986 -0.57986 -0.57986 -0.57986 -0.57986
-0.57986 -0.57986 -0.57986 -0.57986 -0.57986
-0.23505 -0.23505 -0.23505 -0.23505 -0.23505
-0.23505 -0.23505 -0.23505 -0.23505 -0.23505
-0.024529 -0.024529 -0.024529 -0.024529 -0.024529
-0.024529 -0.024529 -0.024529 -0.024529 -0.024529
0 0 0 0 0
0 0 0 0 0
0 0 0 0 0
0 0 0 0 0
-0 -0 -0 -0 -0
-0 -0 -0 -0 -0
0 0 0 0 0
0 0 0 0 0
0 0 0 0 0
0 0 0 0 0
0 0 0 0 0
0 0 0 0 0
0 0 0 0 0
0 0 0 0 0
0 0 0 0 0
0 0 0 0 0
-0 -0 -0 -0 -0
0 0 0 0 0
0 0 0 0 0
0 0 0 0 0
0 0 0 0 0
0 0 0 0 0
0 0 0 0 0
0 0 0 0 0
0 0 0 0 0
0 0 0 0 0
-0 -0 -0 -0 -0
-0 -0 -0 -0 -0
0 0 0 0 0
0 0 0 0 0
0 0 0 0 0
0 0 0 0 0
0 0 0 0 0
0 0 0 0 0
0 0 0 0 0
0 0 0 0 0
0 0 0 0 0
0 0 0 0 0
-0 -0 -0 -0 -0
0 0 0 0 0
0 0 0 0 0
0 0 0 0 0
0 0 0 0 0
0 0 0 0 0
0 0 0 0 0
0 0 0 0 0
0 0 0 0 0
0 0 0 0 0
-0 -0 -0 -0 -0
-0 -0 -0 -0 -0
0 0 0 0 0
0 0 0 0 0
0 0 0 0 0
0 0 0 0 0
0 0 0 0 0
0 0 0 0 0
0 0 0 0 0
0 0 0 0 0
0 0 0 0 0
0 0 0 0 0
-0 -0 -0 -0 -0
0 0 0 0 0
0 0 0 0 0
0 0 0 0 0
0 0 0 0 0
0 0 0 0 0
0 0 0 0 0
1 2 3 4 5
