-0.041238 -0.041238 -0.041238 -0.041238 -0.041238
-0.041238 -0.041238 -0.041238 -0.041238 -0.041238
0.291 0.291 0.291 0.291 0.291
0.291 0.291 0.291 0.291 0.291
0.49226 0.49226 0.49226 0.49226 0.49226
0.49226 0.49226 0.49226 0.49226 0.49226
0.39147 0.39147 0.39147 0.39147 0.39147
0.39147 0.39147 0.39147 0.39147 0.39147
-0.06872 -0.06872 -0.06872 -0.06872 -0.06872
-0.06872 -0.06872 -0.06872 -0.06872 -0.06872
-0.016479 -0.016479 -0.016479 -0.016479 -0.016479
-0.062813 -0.062813 -0.062813 -0.062813 -0.062813
-0.062813 -0.062813 -0.062813 -0.062813 -0.062813
-0.31044 -0.31044 -0.31044 -0.31044 -0.31044
-0.31044 -0.31044 -0.31044 -0.31044 -0.31044
-1.2457 -1.2457 -1.2457 -1.2457 -1.2457
-1.2457 -1.2457 -1.2457 -1.2457 -1.2457
-0.58634 -0.58634 -0.58634 -0.58634 -0.58634
-0.58634 -0.58634 -0.58634 -0.58634 -0.58634
-0.094972 -0.094972 -0.094972 -0.094972 -0.094972
-0.094972 -0.094972 -0.094972 -0.094972 -0.094972
-0.018837 -0.018837 -0.018837 -0.018837 -0.018837
-0.10293 -0.10293 -0.10293 -0.10293 -0.10293
-0.10293 -0.10293 -0.10293 -0.10293 -0.10293
-0.38851 -0.38851 -0.38851 -0.38851 -0.38851
-0.38851 -0.38851 -0.38851 -0.38851 -0.38851
-0.21409 -0.21409 -0.21409 -0.21409 -0.21409
-0.21409 -0.21409 -0.21409 -0.21409 -0.21409
-0.33296 -0.33296 -0.33296 -0.33296 -0.33296
-0.33296 -0.33296 -0.33296 -0.33296 -0.33296
-0.12727 -0.12727 -0.12727 -0.12727 -0.12727
-0.12727 -0.12727 -0.12727 -0.12727 -0.12727
-0.02479 -0.02479 -0.02479 -0.02479 -0.02479
-0.10376 -0.10376 -0.10376 -0.10376 -0.10376
-0.10376 -0.10376 -0.10376 -0.10376 -0.10376
-0.47538 -0.47538 -0.47538 -0.47538 -0.47538
-0.47538 -0.47538 -0.47538 -0.47538 -0.47538
-1.1111 -1.1111 -1.1111 -1.1111 -1.1111
-1.1111 -1.1111 -1.1111 -1.1111 -1.1111
-0.63686 -0.63686 -0.63686 -0.63686 -0.63686
-0.63686 -0.63686 -0.63686 -0.63686 -0.63686
-0.12875 -0.12875 -0.12875 -0.12875 -0.12875
-0.12875 -0.12875 -0.12875 -0.12875 -0.12875
-0.02519 -0.02519 -0.02519 -0.02519 -0.02519
0.23208 0.23208 0.23208 0.23208 0.23208
0.23208 0.23208 0.23208 0.23208 0.23208
2.9915 2.9915 2.9915 2.9915 2.9915
2.9915 2.9915 2.9915 2.9915 2.9915
0.07038 0.07038 0.07038 0.07038 0.07038
0.07038 0.07038 0.07038 0.07038 0.07038
-1.9384 -1.9384 -1.9384 -1.9384 -1.9384
-1.9384 -1.9384 -1.9384 -1.9384 -1.9384
-0.17151 -0.17151 -0.17151 -0.17151 -0.17151
-0.17151 -0.17151 -0.17151 -0.17151 -0.17151
-0.021865 -0.021865 -0.021865 -0.021865 -0.021865
0.16872 0.16872 0.16872 0.16872 0.16872
0.16872 0.16872 0.16872 0.16872 0.16872
0.99816 0.99816 0.99816 0.99816 0.99816
0.99816 0.99816 0.99816 0.99816 0.99816
-0.18541 -0.18541 -0.18541 -0.18541 -0.18541
-0.18541 -0.18541 -0.18541 -0.18541 -0.18541
-0.88611 -0.88611 -0.88611 -0.88611 -0.88611
-0.88611 -0.88611 -0.88611 -0.88611 -0.88611
-0.14087 -0.14087 -0.14087 -0.14087 -0.14087
-0.14087 -0.14087 -0.14087 -0.14087 -0.14087
-0.020015 -0.020015 -0.020015 -0.020015 -0.020015
0 0 0 0 0
0 0 0 0 0
0 0 0 0 0
-0 -0 -0 -0 -0
-0 -0 -0 -0 -0
0 0 0 0 0
0 0 0 0 0
0 0 0 0 0
0 0 0 0 0
0 0 0 0 0
0 0 0 0 0
0 0 0 0 0
0 0 0 0 0
0 0 0 0 0
0 0 0 0 0
-0 -0 -0 -0 -0
0 0 0 0 0
0 0 0 0 0
0 0 0 0 0
0 0 0 0 0
0 0 0 0 0
0 0 0 0 0
0.049217 0.049217 0.049217 0.049217 0.049217
0.049217 0.049217 0.049217 0.049217 0.049217
0.94474 0.94474 0.94474 0.94474 0.94474
0.94474 0.94474 0.94474 0.94474 0.94474
-0.33831 -0.33831 -0.33831 -0.33831 -0.33831
-0.33831 -0.33831 -0.33831 -0.33831 -0.33831
0.47006 0.47006 0.47006 0.47006 0.47006
0.47006 0.47006 0.47006 0.47006 0.47006
-0.0056325 -0.0056325 -0.0056325 -0.0056325 -0.0056325
-0.0056325 -0.0056325 -0.0056325 -0.0056325 -0.0056325
-0.0041009 -0.0041009 -0.0041009 -0.0041009 -0.0041009
0.023931 0.023931 0.023931 0.023931 0.023931
0.023931 0.023931 0.023931 0.023931 0.023931
0.14058 0.14058 0.14058 0.14058 0.14058
0.14058 0.14058 0.14058 0.14058 0.14058
-0.58061 -0.58061 -0.58061 -0.58061 -0.58061
-0.58061 -0.58061 -0.58061 -0.58061 -0.58061
-0.23521 -0.23521 -0.23521 -0.23521 -0.23521
-0.23521 -0.23521 -0.23521 -0.23521 -0.23521
-0.024575 -0.024575 -0.024575 -0.024575 -0.024575
-0.024575 -0.024575 -0.024575 -0.024575 -0.024575
-0.0054229 -0.0054229 -0.0054229 -0.0054229 -0.0054229
0 0 0 0 0
0 0 0 0 0
0 0 0 0 0
-0 -0 -0 -0 -0
-0 -0 -0 -0 -0
0 0 0 0 0
0 0 0 0 0
0 0 0 0 0
0 0 0 0 0
0 0 0 0 0
0 0 0 0 0
0 0 0 0 0
0 0 0 0 0
0 0 0 0 0
0 0 0 0 0
-0 -0 -0 -0 -0
0 0 0 0 0
0 0 0 0 0
0 0 0 0 0
0 0 0 0 0
0 0 0 0 0
0 0 0 0 0
0 0 0 0 0
0 0 0 0 0
0 0 0 0 0
-0 -0 -0 -0 -0
-0 -0 -0 -0 -0
0 0 0 0 0
0 0 0 0 0
0 0 0 0 0
0 0 0 0 0
0 0 0 0 0
0 0 0 0 0
0 0 0 0 0
0 0 0 0 0
0 0 0 0 0
0 0 0 0 0
-0 -0 -0 -0 -0
0 0 0 0 0
0 0 0 0 0
0 0 0 0 0
0 0 0 0 0
0 0 0 0 0
0 0 0 0 0
0 0 0 0 0
0 0 0 0 0
0 0 0 0 0
-0 -0 -0 -0 -0
-0 -0 -0 -0 -0
0 0 0 0 0
0 0 0 0 0
0 0 0 0 0
0 0 0 0 0
0 0 0 0 0
0 0 0 0 0
0 0 0 0 0
0 0 0 0 0
0 0 0 0 0
0 0 0 0 0
-0 -0 -0 -0 -0
0 0 0 0 0
0 0 0 0 0
0 0 0 0 0
0 0 0 0 0
0 0 0 0 0
0 0 0 0 0
1 2 3 4 5
