-0.066865 -0.066865 -0.066865 -0.066865 -0.066865
-0.066865 -0.066865 -0.066865 -0.066865 -0.066865
0.47054 0.47054 0.47054 0.47054 0.47054
0.47054 0.47054 0.47054 0.47054 0.47054
0.48128 0.48128 0.48128 0.48128 0.48128
0.48128 0.48128 0.48128 0.48128 0.48128
0.18382 0.18382 0.18382 0.18382 0.18382
0.18382 0.18382 0.18382 0.18382 0.18382
-0.035834 -0.035834 -0.035834 -0.035834 -0.035834
-0.035834 -0.035834 -0.035834 -0.035834 -0.035834
-0.010935 -0.010935 -0.010935 -0.010935 -0.010935
-0.1139 -0.1139 -0.1139 -0.1139 -0.1139
-0.1139 -0.1139 -0.1139 -0.1139 -0.1139
-0.89859 -0.89859 -0.89859 -0.89859 -0.89859
-0.89859 -0.89859 -0.89859 -0.89859 -0.89859
-1.0671 -1.0671 -1.0671 -1.0671 -1.0671
-1.0671 -1.0671 -1.0671 -1.0671 -1.0671
-0.18539 -0.18539 -0.18539 -0.18539 -0.18539
-0.18539 -0.18539 -0.18539 -0.18539 -0.18539
-0.051614 -0.051614 -0.051614 -0.051614 -0.051614
-0.051614 -0.051614 -0.051614 -0.051614 -0.051614
-0.012691 -0.012691 -0.012691 -0.012691 -0.012691
-0.1568 -0.1568 -0.1568 -0.1568 -0.1568
-0.1568 -0.1568 -0.1568 -0.1568 -0.1568
-0.27866 -0.27866 -0.27866 -0.27866 -0.27866
-0.27866 -0.27866 -0.27866 -0.27866 -0.27866
-0.2085 -0.2085 -0.2085 -0.2085 -0.2085
-0.2085 -0.2085 -0.2085 -0.2085 -0.2085
-0.48284 -0.48284 -0.48284 -0.48284 -0.48284
-0.48284 -0.48284 -0.48284 -0.48284 -0.48284
-0.10699 -0.10699 -0.10699 -0.10699 -0.10699
-0.10699 -0.10699 -0.10699 -0.10699 -0.10699
-0.022066 -0.022066 -0.022066 -0.022066 -0.022066
-0.15729 -0.15729 -0.15729 -0.15729 -0.15729
-0.15729 -0.15729 -0.15729 -0.15729 -0.15729
-0.83056 -0.83056 -0.83056 -0.83056 -0.83056
-0.83056 -0.83056 -0.83056 -0.83056 -0.83056
-1.0013 -1.0013 -1.0013 -1.0013 -1.0013
-1.0013 -1.0013 -1.0013 -1.0013 -1.0013
-0.42097 -0.42097 -0.42097 -0.42097 -0.42097
-0.42097 -0.42097 -0.42097 -0.42097 -0.42097
-0.10268 -0.10268 -0.10268 -0.10268 -0.10268
-0.10268 -0.10268 -0.10268 -0.10268 -0.10268
-0.022016 -0.022016 -0.022016 -0.022016 -0.022016
-0.064785 -0.064785 -0.064785 -0.064785 -0.064785
-0.064785 -0.064785 -0.064785 -0.064785 -0.064785
1.4267 1.4267 1.4267 1.4267 1.4267
1.4267 1.4267 1.4267 1.4267 1.4267
-0.44704 -0.44704 -0.44704 -0.44704 -0.44704
-0.44704 -0.44704 -0.44704 -0.44704 -0.44704
-3.2662 -3.2662 -3.2662 -3.2662 -3.2662
-3.2662 -3.2662 -3.2662 -3.2662 -3.2662
-0.29905 -0.29905 -0.29905 -0.29905 -0.29905
-0.29905 -0.29905 -0.29905 -0.29905 -0.29905
-0.039741 -0.039741 -0.039741 -0.039741 -0.039741
0.01501 0.01501 0.01501 0.01501 0.01501
0.01501 0.01501 0.01501 0.01501 0.01501
1.0589 1.0589 1.0589 1.0589 1.0589
1.0589 1.0589 1.0589 1.0589 1.0589
0.11184 0.11184 0.11184 0.11184 0.11184
0.11184 0.11184 0.11184 0.11184 0.11184
-1.2534 -1.2534 -1.2534 -1.2534 -1.2534
-1.2534 -1.2534 -1.2534 -1.2534 -1.2534
-0.2232 -0.2232 -0.2232 -0.2232 -0.2232
-0.2232 -0.2232 -0.2232 -0.2232 -0.2232
-0.034427 -0.034427 -0.034427 -0.034427 -0.034427
0 0 0 0 0
0 0 0 0 0
0 0 0 0 0
0 0 0 0 0
-0 -0 -0 -0 -0
0 0 0 0 0
-0 -0 -0 -0 -0
0 0 0 0 0
0 0 0 0 0
0 0 0 0 0
0 0 0 0 0
0 0 0 0 0
0 0 0 0 0
0 0 0 0 0
0 0 0 0 0
0 0 0 0 0
0 0 0 0 0
0 0 0 0 0
0 0 0 0 0
0 0 0 0 0
0 0 0 0 0
0 0 0 0 0
0.1171 0.1171 0.1171 0.1171 0.1171
0.1171 0.1171 0.1171 0.1171 0.1171
0.30521 0.30521 0.30521 0.30521 0.30521
0.30521 0.30521 0.30521 0.30521 0.30521
-0.54087 -0.54087 -0.54087 -0.54087 -0.54087
-0.54087 -0.54087 -0.54087 -0.54087 -0.54087
2.1488 2.1488 2.1488 2.1488 2.1488
2.1488 2.1488 2.1488 2.1488 2.1488
0.17575 0.17575 0.17575 0.17575 0.17575
0.17575 0.17575 0.17575 0.17575 0.17575
0.021244 0.021244 0.021244 0.021244 0.021244
0.018674 0.018674 0.018674 0.018674 0.018674
0.018674 0.018674 0.018674 0.018674 0.018674
-0.73289 -0.73289 -0.73289 -0.73289 -0.73289
-0.73289 -0.73289 -0.73289 -0.73289 -0.73289
-0.55767 -0.55767 -0.55767 -0.55767 -0.55767
-0.55767 -0.55767 -0.55767 -0.55767 -0.55767
0.72397 0.72397 0.72397 0.72397 0.72397
0.72397 0.72397 0.72397 0.72397 0.72397
0.12238 0.12238 0.12238 0.12238 0.12238
0.12238 0.12238 0.12238 0.12238 0.12238
0.017413 0.017413 0.017413 0.017413 0.017413
0 0 0 0 0
0 0 0 0 0
0 0 0 0 0
0 0 0 0 0
-0 -0 -0 -0 -0
0 0 0 0 0
-0 -0 -0 -0 -0
0 0 0 0 0
0 0 0 0 0
0 0 0 0 0
0 0 0 0 0
0 0 0 0 0
0 0 0 0 0
0 0 0 0 0
0 0 0 0 0
0 0 0 0 0
0 0 0 0 0
0 0 0 0 0
0 0 0 0 0
0 0 0 0 0
0 0 0 0 0
0 0 0 0 0
0 0 0 0 0
0 0 0 0 0
0 0 0 0 0
0 0 0 0 0
-0 -0 -0 -0 -0
0 0 0 0 0
-0 -0 -0 -0 -0
0 0 0 0 0
0 0 0 0 0
0 0 0 0 0
0 0 0 0 0
0 0 0 0 0
0 0 0 0 0
0 0 0 0 0
0 0 0 0 0
0 0 0 0 0
0 0 0 0 0
0 0 0 0 0
0 0 0 0 0
0 0 0 0 0
0 0 0 0 0
0 0 0 0 0
0 0 0 0 0
0 0 0 0 0
0 0 0 0 0
0 0 0 0 0
-0 -0 -0 -0 -0
0 0 0 0 0
-0 -0 -0 -0 -0
0 0 0 0 0
0 0 0 0 0
0 0 0 0 0
0 0 0 0 0
0 0 0 0 0
0 0 0 0 0
0 0 0 0 0
0 0 0 0 0
0 0 0 0 0
0 0 0 0 0
0 0 0 0 0
0 0 0 0 0
0 0 0 0 0
0 0 0 0 0
0 0 0 0 0
1 2 3 4 5
